k                         CCL nl error             
5.66294624707e-06         -9.78438859914e-06       
7.12922693606e-06         -7.86509355058e-06       
8.97516495625e-06         -4.81733803222e-06       
1.12990632385e-05         -5.13953653086e-08       
1.42246778404e-05         2.69984033972e-07        
1.79078084078e-05         2.66431430152e-07        
2.25445950742e-05         2.70879071495e-07        
2.83819636375e-05         2.69627416069e-07        
3.57307752598e-05         2.69988353267e-07        
4.49823809577e-05         2.69078673834e-07        
5.66294624707e-05         2.69882113564e-07        
7.12922693606e-05         2.69882846568e-07        
8.97516495625e-05         2.69890305158e-07        
0.000112990632385         2.69933459762e-07        
0.000142246778404         2.69922675654e-07        
0.000179078084078         2.69984533989e-07        
0.000225445950742         2.70050514615e-07        
0.000283819636375         2.70100363151e-07        
0.000357307752598         2.70100866349e-07        
0.000449823809577         2.70015858466e-07        
0.000566294624707         2.699644135e-07          
0.000712922693606         2.70222155174e-07        
0.000897516495625         2.6934730902e-07         
0.00112990632385          2.66844234345e-07        
0.00142246778404          2.63398976346e-07        
0.00179078084078          2.6388073985e-07         
0.00225445950742          2.72109317242e-07        
0.00283819636375          2.55504142689e-07        
0.00357307752598          -0.000675373933523       
0.00449823809577          -0.000834380894012       
0.00566294624707          -0.0010224204849         
0.00712922693606          -0.00123919177386        
0.00897516495625          -0.00147450487201        
0.01129906323             -0.00169942173683        
0.0142246661894           -0.00184589617281        
0.0179051831194           -0.00177302857583        
0.0224110972169           -0.00127462946663        
0.0267321783032           -0.000433729937815       
0.0298266993878           0.000336520813734        
0.0322870303817           0.00104158613243         
0.0344416996097           0.00173449428141         
0.0364292361525           0.00244912132114         
0.0383195291296           0.00320596747227         
0.0401530767099           0.00402180888372         
0.0419558115285           0.00490267101448         
0.043745647375            0.00585856564142         
0.0455357311507           0.0068890613601          
0.0473362085796           0.00799157987178         
0.0491552515197           0.00915731876764         
0.0509996894418           0.0103747460719          
0.0528754152941           0.011630231118           
0.0547876560916           0.0129112700148          
0.0567411588645           0.0142119894887          
0.0587403216717           0.0155315536666          
0.060789287807            0.0168818995862          
0.0628920146395           0.0182848042574          
0.0650523245363           0.019771877101           
0.0672739428532           0.0213818309572          
0.0695605264213           0.0231541281076          
0.0719156849541           0.0251221911561          
0.0743429971414           0.0273087208905          
0.0768460227597           0.0297124189015          
0.0794283118387           0.0323123498669          
0.0820934117289           0.0350677065089          
0.0848448727909           0.0379232632322          
0.0876862533388           0.040830833411           
0.090621124422            0.0437780626278          
0.0936530749919           0.0467869755103          
0.0967857179824           0.0499234421142          
0.100022697816            0.0532837202495          
0.103367699846            0.0569582369229          
0.106824462227            0.0610117985715          
0.110396790716            0.065439240496           
0.114088576904            0.0702117700007          
0.117903820365            0.075218193092           
0.121846655261            0.0803513594662          
0.125921381927            0.0856571996092          
0.130132504052            0.0912042091753          
0.134484772111            0.0971133066301          
0.138983233831            0.103515819384           
0.143633292656            0.110430540477           
0.148440775341            0.117736534363           
0.153412010176            0.125426998001           
0.158553917682            0.133557681817           
0.163874116187            0.142087393684           
0.169381045383            0.151097933829           
0.175084111892            0.160782443613           
0.180993862113            0.171061911068           
0.187122189278            0.181981774525           
0.193482583873            0.193587667248           
0.20009043965             0.205861373038           
0.206963431703            0.219005452408           
0.214121988994            0.232970192115           
0.22158989226             0.247986348341           
0.229395040479            0.263996563064           
0.237570447282            0.281182142047           
0.246155556045            0.299652047124           
0.255198004484            0.319674212636           
0.264756035908            0.341243321054           
0.274901861508            0.364788288474           
0.285726456686            0.390543685327           
0.297346581671            0.418849414174           
0.309915365237            0.450300054603           
0.323638811248            0.485593515238           
0.338802580059            0.525708222465           
0.355817499907            0.572079670435           
0.375301244496            0.626926979759           
0.398234642229            0.693783158011           
0.426283860573            0.778686672537           
0.462519333761            0.893163649524           
0.513114993274            1.06160951758            
0.590986560213            1.33897174146            
0.71713016283             1.8279958852             
0.898820333355            2.60229489888            
1.13142626636             3.68154300056            
1.42438051008             5.12980552687            
1.79318881943             7.01993676297            
2.25749097293             9.4073992299             
2.84201275272             12.3138356586            
3.57788207504             15.7131150866            
4.50428666467             19.5267732392            
5.67056094416             23.6297120296            
