k                         CCL nl error             
8.05675825708e-06         -7.00454472398e-06       
1.01428577065e-05         -5.42685051717e-06       
1.27691013149e-05         -3.70115909231e-06       
1.60753461312e-05         -9.37920886637e-08       
2.02376617479e-05         1.4109485311e-07         
2.54777066497e-05         1.41173729249e-07        
3.20745323356e-05         1.42279106263e-07        
4.03794438287e-05         1.42074991366e-07        
5.083470795e-05           1.42170257361e-07        
6.39971056394e-05         1.42208801214e-07        
8.05675825708e-05         1.42442440942e-07        
0.000101428577065         1.42395346665e-07        
0.000127691013149         1.42482789899e-07        
0.000160753461312         1.42539111449e-07        
0.000202376617479         1.4242900254e-07         
0.000254777066497         1.42607799758e-07        
0.000320745323356         1.4242320496e-07         
0.000403794438287         1.42597098215e-07        
0.0005083470795           1.42665128669e-07        
0.000639971056394         1.42361944572e-07        
0.000805675825708         1.43052466358e-07        
0.00101428577065          1.42483831506e-07        
0.00127691013149          1.42513660818e-07        
0.00160753461312          1.44577438053e-07        
0.00202376617479          1.42149686612e-07        
0.00254777066497          1.64513467446e-07        
0.00320745323356          1.23035345027e-07        
0.00403794438287          -0.00232659422728        
0.005083470795            -0.00291103833365        
0.00639971056394          -0.00364738326307        
0.00805675825708          -0.00455420583059        
0.0101428577065           -0.00566762464867        
0.0127691013143           -0.00701229070702        
0.0160753443189           -0.0085834920255         
0.0202369679981           -0.0102811106941         
0.0254229079162           -0.011838741047          
0.0310041709723           -0.0127904872427         
0.0351650551396           -0.0131231441592         
0.0383337823574           -0.0132321808439         
0.0410431472634           -0.013239228396          
0.0435095019736           -0.0131552831922         
0.045836278657            -0.0129697750813         
0.048081149951            -0.0126605710865         
0.0502800192108           -0.0121965265502         
0.0524571522282           -0.0115544661817         
0.0546300449733           -0.0106997002974         
0.0568120002347           -0.00961231804985        
0.0590135971414           -0.00827097108902        
0.0612435801362           -0.00667342670002        
0.0635094229346           -0.00482990687296        
0.0658177004951           -0.00276562619497        
0.0681743423733           -0.000532670565672       
0.0705848099287           0.00180034525839         
0.0730542229926           0.00416196682583         
0.0755874520039           0.00647874005109         
0.0781891859307           0.00871697086645         
0.0808639828268           0.0108742891235          
0.0836163076939           0.0130173907019          
0.0864505609214           0.0152580072075          
0.0893710996674           0.0177643189672          
0.0923822539381           0.02072226396            
0.0954883387243           0.024325898357           
0.0986936632878           0.0287288826711          
0.10200253851             0.0340072221913          
0.105419283102            0.0401178543588          
0.108948229403            0.0468706006578          
0.11259372944             0.0539208098057          
0.116360161894            0.0608651915516          
0.120251940612            0.0673755516891          
0.124273525272            0.0733782411707          
0.12842943481             0.0791652378693          
0.13272426422             0.0852905872156          
0.137162705322            0.092479011292           
0.141749572115            0.101380748614           
0.146489831318            0.112268152333           
0.151388638773            0.12479767613            
0.156451382387            0.13809760233            
0.161683732413            0.151204378034           
0.167091699961            0.163443143012           
0.172681704826            0.175011999765           
0.178460653944            0.187029148246           
0.184436032145            0.201010558765           
0.190616007286            0.217889546011           
0.197009552464            0.237390272238           
0.203626588782            0.258105191939           
0.210478153172            0.278333962779           
0.217576597157            0.297811738422           
0.22493582427             0.318099359402           
0.23257157632             0.341235489579           
0.240501782037            0.368078209106           
0.248746986323            0.397247498967           
0.257330884751            0.426893807572           
0.26628099723             0.456791839937           
0.275629527977            0.489220965692           
0.285414478471            0.525912812308           
0.295681109184            0.5661713179             
0.306483890491            0.608373459954           
0.317889152776            0.653222051071           
0.329978757477            0.702899628087           
0.342855295038            0.758320408432           
0.356649629377            0.818449020312           
0.371532161635            0.884737209213           
0.387730201573            0.960049829959           
0.405555786259            1.044880783              
0.425452234159            1.14250894056            
0.448076194974            1.25742865165            
0.474451367415            1.39575761469            
0.506277746245            1.568988315              
0.546604891675            1.79751574413            
0.601404631375            2.12228364359            
0.683179086284            2.63306281771            
0.815375651701            3.50846751548            
1.01602814312             4.90745030133            
1.27858355848             6.77452821423            
1.60963585046             9.06406617065            
2.02641146572             11.7206906161            
2.55110088895             14.6396516892            
3.21164573714             17.7045832884            
4.04322243217             20.8360575748            
5.0901154654              23.9957359167            
6.40807570835             27.1859785228            
8.06728934995             30.4356131112            
10.1561155669             33.7956256269            
