k                         CCL nl error             
7.56108170847e-06         -7.37867518799e-06       
9.51883790344e-06         -6.03612648182e-06       
1.19835069274e-05         -3.96450666935e-06       
1.50863413933e-05         -5.81847600268e-07       
1.8992578551e-05          -3.49016971945e-07       
2.39102397734e-05         -3.45282848088e-07       
3.01012084528e-05         -3.46617345774e-07       
3.7895176247e-05          -3.46976359506e-07       
4.77072003618e-05         -3.46937044232e-07       
6.0059806861e-05          -3.47404894925e-07       
7.56108170847e-05         -3.47134629309e-07       
9.51883790344e-05         -3.4707437352e-07        
0.000119835069274         -3.47053950556e-07       
0.000150863413933         -3.47076266731e-07       
0.00018992578551          -3.46904225746e-07       
0.000239102397734         -3.46842964465e-07       
0.000301012084528         -3.46754013567e-07       
0.00037895176247          -3.46016280328e-07       
0.000477072003618         -3.45456189178e-07       
0.00060059806861          -3.4496739486e-07        
0.000756108170847         -3.44151320186e-07       
0.000951883790344         -3.45355074411e-07       
0.00119835069274          -3.51182074599e-07       
0.00150863413933          -3.55798139535e-07       
0.0018992578551           -3.59182320637e-07       
0.00239102397734          -3.60646307891e-07       
0.00301012084528          -3.6957513596e-07        
0.0037895176247           -0.00071688695215        
0.00477072003618          -0.000894525266171       
0.0060059806861           -0.00111478688653        
0.00756108170847          -0.00138169756901        
0.00951883790344          -0.0017063782728         
0.0119835069268           -0.00208920558429        
0.015086339874            -0.00251471582232        
0.0189919793908           -0.00292305915268        
0.0238617443666           -0.00317722300675        
0.0291305510498           -0.0031460658576         
0.0330740323146           -0.00299201043554        
0.0360699143869           -0.0028393728459         
0.0386277809023           -0.00268853736924        
0.0409543925815           -0.00252351543956        
0.0431482934502           -0.00232719723907        
0.045264309008            -0.00208207996283        
0.0473365152837           -0.00177142613408        
0.0493879146165           -0.00137959876256        
0.0514350755107           -0.000893750945577       
0.0534905851009           -0.000304299354638       
0.0555644462776           0.000391685705109        
0.0576649221035           0.00119113215026         
0.0597990711124           0.00208121619477         
0.0619731001635           0.00303982305814         
0.0641926046555           0.00403903438131         
0.0664627364725           0.00504477562554         
0.0687883239935           0.00601956186647         
0.0711739593611           0.00694576484715         
0.0736240628027           0.00780953313091         
0.076142930501            0.0086334824815          
0.078734770441            0.00945697728325         
0.0814037293364           0.0103447308621          
0.0841539128722           0.0113787671848          
0.0869894009271           0.0126433583699          
0.0899142590634           0.0142122217513          
0.0929325473133           0.0161307686419          
0.0960483271278           0.0183954491544          
0.0992656672407           0.0209399637949          
0.102588649131            0.0236402911064          
0.106021372723            0.0263335875276          
0.109567962932            0.0288739037703          
0.113232577654            0.0311862638705          
0.117019417769            0.0333283031563          
0.120932739749            0.0354942517744          
0.124976871424            0.0379536284267          
0.129156231481            0.0409635044395          
0.13347535327             0.0446969947315          
0.137938913493            0.0491288735907          
0.142551766396            0.0539988244408          
0.147318984123            0.0589164287684          
0.152245903959            0.0635856127182          
0.15733818332             0.0680042212359          
0.16260186349             0.0724409341891          
0.168043443368            0.0773301560594          
0.173669964746            0.0831028501652          
0.179489111118            0.089862102226           
0.185509322521            0.0972606820743          
0.19173992968             0.10480383232            
0.198191311676            0.112197987447           
0.204875082663            0.11965347335            
0.211804314854            0.127834118176           
0.218993807343            0.137128523242           
0.226460413461            0.1474268145             
0.234223443711            0.15825500862            
0.242305167429            0.169298296021           
0.250731444904            0.180959908082           
0.259532534147            0.193798777412           
0.26874413473             0.207998007773           
0.27840875839             0.223119012199           
0.288577557787            0.239203561726           
0.299312809892            0.256702121865           
0.310691354878            0.275954671244           
0.322809463424            0.297089973433           
0.335789898086            0.320199935106           
0.349792450373            0.345914946254           
0.365030181745            0.374871464887           
0.381795414083            0.407618696838           
0.400503188902            0.445453772481           
0.421767789188            0.489964502211           
0.446545938916            0.5437702477             
0.476424515867            0.611327613982           
0.514246084933            0.700821318088           
0.565568811747            0.829011955911           
0.642023582876            1.03318974334            
0.765545965007            1.39252161337            
0.953528131091            1.99715084192            
1.19989823343             2.86943545224            
1.51057671785             4.05611337926            
1.90170340573             5.62521122684            
2.39410274316             7.63574993328            
3.01399678182             10.1215785038            
3.79439713969             13.0757774297            
4.7768629816              16.4406936592            
6.01371419619             20.1060597958            
7.57081762086             23.9340036109            
9.53109469096             27.803275845             
