k                         CCL nl error             
5.64454387799e-06         -1.04271564202e-05       
7.10605972599e-06         -8.44231218112e-06       
8.94599916677e-06         -5.184977708e-06         
1.12623456849e-05         -5.98228581159e-08       
1.41784531792e-05         2.90090890976e-07        
1.78496150072e-05         2.86778148798e-07        
2.24713339233e-05         2.8681146925e-07         
2.8289733313e-05          2.85541783352e-07        
3.56146641606e-05         2.8688549086e-07         
4.48362057443e-05         2.83985662778e-07        
5.64454387799e-05         2.86833184646e-07        
7.10605972599e-05         2.86876115899e-07        
8.94599916677e-05         2.86897989838e-07        
0.000112623456849         2.86907573181e-07        
0.000141784531792         2.86892384392e-07        
0.000178496150072         2.86967239471e-07        
0.000224713339233         2.87008465966e-07        
0.00028289733313          2.87013671644e-07        
0.000356146641606         2.8702381183e-07         
0.000448362057443         2.86935692453e-07        
0.000564454387799         2.86912665207e-07        
0.000710605972599         2.86907004662e-07        
0.000894599916677         2.86077803174e-07        
0.00112623456849          2.83776843022e-07        
0.00141784531792          2.8422661959e-07         
0.00178496150072          2.81637990876e-07        
0.00224713339233          2.87498806233e-07        
0.0028289733313           2.77303724127e-07        
0.00356146641606          -0.000452794205989       
0.00448362057443          -0.00055828449978        
0.00564454387799          -0.000678348625016       
0.00710605972599          -0.000809829104095       
0.00894599916677          -0.000937689868595       
0.0112623456734           -0.00103306787722        
0.0141784384241           -0.00103742073787        
0.0178464995604           -0.00084401115015        
0.0223214129903           -0.000299979089437       
0.0265426326259           0.000500525728136        
0.0295630451271           0.0012110363141          
0.0319766861078           0.00185173954811         
0.034096192947            0.00246960003008         
0.0360542752177           0.00309054736997         
0.037918319483            0.00373128006531         
0.0397275534936           0.00440450786064         
0.0415071818832           0.00512071959007         
0.0432746618448           0.00588762522442         
0.0450428330107           0.00671207458304         
0.04682162212             0.00759584406482         
0.0486190372208           0.00853881584041         
0.0504417799915           0.00953609118482         
0.0522956399195           0.0105799343104          
0.0541857574466           0.0116568909843          
0.0561168049985           0.0127573208606          
0.0580931146465           0.0138724904107          
0.06011876997             0.0150013721997          
0.0621976732209           0.0161544388059          
0.064333595028            0.0173437778878          
0.0665302114876           0.0185988610147          
0.0687911319793           0.0199526913603          
0.07111992007             0.0214371612528          
0.0735201092297           0.0230704218788          
0.0759952146585           0.024889454598           
0.0785487422415           0.0268934455204          
0.0811841954635           0.0290649982825          
0.0839050809858           0.0313630954761          
0.0867149135121           0.0337314593161          
0.0896172205159           0.0361141122673          
0.0926155473693           0.0384864656239          
0.0957134633943           0.0408664204439          
0.0989145693436           0.043322130534           
0.10222250681             0.0459537144997          
0.105640970058            0.0488611452886          
0.109173720767            0.0521023289891          
0.112824606178            0.0557038942182          
0.116597581138            0.0595690852714          
0.120496734557            0.0635768933924          
0.124526320816            0.0676331616271          
0.128690796716            0.0717185649162          
0.132994864628            0.0759383392808          
0.137443522644            0.0804706044072          
0.142042122636            0.0854138316751          
0.146796437418            0.0907577918186          
0.151712738441            0.096479249288           
0.156797885907            0.102494829512           
0.162059433681            0.108666458427           
0.1675057521              0.115085735067           
0.173146172701            0.121917299952           
0.178991160128            0.129241841238           
0.185052518142            0.137129784647           
0.191343638866            0.14545959841            
0.197879807509            0.154197023427           
0.204678578987            0.163457851177           
0.211760248895            0.173300666033           
0.219148449709            0.18394265293            
0.226870915502            0.195266129021           
0.234960476646            0.207351088687           
0.243456373473            0.220288638068           
0.252406020172            0.234345890313           
0.26186741691             0.249483810343           
0.27191251623             0.265923228974           
0.282632029843            0.283937179816           
0.294142472287            0.303715598981           
0.306596792745            0.325662091273           
0.320200980785            0.35025858782            
0.335241054594            0.378221588975           
0.352129015696            0.4105498055             
0.371485517074            0.448798601561           
0.394298506189            0.495403938758           
0.422251242797            0.554772440301           
0.458456467589            0.635067296978           
0.509192969802            0.753878453498           
0.587574937754            0.950866468238           
0.714404652353            1.30031526618            
0.895846038356            1.85687537351            
1.12770213593             2.64619425271            
1.41969227723             3.73365664622            
1.78728668418             5.20186201715            
2.25006062488             7.13468987825            
2.83265849874             9.60182441007            
3.566105767               12.6388428651            
4.48946117122             16.2307001237            
5.65189675371             20.3064697874            
7.11531644808             24.7467217659            
