k                         CCL nl error             
5.74951182109e-06         -9.33684270523e-06       
7.23820653698e-06         -7.58664407935e-06       
9.11236214522e-06         -4.85247146841e-06       
1.14717842661e-05         -4.75399166525e-07       
1.44421207312e-05         -1.77621875647e-07       
1.81815527887e-05         -1.76134911789e-07       
2.28892188316e-05         -1.77863721405e-07       
2.88158192432e-05         -1.78582234138e-07       
3.62769671069e-05         -1.78048870828e-07       
4.56699957537e-05         -1.77300363188e-07       
5.74951182109e-05         -1.78096018285e-07       
7.23820653698e-05         -1.78134116863e-07       
9.11236214522e-05         -1.7807661714e-07        
0.000114717842661         -1.77982823602e-07       
0.000144421207312         -1.77834933862e-07       
0.000181815527887         -1.77569127995e-07       
0.000228892188316         -1.77188429157e-07       
0.000288158192432         -1.76542091235e-07       
0.000362769671069         -1.75604124802e-07       
0.000456699957537         -1.74331597774e-07       
0.000574951182109         -1.73234940563e-07       
0.000723820653698         -1.74275262267e-07       
0.000911236214522         -1.81060324169e-07       
0.00114717842661          -1.91690334867e-07       
0.00144421207312          -1.95528452366e-07       
0.00181815527887          -1.98987416929e-07       
0.00228892188316          -2.00700368236e-07       
0.00288158192432          -2.02509737915e-07       
0.00362769671069          -0.000389195036012       
0.00456699957537          -0.000473968903697       
0.00574951182109          -0.000588966383155       
0.00723820653698          -0.000710163396697       
0.00911236214522          -0.000836779962486       
0.0114717842551           -0.000947608681244       
0.0144421064326           -0.00100416597985        
0.0181784925201           -0.000932720451457       
0.0227402456274           -0.000621396190886       
0.0270583217173           -0.000107216743083       
0.0301483712362           0.000378940945515        
0.0326150592928           0.000835238396705        
0.0347799355487           0.00128520548387         
0.0367793000207           0.00174310884362         
0.0386822695604           0.00221939643677         
0.0405290407535           0.00272069154624         
0.0423454224635           0.00325248206575         
0.0441492804954           0.00381960375425         
0.0459537490696           0.00442521063802         
0.0477689788073           0.00507008343705         
0.049603155682            0.00575631914223         
0.0514631283287           0.00647998398436         
0.0533548117362           0.00723909652253         
0.0552834566706           0.00803035900098         
0.0572538349804           0.0088525690333          
0.0592703702505           0.00970296835781         
0.0613372318025           0.0105848676067          
0.0634584034153           0.011505311063           
0.0656377341756           0.0124744447085          
0.0678789764229           0.013506078276           
0.0701858142044           0.0146158714915          
0.0725618846595           0.0158189223892          
0.0750107940964           0.017127225082           
0.0775361300909           0.018547532103           
0.0801414706465           0.0200779024332          
0.0828303912646           0.0217081545892          
0.0856064706446           0.0234194005777          
0.0884732956544           0.0251889952406          
0.0914344661526           0.0270063988278          
0.0944936002179           0.028872131476           
0.0976543403149           0.030808324103           
0.100920360914            0.0328518891493          
0.104295378075            0.0350491116804          
0.107783161502            0.0374353179515          
0.11138754956             0.040022768273           
0.115112467765            0.0428088972848          
0.118961951246            0.0457472260159          
0.122940171709            0.0487902818619          
0.127051469439            0.0519291596873          
0.131300390968            0.0551885418171          
0.13569173305             0.0586234584564          
0.140230593782            0.0623132582392          
0.144922431786            0.0662769540062          
0.149773134665            0.0704800860258          
0.154789098203            0.0749081201285          
0.159977318217            0.0795728741441          
0.165345497485            0.0844413153022          
0.170902170911            0.0895663553696          
0.176656853028            0.0950374394635          
0.18262021318             0.100848185917           
0.188804285438            0.107021190596           
0.195222722565            0.113555399364           
0.201891106458            0.120445203081           
0.208827331835            0.127795279944           
0.216052085953            0.135599121918           
0.223589455859            0.143974989135           
0.231467707162            0.152887051061           
0.239720296904            0.162430938528           
0.248387211049            0.172668564277           
0.257516760095            0.183752845283           
0.267168034203            0.195683686722           
0.277414328968            0.208675107601           
0.288348036037            0.222882262054           
0.300087807928            0.238483545378           
0.312789369905            0.255801691066           
0.326662401764            0.27522339407            
0.341997964943            0.297293964449           
0.359215184944            0.322809496868           
0.378945186983            0.352999883854           
0.402192078088            0.38982300482            
0.430665583682            0.436690915533           
0.467525083348            0.500088473187           
0.519139268209            0.593903446405           
0.598814973333            0.749577205671           
0.727771513228            1.02658416535            
0.912517177429            1.47035171031            
1.14868401137             2.10435539381            
1.44610684991             2.98604917308            
1.82054066092             4.19125978014            
2.29192490124             5.80310398745            
2.88536250009             7.90026716215            
3.6324561736              10.5395020961            
4.57299138417             13.736034535             
5.75705506145             17.4501402261            
