k                         CCL nl error             
8.51366131967e-06         -4.86487288856e-06       
1.07180645827e-05         -3.93907619472e-06       
1.34932438685e-05         -2.38130490703e-06       
1.69869875935e-05         -1.91989229463e-08       
2.13853503513e-05         1.42034695426e-07        
2.69225609974e-05         1.41277688127e-07        
3.38934961902e-05         1.41349698907e-07        
4.26693836484e-05         1.4102252666e-07         
5.37175713806e-05         1.41659498488e-07        
6.76264156709e-05         1.41330928671e-07        
8.51366131967e-05         1.41294355707e-07        
0.000107180645827         1.41401205133e-07        
0.000134932438685         1.41308830829e-07        
0.000169869875935         1.41337366592e-07        
0.000213853503513         1.41381057559e-07        
0.000269225609974         1.41350260889e-07        
0.000338934961902         1.41447762083e-07        
0.000426693836484         1.41257300473e-07        
0.000537175713806         1.41460540164e-07        
0.000676264156709         1.41167920387e-07        
0.000851366131967         1.41233351543e-07        
0.00107180645827          1.41251596077e-07        
0.00134932438685          1.41423853978e-07        
0.00169869875935          1.41789346932e-07        
0.00213853503513          1.39908593525e-07        
0.00269225609974          1.5233795717e-07         
0.00338934961902          1.38706218797e-07        
0.00426693836484          -0.00127820559625        
0.00537175713806          -0.00160288139181        
0.00676264156709          -0.00200613228213        
0.00851366131967          -0.00251007763407        
0.0107180645827           -0.00313496721526        
0.0134932438682           -0.00390567210769        
0.0169869868288           -0.00483475459965        
0.021384977967            -0.00589464282975        
0.0268867443784           -0.00695849585642        
0.0330442438158           -0.0077666795315         
0.0378047212216           -0.00819809362686        
0.0413609587294           -0.00848089860882        
0.0443651995989           -0.00871248681327        
0.0470822186213           -0.00890879851648        
0.0496354878946           -0.00906463848929        
0.0520926200236           -0.0091616029581         
0.0544951584521           -0.00917948010534        
0.0568709008576           -0.0090948165321         
0.0592397289123           -0.00888428743303        
0.0616166581189           -0.0085276279636         
0.0640135613594           -0.00800639390417        
0.0664402039524           -0.00731412402909        
0.0689048963957           -0.00645209799347        
0.0714149227991           -0.00543772972393        
0.0739768315179           -0.0043048252579         
0.0765966377579           -0.00310237085612        
0.0792799680079           -0.00189074187578        
0.0820321648709           -0.000735254511731       
0.0848583642219           0.00031371781688         
0.0877635525756           0.00122944824956         
0.0907526100212           0.00202566872075         
0.0938303424657           0.00276555529869         
0.0970015058727           0.00355562105947         
0.100270824488            0.00454095887075         
0.103643004585            0.00587763247644         
0.107122744953            0.00771576249424         
0.110714745142            0.0101569422825          
0.114423712357            0.0132259877064          
0.1182543678              0.0168395511858          
0.122211453188            0.0207881129058          
0.126299738181            0.0247495638805          
0.130524029387            0.0283954980063          
0.134889181631            0.0315226474431          
0.139400112146            0.0341518845341          
0.144061818347            0.0365705821135          
0.148879399845            0.0393639649495          
0.153858085366            0.0431344018108          
0.159003265238            0.0482805019324          
0.164320530162            0.0548211057504          
0.169815717014            0.0623368913615          
0.175494962513            0.0700332119433          
0.181364765731            0.0770644328188          
0.187432060573            0.0830685218453          
0.193704299648            0.0885615165653          
0.200189551252            0.0946964927481          
0.206896611701            0.102638339612           
0.213835135837            0.112865483795           
0.221015789357            0.124662338165           
0.228450427721            0.136490909085           
0.236152307809            0.147250036956           
0.244136340435            0.157275181372           
0.252419394405            0.168322227208           
0.26102066632             0.181984767953           
0.269962135169            0.198210270437           
0.279269127505            0.215248183574           
0.288971028552            0.23157713415            
0.299102188358            0.248041175282           
0.309703092242            0.266918058848           
0.320821894847            0.289047247949           
0.332516462892            0.312825399496           
0.344857143071            0.336919191158           
0.357930585537            0.362993391193           
0.371845140665            0.393240078608           
0.386738664133            0.42661603613            
0.402790122219            0.462265451531           
0.42023740566             0.503091807056           
0.439405700644            0.549881113342           
0.460754662227            0.602836131473           
0.484960926538            0.665846464944           
0.513071318485            0.74128803833            
0.546807909954            0.835967579028           
0.589224947003            0.960342477848           
0.646231865321            1.13659144273            
0.730142492189            1.41292040027            
0.864981193163            1.89311447372            
1.07378236802             2.70414924101            
1.3508747901              3.86305061877            
1.70063835238             5.39003292342            
2.14097680872             7.32124675908            
2.69533011054             9.66066799495            
3.39321956934             12.3623333584            
4.27181034364             15.3284480684            
5.37789059597             18.4366928806            
6.77036313312             21.5855921733            
8.52338219535             24.716805614             
