k                         CCL nl error             
6.36266968224e-06         -8.15029530993e-06       
8.01012654983e-06         -6.47981227707e-06       
1.00841518653e-05         -4.00447275238e-06       
1.26951950396e-05         -2.76541053085e-09       
1.5982303643e-05          2.71788378838e-07        
2.01205281952e-05         2.74738028985e-07        
2.53302442436e-05         2.7432095163e-07         
3.18888881653e-05         2.73876074015e-07        
4.01457316651e-05         2.73685293953e-07        
5.05404817683e-05         2.73751947796e-07        
6.36266968224e-05         2.7353464223e-07         
8.01012654983e-05         2.73537826931e-07        
0.000100841518653         2.73536446721e-07        
0.000126951950396         2.73543122499e-07        
0.00015982303643          2.73654454809e-07        
0.000201205281952         2.7365996709e-07         
0.000253302442436         2.73525815624e-07        
0.000318888881653         2.73307958017e-07        
0.000401457316651         2.73264256453e-07        
0.000505404817683         2.73406111006e-07        
0.000636266968224         2.73474262339e-07        
0.000801012654983         2.73693922293e-07        
0.00100841518653          2.72564716102e-07        
0.00126951950396          2.70661343114e-07        
0.0015982303643           2.70347834059e-07        
0.00201205281952          2.69604697937e-07        
0.00253302442436          2.73821663366e-07        
0.00318888881653          2.61191600311e-07        
0.00401457316651          -0.000495467030818       
0.00505404817683          -0.000616227919742       
0.00636266968224          -0.00076022084289        
0.00801012654983          -0.000930097870522       
0.0100841518653           -0.00112007446099        
0.0126951950009           -0.00131328315147        
0.0159822660596           -0.00146676722039        
0.0201141802407           -0.00148256642948        
0.0250782198572           -0.00120834596678        
0.0294939269298           -0.000745812225909       
0.0326639312857           -0.000345218522399       
0.0352403145409           3.25130517363e-06        
0.0375230641501           0.000332007362065        
0.0396427084167           0.000665079997154        
0.041666993513            0.00102087526907         
0.0436359761582           0.00141578428191         
0.0455756937348           0.00186470261937         
0.0475043450756           0.00238145315857         
0.0494354155114           0.002976688472           
0.0513793969138           0.00366560633174         
0.0533447992285           0.00444921533417         
0.0553387776549           0.00532839068161         
0.0573675386071           0.00629258983798         
0.0594366119533           0.00732008084594         
0.0615510390036           0.00837844210699         
0.0637155054853           0.00942835128036         
0.0659344374644           0.010432656865           
0.0682120716126           0.0113652173499          
0.070552507278            0.0122244814264          
0.0729597453764           0.0130354952337          
0.0754377175713           0.0138474165588          
0.0779903082039           0.0147308481595          
0.0806213707825           0.0157665045723          
0.0833347403955           0.0170323640401          
0.086134243127            0.0185964853398          
0.0890237033569           0.0205016147939          
0.0920069497025           0.0227440798819          
0.0950878202716           0.0252518493865          
0.0982701678492           0.027873991786           
0.101557865603            0.0304172981596          
0.10495481387             0.0327055104333          
0.108464948586            0.0346692432351          
0.112092251888            0.0364127891383          
0.115840765441            0.0381903487156          
0.119714607014            0.0402984811718          
0.123717990844            0.0430233436068          
0.127855252341            0.0465146376571          
0.132130877672            0.0506943859975          
0.136549538853            0.0552060298949          
0.141116134967            0.0595875313391          
0.145835840282            0.0635232571837          
0.150714160116            0.0670084955327          
0.155756995518            0.0704222975714          
0.160970718062            0.0744067593546          
0.166362256419            0.0794323999253          
0.17193919678             0.0854642844329          
0.177709899873            0.0920021374655          
0.183683638045            0.0983335383183          
0.189870756984            0.104136727482           
0.196282868037            0.109936880244           
0.202933078971            0.11652882958            
0.209836273566            0.124356935461           
0.217009453933            0.133092407596           
0.224472164293            0.141916320556           
0.23224702177             0.1506049197             
0.240360389541            0.159753028171           
0.248843241864            0.170203568046           
0.257732291559            0.181760460255           
0.267071482325            0.193892221503           
0.276913997387            0.20657295454            
0.287325013743            0.220426860628           
0.298385557617            0.235933665186           
0.310198028333            0.252779633988           
0.322894324192            0.27102301829            
0.336648162555            0.291633762381           
0.35169442205             0.314790500307           
0.368360768415            0.341055034567           
0.387121889509            0.37168392776            
0.40869787908             0.408003991759           
0.434244896849            0.452602726244           
0.465753742359            0.509848916151           
0.506951237638            0.588290753664           
0.56543429834             0.7062214334             
0.65692802826             0.905094131921           
0.804010363027            1.25729821706            
1.00960529377             1.8064369942             
1.27095799056             2.58059292977            
1.6000410328              3.64484365487            
2.01433231592             5.07784918915            
2.5358941403              6.95842623922            
3.19250157485             9.35011914895            
4.01912135977             12.2838622996            
5.0597740129              15.7401751438            
6.36987808277             19.6450044171            
