k                         CCL nl error             
8.37815986264e-06         -5.35898623113e-06       
1.05474783551e-05         -4.33930049123e-06       
1.32784885316e-05         -2.67473238579e-06       
1.67166266427e-05         -6.82528158189e-08       
2.104498608e-05           1.09802462781e-07        
2.64940677669e-05         1.09363853209e-07        
3.33540551736e-05         1.1051326154e-07         
4.19902676444e-05         1.08174682261e-07        
5.28626149856e-05         1.09299068394e-07        
6.65500893393e-05         1.09409506863e-07        
8.37815986264e-05         1.09288335844e-07        
0.000105474783551         1.09428498226e-07        
0.000132784885316         1.09258232536e-07        
0.000167166266427         1.09334475942e-07        
0.0002104498608           1.09436422598e-07        
0.000264940677669         1.09291467493e-07        
0.000333540551736         1.09521592213e-07        
0.000419902676444         1.0935742519e-07         
0.000528626149856         1.09428136121e-07        
0.000665500893393         1.0971718104e-07         
0.000837815986264         1.0929639412e-07         
0.00105474783551          1.09985226658e-07        
0.00132784885316          1.09200041304e-07        
0.00167166266427          1.12447465244e-07        
0.002104498608            1.07253528654e-07        
0.00264940677669          1.31971370855e-07        
0.00333540551736          6.58971704184e-08        
0.00419902676444          -0.0035003027682         
0.00528626149856          -0.00439260573082        
0.00665500893393          -0.00550219095602        
0.00837815986264          -0.00686857978328        
0.0105474783551           -0.00852728034968        
0.0132784885315           -0.0104931202008         
0.016716626084            -0.0127421620558         
0.0210446920967           -0.015172373414          
0.0264639460872           -0.017533921444          
0.0325951960963           -0.0192231149618         
0.0374004320428           -0.0197753393538         
0.0409690304041           -0.0197350484492         
0.0439715527089           -0.0193984310479         
0.0466811406923           -0.0188557932988         
0.0492241533366           -0.0181387273679         
0.0516693773808           -0.0172618380089         
0.0540588983463           -0.0162307383934         
0.0564207856076           -0.015046119371          
0.0587750631933           -0.013702750469          
0.0611368215597           -0.0121921736172         
0.0635179709545           -0.010498916562          
0.0659282919034           -0.00860134530125        
0.0683760964186           -0.00647997353992        
0.0708686613066           -0.00411294548775        
0.0734125217275           -0.00148521249166        
0.0760136756206           0.00140702019481         
0.0786777293065           0.0045573080506          
0.0814100030962           0.00794992842262         
0.0842156089788           0.0115699856454          
0.087099508363            0.0154116175956          
0.0900665552835           0.0194832845013          
0.0931215288437           0.0238188951356          
0.0962691576043           0.0284667237168          
0.0995141379226           0.0334897975696          
0.102861147778            0.0389621747513          
0.106314857313            0.0449716674112          
0.109879937108            0.0516142758886          
0.113561065073            0.0589774224687          
0.117362932754            0.0671039971374          
0.121290251797            0.0759411944432          
0.125347761272            0.0853051521755          
0.129540236543            0.0949428866723          
0.133872500357            0.104646317306           
0.138349436806            0.11438538359            
0.142976008829            0.124340733384           
0.147757279895            0.134971021605           
0.152698440531            0.146789582688           
0.157804840357            0.160226010859           
0.163082026338            0.175457054346           
0.168535787979            0.192254884196           
0.174172210319            0.209923454744           
0.179997735647            0.227512109572           
0.186019235091            0.244482806934           
0.192244091444            0.261286984597           
0.198680294958            0.279186667099           
0.205336554271            0.299627893166           
0.212222425265            0.32338863605            
0.219348461441            0.349817899631           
0.226726390468            0.377026138971           
0.234369322994            0.403414312507           
0.242292001655            0.429228625256           
0.250511100798            0.456870835931           
0.259045590845            0.488758534216           
0.267917185988            0.525080541776           
0.27715090051             0.563418569668           
0.286775748378            0.601300884619           
0.296825634225            0.639908273537           
0.307340503498            0.682866634126           
0.318367848923            0.731855602426           
0.329964715087            0.784411112199           
0.342200412483            0.838235677556           
0.355160263304            0.896055796473           
0.368950883352            0.961895062726           
0.38370781249             1.03428415589            
0.399606845818            1.11158339167            
0.416881401172            1.19910625722            
0.435850131939            1.29873220186            
0.456962747787            1.41086489819            
0.480879971549            1.54298389835            
0.508621589203            1.69989704275            
0.541860289506            1.89454704736            
0.583552244561            2.14680360343            
0.639395246057            2.49772441837            
0.721239077065            3.03346805969            
0.852439485591            3.928146081              
1.05677446234             5.35147264705            
1.32931496098             7.19082185188            
1.6734932125              9.28212924914            
2.10680309228             11.493720462             
2.65230795051             13.7241315152            
3.3390578788              15.9273171852            
4.20362481507             18.1004745486            
5.29205010134             20.2702306549            
6.66229635307             22.4828202606            
8.38733417979             24.7866443437            
