k                         CCL nl error             
6.44331337082e-06         -8.05907636809e-06       
8.11165093868e-06         -6.42345005389e-06       
1.02119634983e-05         -3.95660203495e-06       
1.28561003523e-05         7.15925800761e-09        
1.61848714301e-05         2.77246811524e-07        
2.037554593e-05           2.66893690591e-07        
2.56512925505e-05         2.76476887604e-07        
3.22930640371e-05         2.75800757176e-07        
4.06545589411e-05         2.76024439201e-07        
5.11810573562e-05         2.69736050291e-07        
6.44331337082e-05         2.75632490882e-07        
8.11165093868e-05         2.75749748297e-07        
0.000102119634983         2.75821529024e-07        
0.000128561003523         2.75828382931e-07        
0.000161848714301         2.75793939261e-07        
0.0002037554593           2.75751127587e-07        
0.000256512925505         2.75601134027e-07        
0.000322930640371         2.7558868076e-07         
0.000406545589411         2.75781308863e-07        
0.000511810573562         2.75861707345e-07        
0.000644331337082         2.75753391144e-07        
0.000811165093868         2.75484846788e-07        
0.00102119634983          2.74223504072e-07        
0.00128561003523          2.72760128717e-07        
0.00161848714301          2.73417826646e-07        
0.002037554593            2.71689517827e-07        
0.00256512925505          2.78615559104e-07        
0.00322930640371          2.66889317503e-07        
0.00406545589411          -0.000530026841791       
0.00511810573562          -0.000648946958588       
0.00644331337082          -0.000780964454213       
0.00811165093868          -0.000919061960809       
0.0102119634983           -0.00103848258213        
0.0128561002735           -0.00109087186436        
0.0161848072561           -0.000981509151502       
0.0203661669965           -0.000540513112008       
0.0253235831053           0.000420525194839        
0.0295665203017           0.00154765926305         
0.0326329561031           0.00248038532539         
0.0351514631718           0.00330632917582         
0.0373953279999           0.0040912576691          
0.0394855182902           0.00486743678221         
0.0414857029516           0.00566727431725         
0.0434339056947           0.00650680228985         
0.0453550278397           0.00740126345432         
0.0472665771623           0.00836520195243         
0.0491815900857           0.00941013874545         
0.0511102510402           0.0105423637907          
0.0530608499222           0.0117654611569          
0.0550403783311           0.013075586515           
0.0570549168777           0.0144618186882          
0.0591098956812           0.015901563562           
0.0612102746847           0.0173718577954          
0.063360671459            0.0188387256389          
0.0655654535397           0.0203021501597          
0.0678288061512           0.0217403204371          
0.0701547824378           0.0231690993296          
0.072547341001            0.0246206667224          
0.0750103740706           0.0261429910931          
0.0775477286792           0.0277957272767          
0.0801632225828           0.0296389544659          
0.0828606562496           0.0317320925064          
0.0856438219663           0.0341095439587          
0.0885165109197           0.0367877113924          
0.0914825189967           0.0397298882063          
0.0945456519607           0.0428507661381          
0.0977097306161           0.0460257203187          
0.10097859654             0.0491309406527          
0.104356118937            0.0520907834422          
0.107846203172            0.0549353321019          
0.111452801508            0.0578083804041          
0.115179926589            0.0609169372613          
0.119031668198            0.0644730501785          
0.12301221382             0.0686193936724          
0.12712587355             0.0733686888589          
0.131377109901            0.0785587756874          
0.135770573121            0.0838771352062          
0.140311142651            0.0890615135961          
0.145003975494            0.0940670834285          
0.149854562355            0.0990999955583          
0.154868792618            0.104481058525           
0.160053029503            0.11055600694            
0.165414197041            0.11748090421            
0.170959881031            0.125033296068           
0.176698446704            0.132802248595           
0.182639176664            0.140535577952           
0.188792433723            0.148305559572           
0.195169854705            0.156623353146           
0.201784583187            0.165891105614           
0.208651551753            0.176034523613           
0.215787827926            0.186764928311           
0.223213042851            0.197728627251           
0.230949928855            0.20919795643            
0.239025001967            0.221634983712           
0.247469440109            0.235270417686           
0.256320229289            0.249776163822           
0.265621682949            0.265145960786           
0.275427490342            0.281697182699           
0.285803530337            0.299784912517           
0.296831818268            0.319479401972           
0.308616173744            0.340913500201           
0.321290580098            0.364527879294           
0.335031896827            0.390915523504           
0.350079887612            0.420474937296           
0.366770101539            0.454212494477           
0.385590532737            0.493390602557           
0.407284987056            0.539994650494           
0.433054728938            0.597348089328           
0.464983135537            0.67121140161            
0.507002454316            0.772944921888           
0.567180105923            0.927242391056           
0.662058938732            1.18928286802            
0.813570345561            1.64966355301            
1.02229613745             2.35403561309            
1.28695585724             3.33699199032            
1.62018127878             4.67383510068            
2.03968738348             6.44819847192            
2.56781427918             8.73415417611            
3.23268664882             11.5788552951            
4.06971137057             14.9857540942            
5.12346306308             18.907367898             
6.4500578465              23.2488629988            
8.1201417305              27.8807785797            
