k                         CCL nl error             
7.93887469841e-06         -6.00553745221e-06       
9.99445109889e-06         -4.84318029616e-06       
1.25822684653e-05         -2.98037142233e-06       
1.5840137509e-05          -7.72789727016e-08       
1.99415516364e-05         1.20985546568e-07        
2.51049261057e-05         1.21525976972e-07        
3.16052294357e-05         1.21921483393e-07        
3.97886264821e-05         1.21960447543e-07        
5.00909129787e-05         1.22183498496e-07        
6.30607232489e-05         1.2212373869e-07         
7.93887469841e-05         1.21808951805e-07        
9.99445109889e-05         1.21897814097e-07        
0.000125822684653         1.21900054208e-07        
0.00015840137509          1.21935611418e-07        
0.000199415516364         1.21845969969e-07        
0.000251049261057         1.2198785642e-07         
0.000316052294357         1.21960308432e-07        
0.000397886264821         1.21869147563e-07        
0.000500909129787         1.2210588448e-07         
0.000630607232489         1.21997313676e-07        
0.000793887469841         1.22172608217e-07        
0.000999445109889         1.22351799153e-07        
0.00125822684653          1.21729339035e-07        
0.0015840137509           1.23838611803e-07        
0.00199415516364          1.17082143205e-07        
0.00251049261057          1.22912959839e-07        
0.00316052294357          7.17368786985e-08        
0.00397886264821          -0.00276408139475        
0.00500909129787          -0.00347143125216        
0.00630607232489          -0.00435577683172        
0.00793887469841          -0.00545751751377        
0.00999445109889          -0.00682485969505        
0.0125822684652           -0.00850217810945        
0.0158401371023           -0.010514126585          
0.0199413224903           -0.012838624681          
0.0250801016617           -0.0153074240795         
0.0309459102777           -0.0174227300484         
0.0356017342605           -0.0186119982083         
0.0390421161657           -0.0192642904046         
0.0419262752347           -0.0196757095971         
0.0445240062865           -0.0199297499179         
0.0469592447855           -0.0200439695643         
0.0492991064369           -0.0200156415231         
0.0515845001199           -0.0198319998627         
0.053842632541            -0.0194706417159         
0.0560928680283           -0.0189117824735         
0.0583497722118           -0.0181323389296         
0.0606248225523           -0.0171106418244         
0.0629274310392           -0.015831726721          
0.0652655868243           -0.0142910818364         
0.0676462767747           -0.0124939187406         
0.0700757700652           -0.0104679280724         
0.0725598161715           -0.00826004085959        
0.0751037857845           -0.00593118853628        
0.0777127729538           -0.00354599609914        
0.0803916701942           -0.00115730853832        
0.0831452242889           0.00121311298342         
0.0859780780379           0.00359248283182         
0.088894801604            0.00606291703964         
0.0918999160757           0.00875155475141         
0.0949979111856           0.0118243041019          
0.0981932586653           0.0154576111313          
0.101490422421            0.0198201938043          
0.104893866505            0.0250416462977          
0.108408061745            0.0311772629188          
0.112037491775            0.0381538863171          
0.115786659195            0.0457345798147          
0.119660092531            0.0535353197241          
0.123662354647            0.0611501027466          
0.127798053245            0.0683166002606          
0.132071854103            0.0751012139205          
0.136488497663            0.0819031733561          
0.141052819589            0.0894410122969          
0.145769775939            0.0984978655673          
0.150644473578            0.109595714729           
0.155682206493            0.122762867467           
0.160888498739            0.137426362648           
0.166269154782            0.152544160861           
0.171830318162            0.166995288322           
0.17757853954             0.180305465343           
0.183520855427            0.193267842179           
0.189664879245            0.207547854821           
0.196018906762            0.224710928885           
0.202592038551            0.245374915486           
0.209394322869            0.268496547778           
0.216436923368            0.291822889595           
0.223732317383            0.313876814976           
0.231294532328            0.335374737976           
0.239139430124            0.358908222487           
0.247285052835            0.386798705605           
0.255752047185            0.418695545832           
0.264564191834            0.452016597939           
0.273749060151            0.484676946289           
0.28333886388             0.518298318987           
0.293371541632            0.556235877046           
0.303892183792            0.599578162226           
0.314954927382            0.645692602932           
0.326625519801            0.69318444273            
0.338984854477            0.744672984633           
0.352133952187            0.803276565431           
0.366201150283            0.867534738713           
0.381352766804            0.936579983904           
0.397809424679            1.0150258886             
0.415871967201            1.10407417788            
0.435964387322            1.20479626659            
0.458708585299            1.32346107884            
0.485062457058            1.46469413436            
0.516593195196            1.63999846869            
0.556062019521            1.86747148334            
0.608773117766            2.18424363338            
0.685737221589            2.66900488521            
0.808832694004            3.48547655662            
1.00145647353             4.81985317833            
1.25957604344             6.62231418495            
1.58569475383             8.79116429939            
1.99627137214             11.2286771734            
2.5131567592              13.8094961437            
3.16387690798             16.4291287587            
3.98308503924             19.0304256299            
5.01440697324             21.6014436828            
6.31276436369             24.1616436355            
7.94729947613             26.7484017852            
