k                         CCL nl error             
3.88906024159e-06         -2.60042430308e-05       
4.89603676613e-06         -2.14435561154e-05       
6.16374510196e-06         -1.30610666308e-05       
7.75969534069e-06         -6.44103067205e-07       
9.76887765217e-06         2.00996059153e-07        
1.2298288321e-05          2.02255406889e-07        
1.54826276889e-05         2.01223030697e-07        
1.94914734389e-05         2.04274930774e-07        
2.45383112256e-05         2.01213076675e-07        
3.08919035644e-05         2.00753381991e-07        
3.88906024159e-05         2.0117658963e-07         
4.89603676613e-05         2.01174207542e-07        
6.16374510196e-05         2.0107145989e-07         
7.75969534069e-05         2.01426203212e-07        
9.76887765217e-05         2.01240621752e-07        
0.00012298288321          2.00790153513e-07        
0.000154826276889         2.01518594186e-07        
0.000194914734389         1.98765475556e-07        
0.000245383112256         2.00598476506e-07        
0.000308919035644         2.00972315722e-07        
0.000388906024159         2.01334995495e-07        
0.000489603676613         2.00406023697e-07        
0.000616374510196         2.00778167909e-07        
0.000775969534069         1.9386309151e-07         
0.000976887765217         1.99673072984e-07        
0.0012298288321           2.00015769433e-07        
0.00154826276889          1.99678813137e-07        
0.00194914734389          2.20364561948e-07        
0.00245383112256          3.05005472328e-06        
0.00308919035644          2.50170453308e-07        
0.00388906024159          0.000299869287725        
0.00489603676613          0.000617312433281        
0.00616374510196          0.00117094090691         
0.00775969534068          0.00206077868325         
0.00976887763828          0.00333182392219         
0.012298271971            0.00491645575807         
0.0154793983747           0.00663407291773         
0.0193446832468           0.0087015393293          
0.0229284043848           0.01135226441            
0.0254926732035           0.0139076322837          
0.0275523757172           0.0162516462741          
0.0293660199476           0.0183589587562          
0.0310441227129           0.0201844130347          
0.0326431726113           0.0216863072914          
0.0341962079079           0.0228497183794          
0.0357245303118           0.023688374716           
0.0372429340087           0.0242480682554          
0.0387623242822           0.0246028422415          
0.0402911482324           0.024862238849           
0.0418362312819           0.0251205386241          
0.0434032934045           0.0255113600012          
0.0449972819904           0.0261320440691          
0.0466225943594           0.0270730467083          
0.0482832310097           0.0283842634996          
0.0499829037875           0.0300554753193          
0.0517251137806           0.032108103989           
0.0535132083027           0.0343613944264          
0.0553504230807           0.0366914607934          
0.0572399137455           0.0388857732357          
0.0591847794504           0.040750904448           
0.0611880806223           0.042143506968           
0.0632528523063           0.0430173573346          
0.0653821142102           0.0434527779579          
0.0675788783136           0.0436494463641          
0.069846154749            0.0438869539839          
0.0721869565585           0.044454937569           
0.0746043038609           0.0455614326262          
0.0771012279168           0.0473053799184          
0.0796807755608           0.0496054834485          
0.0823460144415           0.0522135830531          
0.0851000395089           0.054789551845           
0.0879459811762           0.056989371445           
0.0908870155788           0.0586408747044          
0.0939263773546           0.0597842990586          
0.0970673753634           0.0606601888163          
0.100313411775            0.0618177488897          
0.103668004966            0.063467657263           
0.107134816688            0.0656500790928          
0.110717684021            0.0681095273654          
0.114420656686            0.07055084026            
0.118248040388            0.0726915633822          
0.122204447003            0.0746086305605          
0.126294852626            0.0764628210901          
0.130524664731            0.0783657890468          
0.134899800075            0.0805530643731          
0.139426775405            0.0830904146282          
0.144112813677            0.0856264970461          
0.148965969266            0.088092252252           
0.15399527674             0.0905300474447          
0.159210929212            0.0929933506214          
0.164624494227            0.0956489010901          
0.170249177793            0.0984387521171          
0.17610015089             0.101373534379           
0.182194957949            0.104322357924           
0.188554034234            0.107307227191           
0.195201369818            0.110515968139           
0.202165373776            0.113890069192           
0.209480016221            0.117349510118           
0.217186362866            0.121015781604           
0.225334675186            0.124870873077           
0.233987344043            0.128973634628           
0.243223082733            0.133351964612           
0.253143078298            0.138018547602           
0.263880288577            0.14309832284            
0.275613985243            0.148666489433           
0.288593431562            0.15484428615            
0.30317828427             0.161811904347           
0.319911451559            0.169867645987           
0.339659313213            0.179425810502           
0.363902587952            0.191288215468           
0.395389379863            0.206906876469           
0.439680738738            0.229451255893           
0.508367567653            0.265740699531           
0.619343109647            0.328204438705           
0.777000228657            0.425626820181           
0.978112609084            0.565023956495           
1.23137041795             0.764280595682           
1.55020351014             1.05094198764            
1.95159059237             1.46458897533            
2.45690699016             2.06082125366            
3.09306264432             2.91608611647            
3.89393516321             4.13177969781            
4.90217392884             5.8368206136             
6.17147133206             8.18334892536            
