k                         CCL nl error             
5.66294624707e-06         -1.23397480272e-05       
7.12922693606e-06         -9.54579369439e-06       
8.97516495625e-06         -6.3199787676e-06        
1.12990632385e-05         -4.03787555822e-07       
1.42246778404e-05         -4.0417644515e-13        
1.79078084078e-05         -7.62310869158e-13       
2.25445950742e-05         -1.02847727633e-12       
2.83819636375e-05         6.14931821171e-13        
3.57307752598e-05         1.44452069575e-12        
4.49823809577e-05         2.88448606803e-12        
5.66294624707e-05         5.61766412282e-12        
7.12922693606e-05         1.37092209516e-11        
8.97516495625e-05         2.87622001e-11           
0.000112990632385         6.33931476304e-11        
0.000142246778404         1.15546963337e-10        
0.000179078084078         1.89794205428e-10        
0.000225445950742         2.59776590368e-10        
0.000283819636375         3.14836392714e-10        
0.000357307752598         3.76323951816e-10        
0.000449823809577         5.74068822019e-10        
0.000566294624707         8.99059836873e-10        
0.000712922693606         8.80047232082e-10        
0.000897516495625         1.30139244364e-09        
0.00112990632385          2.01460951386e-10        
0.00142246778404          1.89197271838e-08        
0.00179078084078          -1.05480850611e-08       
0.00225445950742          4.0943376633e-08         
0.00283819636375          -6.98924759988e-08       
0.00357307752598          -0.00429294178135        
0.00449823809577          -0.00536719652348        
0.00566294624707          -0.006689980427          
0.00712922693606          -0.00829965274308        
0.00897516495625          -0.0102185096386         
0.01129906323             -0.0124213227249         
0.0142246661894           -0.0147671246915         
0.0179051831194           -0.0168767884719         
0.0224110972169           -0.0180005123231         
0.0267321783032           -0.0175845970958         
0.0298266993878           -0.0164575613778         
0.0322870303817           -0.0150738318695         
0.0344416996097           -0.0134807978162         
0.0364292361525           -0.011666457453          
0.0383195291296           -0.00960361643474        
0.0401530767099           -0.00726953138329        
0.0419558115285           -0.00463957548461        
0.043745647375            -0.00169861726806        
0.0455357311507           0.00155926189013         
0.0473362085796           0.00513254054394         
0.0491552515197           0.00900103115495         
0.0509996894418           0.0131390613961          
0.0528754152941           0.0175160379816          
0.0547876560916           0.0220998149226          
0.0567411588645           0.0268758271055          
0.0587403216717           0.0318405895271          
0.060789287807            0.0370377786365          
0.0628920146395           0.0425303008737          
0.0650523245363           0.0484207514337          
0.0672739428532           0.0548352718157          
0.0695605264213           0.0618921998232          
0.0719156849541           0.0697301339148          
0.0743429971414           0.0784187332111          
0.0768460227597           0.0879907947639          
0.0794283118387           0.098394639676           
0.0820934117289           0.109532232565           
0.0848448727909           0.12122033173            
0.0876862533388           0.13332155446            
0.090621124422            0.145791950385           
0.0936530749919           0.158697658795           
0.0967857179824           0.172267288601           
0.100022697816            0.186842283043           
0.103367699846            0.20276744295            
0.106824462227            0.220290161124           
0.110396790716            0.239436427599           
0.114088576904            0.260132847426           
0.117903820365            0.281998382255           
0.121846655261            0.30467062595            
0.125921381927            0.328277902946           
0.130132504052            0.353112939054           
0.134484772111            0.379649311276           
0.138983233831            0.408427976405           
0.143633292656            0.439550410389           
0.148440775341            0.472589221141           
0.153412010176            0.507528395764           
0.158553917682            0.544612209403           
0.163874116187            0.583690493806           
0.169381045383            0.625136175157           
0.175084111892            0.669758192108           
0.180993862113            0.717277008507           
0.187122189278            0.767907718762           
0.193482583873            0.821867772698           
0.20009043965             0.879127869245           
0.206963431703            0.94055245388            
0.214121988994            1.00599852822            
0.22158989226             1.07648813159            
0.229395040479            1.15177875535            
0.237570447282            1.23278763399            
0.246155556045            1.31994737365            
0.255198004484            1.41447963194            
0.264756035908            1.51650552061            
0.274901861508            1.62786758456            
0.285726456686            1.74969426237            
0.297346581671            1.88352763829            
0.309915365237            2.03208994054            
0.323638811248            2.19852929461            
0.338802580059            2.38716819945            
0.355817499907            2.60458814587            
0.375301244496            2.86062196998            
0.398234642229            3.17061702473            
0.426283860573            3.56073280346            
0.462519333761            4.07979862936            
0.513114993274            4.82803326227            
0.590986560213            6.01786876335            
0.71713016283             7.98657047732            
0.898820333355            10.7892521655            
1.13142626636             14.1542503822            
1.42438051008             17.9326423148            
1.79318881943             22.0188231721            
2.25749097293             26.3369128012            
2.84201275272             30.8545878496            
3.57788207504             35.5819748511            
4.50428666467             40.5572300386            
5.67056094416             45.8526385351            
