k                         CCL nl error             
7.95297314504e-06         -5.77963091059e-06       
1.00121999916e-05         -4.78225479256e-06       
1.26046129974e-05         -2.91394408523e-06       
1.58682676083e-05         -9.30255862856e-08       
1.99769653332e-05         9.85994363234e-08        
2.51495093085e-05         9.89993576576e-08        
3.16613563626e-05         9.88638619546e-08        
3.98592860968e-05         9.94265233404e-08        
5.01798681632e-05         9.91272132133e-08        
6.31727111911e-05         9.92112056809e-08        
7.95297314504e-05         9.93861077297e-08        
0.000100121999916         9.94522054949e-08        
0.000126046129974         9.93493828166e-08        
0.000158682676083         9.94548607585e-08        
0.000199769653332         9.93887494571e-08        
0.000251495093085         9.95277243671e-08        
0.000316613563626         9.95236567845e-08        
0.000398592860968         9.94040515923e-08        
0.000501798681632         9.96757167997e-08        
0.000631727111911         9.94351544015e-08        
0.000795297314504         9.96309416721e-08        
0.00100121999916          1.00122834618e-07        
0.00126046129974          9.92174356479e-08        
0.00158682676083          1.01667790705e-07        
0.00199769653332          9.52195900589e-08        
0.00251495093085          1.02439686867e-07        
0.00316613563626          5.02520675098e-08        
0.00398592860968          -0.0027319786729         
0.00501798681632          -0.00342945989451        
0.00631727111911          -0.00430023392374        
0.00795297314504          -0.00538205305094        
0.0100121999916           -0.00671397122237        
0.0126046129971           -0.00833369148714        
0.0158682666014           -0.0102584582643         
0.0199765170691           -0.0124486193265         
0.025109439692            -0.0147411586445         
0.0307765632994           -0.0166356790355         
0.0350940974067           -0.0176526722828         
0.0383422193599           -0.0181918053867         
0.0410987687432           -0.01849926441           
0.0435979302822           -0.0186401703625         
0.0459499281234           -0.0186430311922         
0.048215530921            -0.0185106365334         
0.0504322603932           -0.0182349907644         
0.0526253172724           -0.0178067558177         
0.0548127799928           -0.017212902288          
0.0570083363359           -0.0164391609216         
0.0592228324411           -0.015472591446          
0.0614652055828           -0.0143096160783         
0.0637430737141           -0.0129475808254         
0.0660631231228           -0.0113923911571         
0.0684313718004           -0.00966653486562        
0.0708533532678           -0.00779227813235        
0.073334247753            -0.00580189260419        
0.0758789774779           -0.0037152421906         
0.0784922768332           -0.00155322940561        
0.0811787445762           0.000699905205088        
0.0839428829059           0.00308106846424         
0.0867891268103           0.00565821871954         
0.0897218661286           0.00851933438138         
0.0927454621412           0.0117649427741          
0.0958642600853           0.0155067304123          
0.0990825987126           0.0198237344554          
0.102404817824            0.024775599295           
0.10583526459             0.0303415720128          
0.1093782994              0.0364309877921          
0.113038301908            0.0428695410051          
0.11681967795             0.0494475415437          
0.120726867952            0.0560148552915          
0.124764357453            0.0625459366527          
0.128936690364            0.0692278761797          
0.133248485564            0.0763954654633          
0.137704457444            0.0844271037696          
0.142309441002            0.0937033694533          
0.147068422126            0.104370977784           
0.151986573702            0.116211538611           
0.157069298252            0.12874413805            
0.16232227789             0.141395051085           
0.167751532473            0.153894129585           
0.173363487033            0.166425511906           
0.179165049788            0.179666569543           
0.185163702364            0.194489628913           
0.1913676043              0.211403016363           
0.197785714486            0.230154836277           
0.204427932951            0.249935945748           
0.211305267445            0.269841005656           
0.218430030587            0.289840363905           
0.225816075189            0.311027017436           
0.233479077732            0.334534605065           
0.241436883342            0.36075024637            
0.249709930079            0.388833901103           
0.258321776755            0.417785567624           
0.267299767454            0.447827661382           
0.276675878874            0.480309782119           
0.286487815591            0.516282999358           
0.296780446676            0.555127750536           
0.307607720301            0.596264510973           
0.319035260417            0.64044685537            
0.331143957399            0.68898568512            
0.344035042038            0.742450101275           
0.357837433465            0.800731036924           
0.37271868109             0.865071234532           
0.388901789354            0.937543875957           
0.40669206748             1.01916628336            
0.42652187906             1.11290765917            
0.449029133021            1.22273170329            
0.475203503537            1.35448874462            
0.506678679928            1.51855582066            
0.546364262262            1.73333409034            
0.599915016464            2.03579369921            
0.679137702913            2.50536593339            
0.806764340963            3.30282361094            
1.00300279926             4.58158955136            
1.26198454474             6.27460455184            
1.58873570236             8.29493405149            
2.00009972933             10.5457388198            
2.51797637537             12.9022935565            
3.16994444525             15.2659103527            
3.9907236161              17.5865951196            
5.02402337175             19.8584277123            
6.32487069215             22.1038215695            
7.96254044065             24.3632791828            
