k                         CCL nl error             
4.96050083804e-06         -1.47489382669e-05       
6.24490056024e-06         -1.18333143738e-05       
7.86186400941e-06         -7.57494955301e-06       
9.89750038552e-06         -3.45624403634e-07       
1.24602147486e-05         1.33956339903e-07        
1.56864809834e-05         1.35975426922e-07        
1.97481095316e-05         1.37310931944e-07        
2.48613969242e-05         1.37600742388e-07        
3.12986443606e-05         1.36656360675e-07        
3.94026587403e-05         1.3638620247e-07         
4.96050083804e-05         1.36738892302e-07        
6.24490056024e-05         1.36685937215e-07        
7.86186400941e-05         1.36697412819e-07        
9.89750038552e-05         1.36738865803e-07        
0.000124602147486         1.36854238897e-07        
0.000156864809834         1.3699594004e-07         
0.000197481095316         1.37192260191e-07        
0.000248613969242         1.37302763922e-07        
0.000312986443606         1.37178872869e-07        
0.000394026587403         1.37008313331e-07        
0.000496050083804         1.37039632302e-07        
0.000624490056024         1.36811101851e-07        
0.000786186400941         1.36489851827e-07        
0.000989750038552         1.13918380792e-07        
0.00124602147486          1.36152964645e-07        
0.00156864809834          1.36820322741e-07        
0.00197481095316          1.35615311584e-07        
0.00248613969242          1.45930697789e-07        
0.00312986443606          -2.23048764312e-06       
0.00394026587403          -0.000560672058583       
0.00496050083804          -0.000649855199428       
0.00624490056024          -0.00071353997379        
0.00786186400941          -0.000709919024772       
0.00989750038484          -0.000569757408768       
0.0124602130656           -0.000185852768156       
0.015685866759            0.000606675222847        
0.0197014565473           0.00207210166416         
0.0239854159449           0.00419210141625         
0.0271600869452           0.00605579918632         
0.0295872354995           0.00760954701433         
0.0316673097411           0.00902457785246         
0.0335631916474           0.0103788422336          
0.0353531345214           0.0117190122796          
0.0370809263807           0.0130679310471          
0.0387738972166           0.014454300325           
0.0404505550018           0.0158839069908          
0.0421242655698           0.0173883404006          
0.0438052049999           0.0189782539047          
0.0455014751268           0.0206614737702          
0.0472197793343           0.0224374580079          
0.0489658517783           0.0242966122355          
0.0507447407649           0.0262149885436          
0.0525610019176           0.0281635250095          
0.0544188333758           0.0301234485546          
0.0563221724871           0.0320769630806          
0.0582747661688           0.0340365881446          
0.0602802227946           0.0360286581386          
0.0623420508234           0.038096693423           
0.0644636877324           0.0402883603577          
0.0666485217514           0.0426578991536          
0.0688999082024           0.0452610958705          
0.0712211817872           0.0481473289845          
0.0736156658657           0.0513435626113          
0.0760866795575           0.054851019183           
0.0786375433705           0.0586204618074          
0.0812715839689           0.0625403129159          
0.0839921386362           0.0664789918705          
0.0868025599563           0.0703241858986          
0.0897062212066           0.0740680899029          
0.0927065229523           0.0778154257413          
0.0958069013121           0.081747635949           
0.099010838368            0.0860728389265          
0.102321875182            0.0909552170567          
0.105743627884            0.0965016501393          
0.109279807302            0.102607710562           
0.112934242604            0.109014165117           
0.116710909469            0.115469188395           
0.120613963309            0.121814143279           
0.124647778162            0.128162978836           
0.128816991945            0.134858251884           
0.133126558908            0.142192212349           
0.137581810311            0.150240907026           
0.142188524599            0.159015296744           
0.146953008716            0.168338130282           
0.151882192636            0.177813297335           
0.156983739804            0.187452703478           
0.162266176993            0.197575601597           
0.16773904813             0.208443338152           
0.173413098085            0.220270965986           
0.179300494332            0.23288720364            
0.185415096996            0.246023669278           
0.191772791425            0.259814572805           
0.198391902447            0.274338418416           
0.205293716658            0.290114579324           
0.212503149408            0.306986613327           
0.220049608312            0.324917763443           
0.227968127878            0.343930037131           
0.236300884521            0.364640375164           
0.245099255617            0.38688386608            
0.254426673421            0.410974984299           
0.264362668611            0.43730390011            
0.275008743486            0.466048996985           
0.286497147856            0.497871926056           
0.29900442658             0.533353655389           
0.312773139051            0.573461022824           
0.328148254209            0.619444765309           
0.345641394972            0.673326759529           
0.366051418022            0.738286615927           
0.390707503764            0.819495700208           
0.42199955598             0.926868698754           
0.464618871065            1.080219533              
0.528392991093            1.32432368813            
0.631580419033            1.75271488424            
0.787525840748            2.46758850219            
0.991075480931            3.49820700339            
1.24768646757             4.91225680906            
1.57074419358             6.80847650096            
1.97744978072             9.28249461626            
2.48946177949             12.4062392233            
3.1340466959              16.2072398432            
3.94553102721             20.6533481862            
4.96712927318             25.6574521433            
6.25324526567             31.0856474218            
