k                         CCL nl error             
5.33991216076e-06         -1.2707701769e-05        
6.72255111593e-06         -1.02750423809e-05       
8.46319043193e-06         -6.38366174402e-06       
1.06545254996e-05         -1.05585995475e-07       
1.34132529021e-05         3.12728370431e-07        
1.68862849332e-05         3.12489844126e-07        
2.12585732132e-05         3.09242917908e-07        
2.67629580366e-05         3.13339729772e-07        
3.36925679671e-05         3.1299166273e-07         
4.24164300024e-05         3.13026847751e-07        
5.33991216076e-05         3.12933001097e-07        
6.72255111593e-05         3.1299728093e-07         
8.46319043193e-05         3.13131344908e-07        
0.000106545254996         3.13150566857e-07        
0.000134132529021         3.13167614226e-07        
0.000168862849332         3.13285321851e-07        
0.000212585732132         3.13338700692e-07        
0.000267629580366         3.13367696379e-07        
0.000336925679671         3.13211650131e-07        
0.000424164300024         3.12898380401e-07        
0.000533991216076         3.12712201546e-07        
0.000672255111593         3.12761949228e-07        
0.000846319043193         3.11449936406e-07        
0.00106545254996          3.09062794599e-07        
0.00134132529021          3.08931888672e-07        
0.00168862849332          3.08236387486e-07        
0.00212585732132          3.07735633206e-07        
0.00267629580366          3.07502706158e-07        
0.00336925679671          6.35968394758e-07        
0.00424164300024          1.41881506614e-05        
0.00533991216076          8.22512097187e-05        
0.00672255111593          0.000225315574253        
0.00846319043193          0.000496683269291        
0.0106545254977           0.000955375845311        
0.0134132491067           0.00162187647597         
0.0168851467666           0.00242616818448         
0.0211850599908           0.00328332972742         
0.0255940861554           0.00431056087033         
0.0287972039902           0.00542960551528         
0.0312859616742           0.00660781611294         
0.03343848413             0.00783967719035         
0.0354102900579           0.00908450548444         
0.0372776137782           0.0102906387824          
0.0390837332745           0.0114104470672          
0.040855946123            0.0123886920718          
0.042612889107            0.0131826402778          
0.0443681098139           0.0137686416823          
0.0461319796258           0.0141393381084          
0.0479127948585           0.0143324938843          
0.0497174478259           0.0143795669173          
0.051551855127            0.0143646263985          
0.0534212415355           0.0143685985179          
0.0553303341561           0.0144874518072          
0.0572834986834           0.0147874029844          
0.0592848370687           0.0153707376252          
0.0613382587125           0.0162858076647          
0.0634475330313           0.017553947617           
0.0656163286274           0.0191590331362          
0.0678482426409           0.0210150211049          
0.0701468228025           0.0229709750397          
0.0725155840121           0.0248357223499          
0.0749580208106           0.0263653099556          
0.0774776168025           0.0273802563427          
0.0800778518908           0.0278053650344          
0.0827622080424           0.0277218488209          
0.0855341742221           0.0273628729255          
0.0883972510712           0.0270532485657          
0.0913549558744           0.0271370765967          
0.0944108283343           0.0278952057512          
0.0975684376604           0.029459568583           
0.10083139147             0.0317518744292          
0.104203346991            0.0344670703397          
0.107688025056            0.0370998410276          
0.111289227367            0.0390915788769          
0.115010857543            0.0400995085667          
0.118856946418            0.0402491274739          
0.12283168216             0.0401083711263          
0.12693944575             0.0403587599067          
0.131184852492            0.0414841205479          
0.135572800274            0.0436198686723          
0.140108525499            0.0464422526426          
0.144797667768            0.0491976714862          
0.149646344712            0.0511406856052          
0.15466123871             0.0521229854181          
0.159849697766            0.0526960885329          
0.165219853434            0.0537423649939          
0.170780759592            0.0557321880199          
0.176542556976            0.0584314115312          
0.18251666998             0.0611097232529          
0.188716044263            0.0631138076893          
0.195155436583            0.0645683336718          
0.201851772183            0.0662485238269          
0.208824590568            0.0686153060875          
0.216096608339            0.0714351005249          
0.223694439045            0.07403689253            
0.23164952668             0.0763444577956          
0.239999374442            0.078781148649           
0.248789188636            0.0816722339475          
0.258074117701            0.084836361669           
0.267922363028            0.0879331926621          
0.278419598399            0.0911575116328          
0.28967540886             0.0948396363479          
0.301832945699            0.0987653775373          
0.315083891645            0.10296085547            
0.329692566863            0.107684395324           
0.34603654788             0.112966121465           
0.364678839081            0.119010766869           
0.386504377461            0.12614055409            
0.412997665075            0.134873091266           
0.446854074507            0.146178755996           
0.493417060568            0.162015737854           
0.563895341655            0.186684994784           
0.678191433242            0.228686006831           
0.847706960435            0.2958570762             
1.06695826345             0.391678502711           
1.34321884505             0.526694898202           
1.69101233479             0.718472448893           
2.12885839993             0.992331267266           
2.68007393778             1.38416721892            
3.37401318576             1.94400896743            
4.24763093928             2.73996652187            
5.34745052938             3.86161460307            
6.73204135974             5.42097022413            
