k                         CCL nl error             
8.02144068915e-06         -5.68714580248e-06       
1.00983955228e-05         -4.54776372367e-06       
1.2713126742e-05          -2.76557714762e-06       
1.60048783188e-05         -8.12959546461e-08       
2.01489480282e-05         1.12641549026e-07        
2.53660226937e-05         1.12004849461e-07        
3.19339305652e-05         1.1039410526e-07         
4.0202436687e-05          1.11379529321e-07        
5.06118691613e-05         1.11266136523e-07        
6.37165682256e-05         1.11454252603e-07        
8.02144068915e-05         1.11414480201e-07        
0.000100983955228         1.11484758565e-07        
0.00012713126742          1.11347437487e-07        
0.000160048783188         1.11414817634e-07        
0.000201489480282         1.11381028525e-07        
0.000253660226937         1.11533024156e-07        
0.000319339305652         1.11381316347e-07        
0.00040202436687          1.11479291635e-07        
0.000506118691613         1.11577672009e-07        
0.000637165682256         1.11393360346e-07        
0.000802144068915         1.11899735674e-07        
0.00100983955228          1.11752777265e-07        
0.0012713126742           1.11374625267e-07        
0.00160048783188          1.14662079736e-07        
0.00201489480282          1.1043685659e-07         
0.00253660226937          1.36029354092e-07        
0.00319339305652          6.01906327426e-08        
0.0040202436687           -0.00357810915658        
0.00506118691613          -0.00449120212128        
0.00637165682256          -0.00562642003545        
0.00802144068915          -0.00702292053197        
0.0100983955228           -0.00871823197808        
0.0127131267414           -0.0107208318338         
0.0160048767911           -0.0129979195128         
0.0201483370125           -0.0154362522903         
0.0253159921123           -0.0177640062191         
0.030920915027            -0.0193375324978         
0.0351240760047           -0.0198258122317         
0.0383135695059           -0.0197843188387         
0.0410348558095           -0.0194662842474         
0.0435091829266           -0.0189566525145         
0.0458418460737           -0.018290857344          
0.0480913651183           -0.0174896601331         
0.0502940844559           -0.0165595376525         
0.0524745232483           -0.0155016244761         
0.0546503342163           -0.0143171010505         
0.0568349228851           -0.0129974175542         
0.059038938921            -0.0115323611391         
0.0612711771042           -0.00990740112889        
0.0635391482803           -0.0081059611536         
0.0658494556079           -0.00610977627311        
0.0682080506386           -0.00389764915637        
0.0706204123192           -0.00145305069242        
0.0730916748827           0.00124102706075         
0.0756267208354           0.00419927663903         
0.0782302494877           0.00743319435628         
0.0809068279528           0.01095092644            
0.0836609293365           0.0147568617205          
0.0864969614217           0.0188585766466          
0.0894192882329           0.0232603079045          
0.0924322462532           0.0279765768671          
0.0955401566632           0.0330301211707          
0.0987473346995           0.0384545370575          
0.102058097052            0.0442860772482          
0.105476768105            0.0505655414815          
0.109007685739            0.0573219231701          
0.11265520739             0.064568807977           
0.116423716994            0.0723129304864          
0.120317633462            0.0805589343268          
0.124341421297            0.0893186428647          
0.128499603965            0.0986249338372          
0.132796780625            0.108527009882           
0.13723764682             0.11909651638            
0.141827019735            0.13039334729            
0.146569868651            0.142452024221           
0.151471351231            0.155264081301           
0.156536856358            0.168772698592           
0.161772054281            0.182942146265           
0.167182954992            0.197824253801           
0.172775975893            0.213555891192           
0.17855802008             0.230278155988           
0.184536566878            0.248105067766           
0.190719776732            0.267092805025           
0.197116613117            0.287149319663           
0.203736984932            0.3081690243             
0.210591913854            0.330212068536           
0.217693732512            0.353473614412           
0.22505632114             0.378243073185           
0.232695392855            0.404697891775           
0.240628841013            0.432740737034           
0.248877166742            0.462346652491           
0.25746401115             0.493623430832           
0.266416825901            0.526963037201           
0.275767728945            0.562699497598           
0.285554611594            0.600929980473           
0.29582259198             0.641734636568           
0.306625954087            0.685552976715           
0.318030780505            0.732914113817           
0.330118597542            0.784271654403           
0.342991533441            0.840147201234           
0.356779800212            0.901372363923           
0.371652855391            0.96905771189            
0.387836601052            1.04457364317            
0.40564089836             1.12977720326            
0.425505557543            1.22747767978            
0.448081279136            1.3416985995             
0.474381042988            1.47889093469            
0.506084088427            1.64976535103            
0.546196388438            1.87403375901            
0.600591459937            2.19119905157            
0.681557294548            2.6859536554             
0.812328545994            3.52534172123            
1.01158896415             4.84215565224            
1.27294255019             6.52057677514            
1.60253344353             8.41901773428            
2.0174700631              10.4048661791            
2.53984432997             12.3801108933            
3.197474569               14.3042985711            
4.02538198848             16.1822367723            
5.06765567748             18.0429427846            
6.3798005106              19.9302534892            
8.03169298497             21.8921947191            
