k                         CCL lin error            
7.40683154932e-06         -6.72194474755e-06       
9.32464845832e-06         -5.55454152301e-06       
1.17390369002e-05         -3.74950215679e-06       
1.47785718637e-05         -2.19840062715e-07       
1.86051196692e-05         1.07871668689e-08        
2.3422457941e-05          1.07895147864e-08        
2.94871275087e-05         1.07889226033e-08        
3.71220941415e-05         1.07854734121e-08        
4.67339476537e-05         1.07963174921e-08        
5.88345542947e-05         1.07988527599e-08        
7.40683154932e-05         1.07843214006e-08        
9.32464845832e-05         1.05418402452e-08        
0.000117390369002         1.08457886918e-08        
0.000147785718637         1.07955084818e-08        
0.000186051196692         1.08109314051e-08        
0.00023422457941          1.09608529433e-08        
0.000294871275087         1.08520686321e-08        
0.000371220941415         1.07442174327e-08        
0.000467339476537         1.09753033042e-08        
0.000588345542947         1.09414816233e-08        
0.000740683154932         1.05900758287e-08        
0.000932464845832         1.08596230458e-08        
0.00117390369002          1.12342662046e-08        
0.00147785718637          1.03704511282e-08        
0.00186051196692          1.04369734085e-08        
0.0023422457941           1.09658618032e-08        
0.00294871275087          1.0228147599e-08         
0.00371220941415          9.24331216151e-09        
0.00467339476537          1.20245035714e-08        
0.00588345542947          1.06300974705e-08        
0.00740683154932          7.38248067244e-09        
0.00932464845832          1.17424030585e-08        
0.0117390369002           8.45821614042e-09        
0.0147785717078           3.01950508832e-09        
0.0186050092305           1.21638398356e-07        
0.0234080384054           -2.96661044126e-07       
0.0290319507146           5.8263721406e-09         
0.0337055302483           1.19593643451e-07        
0.0371077501538           3.53515795363e-08        
0.0399242482716           2.48524999676e-09        
0.0424441319668           4.85965557903e-09        
0.0447971472518           -4.63181684616e-08       
0.0470523250068           1.16341120515e-08        
0.0492512108865           -9.21729287936e-08       
0.0514211712216           -5.05232244221e-08       
0.0535815357013           -5.56314869564e-07       
0.0557467521765           2.92727446895e-08        
0.0579281441969           -1.08235769847e-07       
0.0601349545357           -1.2163691214e-07        
0.0623749972295           -5.91486513735e-07       
0.0646550823167           -1.04190185949e-07       
0.0669813021663           1.91841545016e-08        
0.0693592300515           1.99856239021e-07        
0.0717940611131           4.24227959111e-08        
0.0742907143302           -7.96636166773e-07       
0.0768539073815           8.06028427709e-07        
0.079488212207            7.33124799649e-07        
0.0821980965466           3.19568479908e-07        
0.0849879551198           -1.65194049475e-06       
0.087862133063            -6.81860831323e-07       
0.0908249435509           -5.71609736971e-07       
0.0938806810723           2.1358260392e-06         
0.0970336315217           -7.75738018244e-09       
0.100288080072            -4.02744608902e-07       
