# Matter power spectrum P(k) at redshift z=0.5
# for k=2.38726e-07 to 11.9777 h/Mpc,
# number of wavenumbers equal to 139
#    1:k (h/Mpc)              2:P (Mpc/h)^3        
       2.387256235384e-07       4.078471112379e-01 
       3.005377539189e-07       5.094099110932e-01 
       3.783546156120e-07       6.362640565599e-01 
       4.763202402635e-07       7.947076425376e-01 
       5.996516546197e-07       9.926071262311e-01 
       7.549167062251e-07       1.239787883401e+00 
       9.503838252548e-07       1.548522021185e+00 
       1.196462348571e-06       1.934137666758e+00 
       1.506256854871e-06       2.415779981046e+00 
       1.896265031287e-06       3.017361680107e+00 
       2.387256235384e-06       3.768750254003e+00 
       3.005377539189e-06       4.707250822673e+00 
       3.783546156120e-06       5.879458243354e+00 
       4.763202402635e-06       7.343570409803e+00 
       5.996516546197e-06       9.172277565910e+00 
       7.549167062251e-06       1.145637102881e+01 
       9.503838252548e-06       1.430925038023e+01 
       1.196462348571e-05       1.787255268304e+01 
       1.506256854871e-05       2.232318277651e+01 
       1.896265031287e-05       2.788209285036e+01 
       2.387256235384e-05       3.482524550872e+01 
       3.005377539189e-05       4.349730131612e+01 
       3.783546156120e-05       5.432870383447e+01 
       4.763202402635e-05       6.785699745384e+01 
       5.996516546197e-05       8.475341082864e+01 
       7.549167062251e-05       1.058559753448e+02 
       9.503838252548e-05       1.322107235836e+02 
       1.196462348571e-04       1.651228186190e+02 
       1.506256854871e-04       2.062197727974e+02 
       1.896265031287e-04       2.575291601777e+02 
       2.387256235384e-04       3.215732791038e+02 
       3.005377539189e-04       4.014828463408e+02 
       3.783546156120e-04       5.011306380862e+02 
       4.763202402635e-04       6.252836063725e+02 
       5.996516546197e-04       7.797681808140e+02 
       7.549167062251e-04       9.716386591934e+02 
       9.503838252548e-04       1.209332968301e+03 
       1.196462348571e-03       1.502786868894e+03 
       1.506256854871e-03       1.863434857906e+03 
       1.896265031287e-03       2.303957056861e+03 
       2.387256235384e-03       2.837630253822e+03 
       3.005377539189e-03       3.477107569815e+03 
       3.783546156120e-03       4.232384220879e+03 
       4.763202402635e-03       5.107715240077e+03 
       5.996516546197e-03       6.073790244329e+03 
       7.549167062251e-03       7.143684341702e+03 
       9.503838252548e-03       8.254509238006e+03 
       1.196462348571e-02       9.326265531170e+03 
       1.506256854871e-02       1.023920984036e+04 
       1.896265031266e-02       1.083489569402e+04 
       2.387256154643e-02       1.094075891121e+04 
       3.005335184148e-02       1.044150902158e+04 
       3.779217380862e-02       9.406356822234e+03 
       4.654409121297e-02       8.262667777974e+03 
       5.339937896784e-02       7.564785932802e+03 
       5.849162069914e-02       7.159739720853e+03 
       6.277679351032e-02       6.872275714255e+03 
       6.664423025507e-02       6.637109767553e+03 
       7.027409895927e-02       6.424473213912e+03 
       7.376450184889e-02       6.218509721799e+03 
       7.717547063995e-02       6.010361765544e+03 
       8.054704928783e-02       5.795498478931e+03 
       8.390780716157e-02       5.572488762389e+03 
       8.727927648640e-02       5.342295863752e+03 
       9.067845296663e-02       5.107736420006e+03 
       9.411929411518e-02       4.872957356483e+03 
       9.761366242097e-02       4.642879649750e+03 
       1.011719434699e-01       4.422612517139e+03 
       1.048034647346e-01       4.216866968659e+03 
       1.085167872183e-01       4.029414453751e+03 
       1.123199131870e-01       3.862630687327e+03 
       1.162204368449e-01       3.717161090171e+03 
       1.202256551779e-01       3.591737475304e+03 
       1.243426503393e-01       3.483176868595e+03 
       1.285783512956e-01       3.386602976749e+03 
       1.329395801171e-01       3.295936774386e+03 
       1.374330867755e-01       3.204683678634e+03 
       1.420655753105e-01       3.106981878164e+03 
       1.468437235570e-01       2.998763931090e+03 
       1.517741981851e-01       2.878757142069e+03 
       1.568636665076e-01       2.748980441305e+03 
       1.621188063166e-01       2.614463147244e+03 
       1.675463148861e-01       2.482134927157e+03 
       1.731529181990e-01       2.359129649451e+03 
       1.789453814053e-01       2.250962218157e+03 
       1.849305214902e-01       2.160069566890e+03 
       1.911152231070e-01       2.085087404236e+03 
       1.975064585213e-01       2.021084858738e+03 
       2.041113125994e-01       1.960855304194e+03 
       2.109370137746e-01       1.897148070178e+03 
       2.179909719270e-01       1.825280965171e+03 
       2.252808241326e-01       1.745056632056e+03 
       2.328144892768e-01       1.660856246681e+03 
       2.406002325993e-01       1.579593392187e+03 
       2.486467413529e-01       1.507456728099e+03 
       2.569632129343e-01       1.447070843968e+03 
       2.655594570995e-01       1.396414146868e+03 
       2.744460142323e-01       1.350005068793e+03 
       2.836342921208e-01       1.301940956696e+03 
       2.931367243516e-01       1.249311470064e+03 
       3.029669543004e-01       1.193788592056e+03 
       3.131400498520e-01       1.140068493868e+03 
       3.236727555027e-01       1.092249310848e+03 
       3.345837905189e-01       1.050918524043e+03 
       3.458942045187e-01       1.013085244512e+03 
       3.576278054641e-01       9.749288634080e+02 
       3.698116799762e-01       9.350917034563e+02 
       3.824768326566e-01       8.954847142164e+02 
       3.956589805441e-01       8.588292017933e+02 
       4.093995521994e-01       8.256656849015e+02 
       4.237469601281e-01       7.940951307236e+02 
       4.387582433741e-01       7.623342171928e+02 
       4.545012190380e-01       7.307726164717e+02 
       4.710573452883e-01       7.008546877571e+02 
       4.885255977620e-01       6.726777712946e+02 
       5.070278197842e-01       6.450650850370e+02 
       5.267162669537e-01       6.176578480921e+02 
       5.477845068260e-01       5.910964437883e+02 
       5.704836056901e-01       5.652800117930e+02 
       5.951469398027e-01       5.395870169015e+02 
       6.222296457516e-01       5.140800069717e+02 
       6.523740896416e-01       4.886098333573e+02 
       6.865241211120e-01       4.627230897703e+02 
       7.261366520269e-01       4.361309356467e+02 
       7.736016373185e-01       4.081661524686e+02 
       8.331434790797e-01       3.779102856279e+02 
       9.129056266177e-01       3.438039219952e+02 
       1.029825506130e+00       3.033620026286e+02 
       1.217273657641e+00       2.539608176514e+02 
       1.509145603464e+00       1.990989945563e+02 
       1.898361833280e+00       1.489825127244e+02 
       2.389874481796e+00       1.069151506221e+02 
       3.008673660548e+00       7.349308896914e+01 
       3.787695727040e+00       4.862152000065e+01 
       4.768426402915e+00       3.118896031206e+01 
       6.003093172900e+00       1.953810394841e+01 
       7.557446544732e+00       1.202550602507e+01 
       9.514261503439e+00       7.306878222956e+00 
       1.197774558113e+01       4.398692830585e+00 
