# Matter power spectrum P(k) at redshift z=1.5
# for k=1.89999e-07 to 12.0028 h/Mpc,
# number of wavenumbers equal to 140
#    1:k (h/Mpc)              2:P (Mpc/h)^3        
       1.899990317268e-07       4.994229781633e-01 
       2.391946092572e-07       6.226708281535e-01 
       3.011281719581e-07       7.763338433221e-01 
       3.790979078851e-07       9.679178929222e-01 
       4.772559897946e-07       1.206781147736e+00 
       6.008296934834e-07       1.504591191667e+00 
       7.563997692867e-07       1.875894939252e+00 
       9.522508910303e-07       2.338829196491e+00 
       1.198812845122e-06       2.916006572669e+00 
       1.509215954709e-06       3.635620015415e+00 
       1.899990317268e-06       4.532819916173e+00 
       2.391946092572e-06       5.651431046680e+00 
       3.011281719581e-06       7.046093178312e+00 
       3.790979078851e-06       8.784929915100e+00 
       4.772559897946e-06       1.095287604703e+01 
       6.008296934834e-06       1.365582584590e+01 
       7.563997692867e-06       1.702580469747e+01 
       9.522508910303e-06       2.122741627826e+01 
       1.198812845122e-05       2.646587928992e+01 
       1.509215954709e-05       3.299704467531e+01 
       1.899990317268e-05       4.113987919157e+01 
       2.391946092572e-05       5.129201854897e+01 
       3.011281719581e-05       6.394913665683e+01 
       3.790979078851e-05       7.972905128430e+01 
       4.772559897946e-05       9.940169252548e+01 
       6.008296934834e-05       1.239262975543e+02 
       7.563997692867e-05       1.544974507422e+02 
       9.522508910303e-05       1.926018306903e+02 
       1.198812845122e-04       2.400876799428e+02 
       1.509215954709e-04       2.992489253986e+02 
       1.899990317268e-04       3.729252522378e+02 
       2.391946092572e-04       4.646177434109e+02 
       3.011281719581e-04       5.786161049937e+02 
       3.790979078851e-04       7.201269529203e+02 
       4.772559897946e-04       8.953825530147e+02 
       6.008296934834e-04       1.111697552484e+03 
       7.563997692867e-04       1.377433879769e+03 
       9.522508910303e-04       1.701835405851e+03 
       1.198812845122e-03       2.094671702612e+03 
       1.509215954709e-03       2.565495065040e+03 
       1.899990317268e-03       3.122172941197e+03 
       2.391946092572e-03       3.768675671132e+03 
       3.011281719581e-03       4.502246428628e+03 
       3.790979078851e-03       5.309904620508e+03 
       4.772559897946e-03       6.164197971306e+03 
       6.008296934834e-03       7.018987420747e+03 
       7.563997692867e-03       7.805826214648e+03 
       9.522508910303e-03       8.431529249249e+03 
       1.198812845122e-02       8.779236964180e+03 
       1.509215954709e-02       8.718815914524e+03 
       1.899990313979e-02       8.139846220537e+03 
       2.391942406381e-02       7.024824541108e+03 
       3.010582473162e-02       5.554543742574e+03 
       3.760278121169e-02       4.175172982250e+03 
       4.448040341872e-02       3.406809834662e+03 
       4.940363817346e-02       3.083730727011e+03 
       5.337032433422e-02       2.909223049524e+03 
       5.686883108439e-02       2.788696303636e+03 
       6.010887235478e-02       2.686154095857e+03 
       6.319806576563e-02       2.584578260293e+03 
       6.619953128489e-02       2.475408898431e+03 
       6.915405158086e-02       2.354964021642e+03 
       7.208999717449e-02       2.222901593091e+03 
       7.502830914486e-02       2.081329121646e+03 
       7.798522668881e-02       1.934092622239e+03 
       8.097388425431e-02       1.786089637250e+03 
       8.400529836713e-02       1.642584557203e+03 
       8.708900456742e-02       1.508565114217e+03 
       9.023348353827e-02       1.388199262965e+03 
       9.344645478473e-02       1.284440298670e+03 
       9.673508404170e-02       1.198796324035e+03 
       1.001061326949e-01       1.131245353001e+03 
       1.035660671306e-01       1.080255962895e+03 
       1.071211397117e-01       1.042884410028e+03 
       1.107774492296e-01       1.014960418650e+03 
       1.145409862507e-01       9.914237852324e+02 
       1.184176671959e-01       9.668910183922e+02 
       1.224133599626e-01       9.364764450572e+02 
       1.265339032101e-01       8.967603503933e+02 
       1.307851209736e-01       8.466414344955e+02 
       1.351728339697e-01       7.877312912693e+02 
       1.397028687531e-01       7.240387785222e+02 
       1.443810657568e-01       6.609511293952e+02 
       1.492132871627e-01       6.038221712489e+02 
       1.542054254981e-01       5.566348544354e+02 
       1.593634138199e-01       5.211111194332e+02 
       1.646932383301e-01       4.963982504974e+02 
       1.702009542489e-01       4.792971177453e+02 
       1.758927057666e-01       4.650300509698e+02 
       1.817747508871e-01       4.485878495953e+02 
       1.878534919788e-01       4.264524364075e+02 
       1.941355128588e-01       3.980088012399e+02 
       2.006276232626e-01       3.657696103770e+02 
       2.073369116014e-01       3.340951114659e+02 
       2.142708069942e-01       3.070719969687e+02 
       2.214371516917e-01       2.867095039034e+02 
       2.288442852007e-01       2.722431872581e+02 
       2.365011416913e-01       2.606981113290e+02 
       2.444173626443e-01       2.484900017931e+02 
       2.526034272039e-01       2.334313323007e+02 
       2.610708033794e-01       2.159440248056e+02 
       2.698321241387e-01       1.984863572854e+02 
       2.789013936236e-01       1.835901440886e+02 
       2.882942302926e-01       1.720729609355e+02 
       2.980281558857e-01       1.626897962143e+02 
       3.081229419147e-01       1.533437810760e+02 
       3.186010291718e-01       1.428923214713e+02 
       3.294880409485e-01       1.319742649538e+02 
       3.408134178565e-01       1.220591654446e+02 
       3.526112122722e-01       1.138044388259e+02 
       3.649210949024e-01       1.065092425746e+02 
       3.777896469880e-01       9.913557273469e+01 
       3.912720427728e-01       9.157201559995e+01 
       4.054342737986e-01       8.451828206486e+01 
       4.203561389842e-01       7.829421776523e+01 
       4.361353387927e-01       7.244114990592e+01 
       4.528931972691e-01       6.661374973649e+01 
       4.707828456028e-01       6.107590221179e+01 
       4.900012360012e-01       5.597552412970e+01 
       5.108073139459e-01       5.105172772455e+01 
       5.335504707768e-01       4.628274969761e+01 
       5.587169181199e-01       4.175975895498e+01 
       5.870089186126e-01       3.735000891247e+01 
       6.194878804965e-01       3.305879234153e+01 
       6.578502385102e-01       2.882331382264e+01 
       7.050008647476e-01       2.459034712620e+01 
       7.663428935355e-01       2.027748019175e+01 
       8.528310433506e-01       1.580291430400e+01 
       9.872640352208e-01       1.119231683019e+01 
       1.204227162697e+00       6.963728870225e+00 
       1.511160842277e+00       4.015643228264e+00 
       1.902312825998e+00       2.279337702466e+00 
       2.394869291918e+00       1.284012365575e+00 
       3.014961808986e+00       7.184482461481e-01 
       3.795612036921e+00       3.995292217025e-01 
       4.778392446592e+00       2.209315082601e-01 
       6.015639678540e+00       1.215417403722e-01 
       7.573241659511e+00       6.654725892566e-02 
       9.534146374816e+00       3.627669134094e-02 
       1.200277915102e+01       1.969481031642e-02 
