# Matter power spectrum P(k) at redshift z=2.5
# for k=1.89999e-07 to 12.0028 h/Mpc,
# number of wavenumbers equal to 140
#    1:k (h/Mpc)              2:P (Mpc/h)^3        
       1.899990317268e-07       2.652115658498e-01 
       2.391946092572e-07       3.306606074070e-01 
       3.011281719581e-07       4.122611957227e-01 
       3.790979078851e-07       5.139992174551e-01 
       4.772559897946e-07       6.408441979330e-01 
       6.008296934834e-07       7.989920439257e-01 
       7.563997692867e-07       9.961676905172e-01 
       9.522508910303e-07       1.242002434470e+00 
       1.198812845122e-06       1.548504385365e+00 
       1.509215954709e-06       1.930645014092e+00 
       1.899990317268e-06       2.407090445808e+00 
       2.391946092572e-06       3.001113216356e+00 
       3.011281719581e-06       3.741729021394e+00 
       3.790979078851e-06       4.665113968036e+00 
       4.772559897946e-06       5.816371529482e+00 
       6.008296934834e-06       7.251735463047e+00 
       7.563997692867e-06       9.041316171553e+00 
       9.522508910303e-06       1.127252447820e+01 
       1.198812845122e-05       1.405433957950e+01 
       1.509215954709e-05       1.752262888868e+01 
       1.899990317268e-05       2.184677790474e+01 
       2.391946092572e-05       2.723795078945e+01 
       3.011281719581e-05       3.395937867152e+01 
       3.790979078851e-05       4.233916564782e+01 
       4.772559897946e-05       5.278621298305e+01 
       6.008296934834e-05       6.580999031952e+01 
       7.563997692867e-05       8.204502267550e+01 
       9.522508910303e-05       1.022810993145e+02 
       1.198812845122e-04       1.275003080303e+02 
       1.509215954709e-04       1.589219794404e+02 
       1.899990317268e-04       1.980563397870e+02 
       2.391946092572e-04       2.467668365171e+02 
       3.011281719581e-04       3.073392448082e+02 
       3.790979078851e-04       3.825520958567e+02 
       4.772559897946e-04       4.757370012901e+02 
       6.008296934834e-04       5.908092955849e+02 
       7.563997692867e-04       7.322421278669e+02 
       9.522508910303e-04       9.049574536422e+02 
       1.198812845122e-03       1.114114258850e+03 
       1.509215954709e-03       1.364742405180e+03 
       1.899990317268e-03       1.661036929491e+03 
       2.391946092572e-03       2.005125238108e+03 
       3.011281719581e-03       2.395528726304e+03 
       3.790979078851e-03       2.825345402196e+03 
       4.772559897946e-03       3.279968417860e+03 
       6.008296934834e-03       3.733975491580e+03 
       7.563997692867e-03       4.152470911276e+03 
       9.522508910303e-03       4.485330870528e+03 
       1.198812845122e-02       4.670578918132e+03 
       1.509215954709e-02       4.639259082686e+03 
       1.899990313979e-02       4.332827910788e+03 
       2.391942406381e-02       3.741767390742e+03 
       3.010582473162e-02       2.961557476836e+03 
       3.760278121169e-02       2.229222310506e+03 
       4.448040341872e-02       1.821976911117e+03 
       4.940363817346e-02       1.651703064414e+03 
       5.337032433422e-02       1.560515318442e+03 
       5.686883108439e-02       1.498040142078e+03 
       6.010887235478e-02       1.445047905861e+03 
       6.319806576563e-02       1.392391759543e+03 
       6.619953128489e-02       1.335426914184e+03 
       6.915405158086e-02       1.272122260579e+03 
       7.208999717449e-02       1.202257028726e+03 
       7.502830914486e-02       1.126956355995e+03 
       7.798522668881e-02       1.048314230253e+03 
       8.097388425431e-02       9.690206462436e+02 
       8.400529836713e-02       8.919829891966e+02 
       8.708900456742e-02       8.199668672129e+02 
       9.023348353827e-02       7.552922351634e+02 
       9.344645478473e-02       6.996135782912e+02 
       9.673508404170e-02       6.537931813309e+02 
       1.001061326949e-01       6.178558362523e+02 
       1.035660671306e-01       5.909999986092e+02 
       1.071211397117e-01       5.716463480113e+02 
       1.107774492296e-01       5.575290317966e+02 
       1.145409862507e-01       5.458654779435e+02 
       1.184176671959e-01       5.336550458555e+02 
       1.224133599626e-01       5.181306151567e+02 
       1.265339032101e-01       4.973123161507e+02 
       1.307851209736e-01       4.705157790260e+02 
       1.351728339697e-01       4.386073983302e+02 
       1.397028687531e-01       4.038440725535e+02 
       1.443810657568e-01       3.692917153765e+02 
       1.492132871627e-01       3.380085275125e+02 
       1.542054254981e-01       3.122765231561e+02 
       1.593634138199e-01       2.930995782995e+02 
       1.646932383301e-01       2.800298572803e+02 
       1.702009542489e-01       2.712856390302e+02 
       1.758927057666e-01       2.641574907693e+02 
       1.817747508871e-01       2.557502358717e+02 
       1.878534919788e-01       2.439807650618e+02 
       1.941355128588e-01       2.284418421386e+02 
       2.006276232626e-01       2.105787282073e+02 
       2.073369116014e-01       1.929480377466e+02 
       2.142708069942e-01       1.779581708198e+02 
       2.214371516917e-01       1.668059906084e+02 
       2.288442852007e-01       1.590701288725e+02 
       2.365011416913e-01       1.530224940206e+02 
       2.444173626443e-01       1.465406519141e+02 
       2.526034272039e-01       1.382980875378e+02 
       2.610708033794e-01       1.285268721769e+02 
       2.698321241387e-01       1.187015290485e+02 
       2.789013936236e-01       1.103550809318e+02 
       2.882942302926e-01       1.039951893822e+02 
       2.980281558857e-01       9.888466637299e+01 
       3.081229419147e-01       9.375393970812e+01 
       3.186010291718e-01       8.789700615383e+01 
       3.294880409485e-01       8.170010084913e+01 
       3.408134178565e-01       7.607108992149e+01 
       3.526112122722e-01       7.142425493227e+01 
       3.649210949024e-01       6.733356998401e+01 
       3.777896469880e-01       6.315453268394e+01 
       3.912720427728e-01       5.881541043369e+01 
       4.054342737986e-01       5.475702110066e+01 
       4.203561389842e-01       5.118580512251e+01 
       4.361353387927e-01       4.781542262945e+01 
       4.528931972691e-01       4.442705389892e+01 
       4.707828456028e-01       4.119030928824e+01 
       4.900012360012e-01       3.820286602339e+01 
       5.108073139459e-01       3.529854507150e+01 
       5.335504707768e-01       3.246414259659e+01 
       5.587169181199e-01       2.976035517633e+01 
       5.870089186126e-01       2.710109386843e+01 
       6.194878804965e-01       2.448985476513e+01 
       6.578502385102e-01       2.188404317906e+01 
       7.050008647476e-01       1.924500589538e+01 
       7.663428935355e-01       1.650956845716e+01 
       8.528310433506e-01       1.360326658642e+01 
       9.872640352208e-01       1.049823282477e+01 
       1.204227162697e+00       7.477044952295e+00 
       1.511160842277e+00       5.166534932888e+00 
       1.902312825998e+00       3.619034377859e+00 
       2.394869291918e+00       2.573873792638e+00 
       3.014961808986e+00       1.848108172946e+00 
       3.795612036921e+00       1.330281993316e+00 
       4.778392446592e+00       9.527330448408e-01 
       6.015639678540e+00       6.740633329721e-01 
       7.573241659511e+00       4.682679568891e-01 
       9.534146374816e+00       3.180255859673e-01 
       1.200277915102e+01       2.106960980125e-01 
