# Matter power spectrum P(k) at redshift z=0.5
# for k=1.60924e-07 to 10.1651 h/Mpc,
# number of wavenumbers equal to 140
#    1:k (h/Mpc)              2:P (Mpc/h)^3        
       1.609238818975e-07       1.229160977338e+00 
       2.025911642854e-07       1.536946547445e+00 
       2.550471649238e-07       1.921802540384e+00 
       3.210853571287e-07       2.403027618537e+00 
       4.042225154443e-07       3.004752885624e+00 
       5.088859967122e-07       3.757151943504e+00 
       6.406495129671e-07       4.697953949353e+00 
       8.065299519279e-07       5.874335544927e+00 
       1.015361051855e-06       7.345286526185e+00 
       1.278263830327e-06       9.184567874928e+00 
       1.609238818975e-06       1.148441047380e+01 
       2.025911642854e-06       1.436013995690e+01 
       2.550471649238e-06       1.795595957023e+01 
       3.210853571287e-06       2.245218094781e+01 
       4.042225154443e-06       2.807426523118e+01 
       5.088859967122e-06       3.510412760051e+01 
       6.406495129671e-06       4.389427146947e+01 
       8.065299519279e-06       5.488545989672e+01 
       1.015361051855e-05       6.862880795306e+01 
       1.278263830327e-05       8.581339912952e+01 
       1.609238818975e-05       1.073008012078e+02 
       2.025911642854e-05       1.341681937858e+02 
       2.550471649238e-05       1.677622332206e+02 
       3.210853571287e-05       2.097662831685e+02 
       4.042225154443e-05       2.622842378855e+02 
       5.088859967122e-05       3.279448572962e+02 
       6.406495129671e-05       4.100312860511e+02 
       8.065299519279e-05       5.126411544241e+02 
       1.015361051855e-04       6.408831525833e+02 
       1.278263830327e-04       8.011158158885e+02 
       1.609238818975e-04       1.001232680173e+03 
       2.025911642854e-04       1.250993657290e+03 
       2.550471649238e-04       1.562393612381e+03 
       3.210853571287e-04       1.950044028571e+03 
       4.042225154443e-04       2.431523058358e+03 
       5.088859967122e-04       3.027629192171e+03 
       6.406495129671e-04       3.762458266687e+03 
       8.065299519279e-04       4.663171571371e+03 
       1.015361051855e-03       5.759114923491e+03 
       1.278263830327e-03       7.079663774177e+03 
       1.609238818975e-03       8.650361065965e+03 
       2.025911642854e-03       1.048697560869e+04 
       2.550471649238e-03       1.258720345591e+04 
       3.210853571287e-03       1.492018430965e+04 
       4.042225154443e-03       1.741180048880e+04 
       5.088859967122e-03       1.992902784569e+04 
       6.406495129671e-03       2.226194033234e+04 
       8.065299519279e-03       2.410684924999e+04 
       1.015361051855e-02       2.505879532242e+04 
       1.278263830326e-02       2.464173018454e+04 
       1.609238814112e-02       2.243897846102e+04 
       2.025906906124e-02       1.840467404229e+04 
       2.549670330479e-02       1.330373483052e+04 
       3.178995780979e-02       8.887594937197e+03 
       3.739042448317e-02       6.761522206000e+03 
       4.141073785669e-02       6.015938551733e+03 
       4.467781702261e-02       5.716732424393e+03 
       4.757236418596e-02       5.582968214333e+03 
       5.025999718924e-02       5.503772476974e+03 
       5.282666095429e-02       5.421880821967e+03 
       5.532316710859e-02       5.303893381036e+03 
       5.778254115351e-02       5.131057361339e+03 
       6.022786477684e-02       4.895995795002e+03 
       6.267624059552e-02       4.601092881819e+03 
       6.514097420775e-02       4.256976162208e+03 
       6.763285735266e-02       3.880523224185e+03 
       7.016096346731e-02       3.492315973586e+03 
       7.273316261570e-02       3.113790063149e+03 
       7.535646679163e-02       2.764508954946e+03 
       7.803726835109e-02       2.460022188373e+03 
       8.078150866795e-02       2.210627874685e+03 
       8.359479979031e-02       2.021081202571e+03 
       8.648251355848e-02       1.890975380311e+03 
       8.944984764467e-02       1.815320782439e+03 
       9.250187487739e-02       1.784903200056e+03 
       9.564358024810e-02       1.786357151967e+03 
       9.887988872547e-02       1.802407630817e+03 
       1.022156861668e-01       1.813098227776e+03 
       1.056558350616e-01       1.798675643293e+03 
       1.092051864722e-01       1.743988610870e+03 
       1.128685892922e-01       1.643080328142e+03 
       1.166508977807e-01       1.501844491864e+03 
       1.205569782232e-01       1.336963249678e+03 
       1.245917155076e-01       1.171015165729e+03 
       1.287600203562e-01       1.025737634209e+03 
       1.330668379316e-01       9.163978839980e+02 
       1.375171585172e-01       8.491334999190e+02 
       1.421160309614e-01       8.208494592628e+02 
       1.468685795671e-01       8.200899075767e+02 
       1.517800251057e-01       8.285974694977e+02 
       1.568557106339e-01       8.253306088366e+02 
       1.621011328028e-01       7.940252133390e+02 
       1.675219793719e-01       7.312219068706e+02 
       1.731241736827e-01       6.485926919381e+02 
       1.789139269214e-01       5.665420394750e+02 
       1.848977991097e-01       5.033867217727e+02 
       1.910827699294e-01       4.674969789395e+02 
       1.974763207168e-01       4.552941079704e+02 
       2.040865292835e-01       4.534143796230e+02 
       2.109221796550e-01       4.446569449147e+02 
       2.179928893892e-01       4.178730068195e+02 
       2.253092579077e-01       3.757759082152e+02 
       2.328830402776e-01       3.322238069447e+02 
       2.407273522223e-01       3.007564735497e+02 
       2.488569139159e-01       2.851598739787e+02 
       2.572883425067e-01       2.781305793961e+02 
       2.660405065430e-01       2.674715184223e+02 
       2.751349599038e-01       2.467651804945e+02 
       2.845964789825e-01       2.211884740506e+02 
       2.944537355253e-01       2.007821440646e+02 
       3.047401498991e-01       1.892343677237e+02 
       3.154949875697e-01       1.808796272824e+02 
       3.267647882358e-01       1.683552246978e+02 
       3.386052573737e-01       1.522027560986e+02 
       3.510838122071e-01       1.388535627507e+02 
       3.642830726481e-01       1.300386104946e+02 
       3.783057478887e-01       1.208950873100e+02 
       3.932816374642e-01       1.094624761915e+02 
       4.093779298431e-01       9.961500268653e+01 
       4.268148161730e-01       9.171957175989e+01 
       4.458900025458e-01       8.274217373157e+01 
       4.670187874592e-01       7.431599617065e+01 
       4.908027869244e-01       6.667230429739e+01 
       5.181545960488e-01       5.867396427940e+01 
       5.505393562546e-01       5.114924474927e+01 
       5.904797100180e-01       4.348502701223e+01 
       6.426976824430e-01       3.568940198587e+01 
       7.168181567881e-01       2.762286450565e+01 
       8.327657044513e-01       1.935919757241e+01 
       1.019170767702e+00       1.191992569654e+01 
       1.279774165729e+00       6.847312637209e+00 
       1.611064092652e+00       3.879936621778e+00 
       2.028209170507e+00       2.183062992330e+00 
       2.553364064939e+00       1.220561366534e+00 
       3.214494906913e+00       6.784788666437e-01 
       4.046809324396e+00       3.751482531777e-01 
       5.094631095168e+00       2.064147116230e-01 
       6.413760549424e+00       1.130597086711e-01 
       8.074446140832e+00       6.166518314373e-02 
       1.016512543286e+01       3.350028995630e-02 
