# Matter power spectrum P(k) at redshift z=0
# for k=2.18992e-07 to 10.9903 h/Mpc,
# number of wavenumbers equal to 139
#    1:k (h/Mpc)              2:P (Mpc/h)^3        
       2.189916617858e-07       6.591943567320e-01 
       2.756941679932e-07       8.269961363245e-01 
       3.470783939701e-07       1.037512840188e+00 
       4.369458100537e-07       1.301617801812e+00 
       5.500821838536e-07       1.632952224907e+00 
       6.925124398285e-07       2.048629760753e+00 
       8.718215084836e-07       2.570120438995e+00 
       1.097558251579e-06       3.224359608002e+00 
       1.381743973837e-06       4.045139160463e+00 
       1.739512601257e-06       5.074852901199e+00 
       2.189916617858e-06       6.366686202240e+00 
       2.756941679932e-06       7.987363035528e+00 
       3.470783939701e-06       1.002059225601e+01 
       4.369458100537e-06       1.257139111007e+01 
       5.500821838536e-06       1.577150922501e+01 
       6.925124398285e-06       1.978623312420e+01 
       8.718215084836e-06       2.482292250883e+01 
       1.097558251579e-05       3.114171876905e+01 
       1.381743973837e-05       3.906897797820e+01 
       1.739512601257e-05       4.901412046347e+01 
       2.189916617858e-05       6.149076384132e+01 
       2.756941679932e-05       7.714322428415e+01 
       3.470783939701e-05       9.677974136779e+01 
       4.369458100537e-05       1.214141158869e+02 
       5.500821838536e-05       1.523178583468e+02 
       6.925124398285e-05       1.910854368418e+02 
       8.718215084836e-05       2.397157877359e+02 
       1.097558251579e-04       3.007138928939e+02 
       1.381743973837e-04       3.772168770715e+02 
       1.739512601257e-04       4.731496074685e+02 
       2.189916617858e-04       5.934149262671e+02 
       2.756941679932e-04       7.441229711662e+02 
       3.470783939701e-04       9.328619050352e+02 
       4.369458100537e-04       1.169008168191e+03 
       5.500821838536e-04       1.464067997333e+03 
       6.925124398285e-04       1.832033685815e+03 
       8.718215084836e-04       2.289723170077e+03 
       1.097558251579e-03       2.857027099712e+03 
       1.381743973837e-03       3.556891926122e+03 
       1.739512601257e-03       4.414806621888e+03 
       2.189916617858e-03       5.457553620361e+03 
       2.756941679932e-03       6.710776035117e+03 
       3.470783939701e-03       8.194921281104e+03 
       4.369458100537e-03       9.919131570150e+03 
       5.500821838536e-03       1.180285369107e+04 
       6.925124398285e-03       1.390985885913e+04 
       8.718215084836e-03       1.610415617900e+04 
       1.097558251579e-02       1.823816745017e+04 
       1.381743973837e-02       2.009841347104e+04 
       1.739512601131e-02       2.141422658227e+04 
       2.189916308216e-02       2.190557711627e+04 
       2.756830029675e-02       2.139753099545e+04 
       3.462387616696e-02       2.000557665596e+04 
       4.213384896853e-02       1.841804982036e+04 
       4.769112858967e-02       1.738827017844e+04 
       5.194409421082e-02       1.668986706753e+04 
       5.559101291834e-02       1.613301653796e+04 
       5.891604494498e-02       1.564242570183e+04 
       6.205587949844e-02       1.518258029400e+04 
       6.508707205457e-02       1.473488365144e+04 
       6.805743539145e-02       1.428969456502e+04 
       7.099936476377e-02       1.384297804223e+04 
       7.393626441601e-02       1.339459621463e+04 
       7.688595921448e-02       1.294721341518e+04 
       7.986264480171e-02       1.250541204183e+04 
       8.287806946592e-02       1.207486085249e+04 
       8.594228501652e-02       1.166148770061e+04 
       8.906414264269e-02       1.127066734512e+04 
       9.225163098899e-02       1.090646576520e+04 
       9.551211281457e-02       1.057099886265e+04 
       9.885249427335e-02       1.026397166752e+04 
       1.022793481088e-01       9.982468146712e+03 
       1.057990045083e-01       9.721064551278e+03 
       1.094176187481e-01       9.472329358432e+03 
       1.131412218594e-01       9.227741545932e+03 
       1.169757586898e-01       8.978986040629e+03 
       1.209271165163e-01       8.719468714982e+03 
       1.250011465650e-01       8.445756036837e+03 
       1.292036802590e-01       8.158546141334e+03 
       1.335405416580e-01       7.862792113234e+03 
       1.380175573204e-01       7.566770982379e+03 
       1.426405646627e-01       7.280193801568e+03 
       1.474154197910e-01       7.011773986295e+03 
       1.523480057188e-01       6.766884685464e+03 
       1.574442418448e-01       6.545972083562e+03 
       1.627100955391e-01       6.344264101926e+03 
       1.681515966725e-01       6.153053506113e+03 
       1.737748559107e-01       5.962421073964e+03 
       1.795860875902e-01       5.764686899705e+03 
       1.855916379893e-01       5.557313040528e+03 
       1.917980198161e-01       5.343861497267e+03 
       1.982119537530e-01       5.132303392044e+03 
       2.048404179376e-01       4.931290861282e+03 
       2.116907063314e-01       4.746147351318e+03 
       2.187704970352e-01       4.576561575620e+03 
       2.260879317810e-01       4.417172644813e+03 
       2.336517080650e-01       4.260809306618e+03 
       2.414711857234e-01       4.102646705666e+03 
       2.495565102028e-01       3.942761501518e+03 
       2.579187553866e-01       3.785380010131e+03 
       2.665700896458e-01       3.635401555009e+03 
       2.755239698495e-01       3.494831029450e+03 
       2.847953694856e-01       3.361766765684e+03 
       2.944010489114e-01       3.232508625999e+03 
       3.043598782639e-01       3.104807553794e+03 
       3.146932269304e-01       2.979352141016e+03 
       3.254254380792e-01       2.858330706631e+03 
       3.365844130955e-01       2.742844887325e+03 
       3.482023396378e-01       2.631964247966e+03 
       3.603166096288e-01       2.524141504253e+03 
       3.729709916744e-01       2.418961873576e+03 
       3.862171491082e-01       2.317078669367e+03 
       4.001166348400e-01       2.218816394177e+03 
       4.147435553232e-01       2.123629467897e+03 
       4.301881916077e-01       2.030953287114e+03 
       4.465620189693e-01       1.940758808323e+03 
       4.640048200944e-01       1.853004614651e+03 
       4.826950188041e-01       1.767287733551e+03 
       5.028651242643e-01       1.683238408084e+03 
       5.248255784248e-01       1.600566542116e+03 
       5.490029993037e-01       1.518784329616e+03 
       5.760042861943e-01       1.437286041181e+03 
       6.067298229677e-01       1.355284998878e+03 
       6.425860473009e-01       1.271625274963e+03 
       6.859142216696e-01       1.184572970589e+03 
       7.409264938989e-01       1.091326044346e+03 
       8.158962017071e-01       9.871718034462e+02 
       9.281571971108e-01       8.643537802778e+02 
       1.109834023539e+00       7.147477337747e+02 
       1.384093317392e+00       5.501353451429e+02 
       1.741853880494e+00       3.998688536879e+02 
       2.192857964158e+00       2.769583929809e+02 
       2.760644604871e+00       1.844901308722e+02 
       3.475445646003e+00       1.193472256912e+02 
       4.375326841062e+00       7.559064748808e+01 
       5.508210145119e+00       4.716799473255e+01 
       6.934425725192e+00       2.912831347766e+01 
       8.729924761644e+00       1.785884156593e+01 
       1.099032412548e+01       1.089472049939e+01 
