# Matter power spectrum P(k) at redshift z=1.5
# for k=1.56988e-07 to 12.4863 h/Mpc,
# number of wavenumbers equal to 141
#    1:k (h/Mpc)              2:P (Mpc/h)^3        
       1.569878850523e-07       9.128349960340e-01 
       1.976360378362e-07       1.134650949815e+00 
       2.488090303183e-07       1.410367462732e+00 
       3.132320109515e-07       1.753082195446e+00 
       3.943357383743e-07       2.179075496797e+00 
       4.964392818180e-07       2.708583785415e+00 
       6.249800272935e-07       3.366760860175e+00 
       7.868032382236e-07       4.184872803473e+00 
       9.905265906817e-07       5.201783238194e+00 
       1.246999096067e-06       6.465799489681e+00 
       1.569878850523e-06       8.036967343795e+00 
       1.976360378362e-06       9.989923390858e+00 
       2.488090303183e-06       1.241744042620e+01 
       3.132320109515e-06       1.543483424414e+01 
       3.943357383743e-06       1.918544104095e+01 
       4.964392818180e-06       2.384742535279e+01 
       6.249800272935e-06       2.964224138164e+01 
       7.868032382236e-06       3.684514862869e+01 
       9.905265906817e-06       4.579827926517e+01 
       1.246999096067e-05       5.692687391957e+01 
       1.569878850523e-05       7.075944906194e+01 
       1.976360378362e-05       8.795283816536e+01 
       2.488090303183e-05       1.093232649407e+02 
       3.132320109515e-05       1.358848632544e+02 
       3.943357383743e-05       1.688973527671e+02 
       4.964392818180e-05       2.099248979381e+02 
       6.249800272935e-05       2.609084816428e+02 
       7.868032382236e-05       3.242543245982e+02 
       9.905265906817e-05       4.029407892677e+02 
       1.246999096067e-04       5.006454550386e+02 
       1.569878850523e-04       6.218919588153e+02 
       1.976360378362e-04       7.722116033908e+02 
       2.488090303183e-04       9.583059353594e+02 
       3.132320109515e-04       1.188181685737e+03 
       3.943357383743e-04       1.471208825011e+03 
       4.964392818180e-04       1.818032957753e+03 
       6.249800272935e-04       2.240272203891e+03 
       7.868032382236e-04       2.749951413949e+03 
       9.905265906817e-04       3.358579724656e+03 
       1.246999096067e-03       4.075482961919e+03 
       1.569878850523e-03       4.904884315730e+03 
       1.976360378362e-03       5.842150993034e+03 
       2.488090303183e-03       6.869648896933e+03 
       3.132320109515e-03       7.952454544772e+03 
       3.943357383743e-03       9.034238031324e+03 
       4.964392818180e-03       1.003404897250e+04 
       6.249800272935e-03       1.085229942703e+04 
       7.868032382236e-03       1.136677510480e+04 
       9.905265906817e-03       1.144625226390e+04 
       1.246999096067e-02       1.096841301331e+04 
       1.569878848973e-02       9.862078953435e+03 
       1.976358378796e-02       8.186862577902e+03 
       2.487664856484e-02       6.229581144882e+03 
       3.111712890901e-02       4.525682154923e+03 
       3.701538180934e-02       3.609967054777e+03 
       4.123600139010e-02       3.241693106200e+03 
       4.460673146623e-02       3.044729609922e+03 
       4.756575648512e-02       2.904680330354e+03 
       5.029892993366e-02       2.780858152550e+03 
       5.290055190726e-02       2.655496057937e+03 
       5.542548769327e-02       2.520794894785e+03 
       5.790897526263e-02       2.374543651757e+03 
       6.037541344645e-02       2.218155934867e+03 
       6.284274280828e-02       2.055456366589e+03 
       6.532483079110e-02       1.891697483493e+03 
       6.783286239375e-02       1.732666397748e+03 
       7.037619648055e-02       1.583888357310e+03 
       7.296291692284e-02       1.449981969265e+03 
       7.560020047216e-02       1.334215327862e+03 
       7.829456980393e-02       1.238273627434e+03 
       8.105207194571e-02       1.162206256552e+03 
       8.387840665757e-02       1.104492089765e+03 
       8.677902029197e-02       1.062171701300e+03 
       8.975917524898e-02       1.031038870222e+03 
       9.282400180462e-02       1.005945123203e+03 
       9.597853697837e-02       9.813081513342e+02 
       9.922775374253e-02       9.518813991504e+02 
       1.025765829818e-01       9.137213605249e+02 
       1.060299300189e-01       8.651152174106e+02 
       1.095926871276e-01       8.071079806162e+02 
       1.132697431912e-01       7.433182805570e+02 
       1.170659914923e-01       6.789907401923e+02 
       1.209863365052e-01       6.195786969073e+02 
       1.250357004919e-01       5.693559827469e+02 
       1.292190306544e-01       5.304757997651e+02 
       1.335413075721e-01       5.026217995049e+02 
       1.380075556285e-01       4.831828608965e+02 
       1.426228561279e-01       4.678893471592e+02 
       1.473923637878e-01       4.519433762176e+02 
       1.523213272915e-01       4.315557266434e+02 
       1.574151145865e-01       4.053802326840e+02 
       1.626792436203e-01       3.750222683552e+02 
       1.681194192272e-01       3.441465951176e+02 
       1.737415769213e-01       3.166246268205e+02 
       1.795519344168e-01       2.947810140360e+02 
       1.855570518062e-01       2.785656646922e+02 
       1.917639014813e-01       2.658413034677e+02 
       1.981799491068e-01       2.535846033654e+02 
       2.048132472666e-01       2.395365151586e+02 
       2.116725438163e-01       2.234230427388e+02 
       2.187674075382e-01       2.068479464575e+02 
       2.261083744336e-01       1.919076228807e+02 
       2.337071189642e-01       1.796575637802e+02 
       2.415766558526e-01       1.695517340137e+02 
       2.497315797717e-01       1.601101845151e+02 
       2.581883525595e-01       1.502144233395e+02 
       2.669656507153e-01       1.399435867690e+02 
       2.760847901978e-01       1.302110520551e+02 
       2.855702514524e-01       1.216735860920e+02 
       2.954503358997e-01       1.141146855360e+02 
       3.057579969596e-01       1.068622802038e+02 
       3.165319058760e-01       9.962319479043e+01 
       3.278178379992e-01       9.268777364665e+01 
       3.396705034499e-01       8.634877973626e+01 
       3.521560050096e-01       8.046924227464e+01 
       3.653551989855e-01       7.478604228640e+01 
       3.793683851960e-01       6.931955560113e+01 
       3.943220029303e-01       6.419000976717e+01 
       4.103784416292e-01       5.932126417667e+01 
       4.277508470824e-01       5.462220118883e+01 
       4.467262431007e-01       5.012314621109e+01 
       4.677031020806e-01       4.578772796697e+01 
       4.912553038078e-01       4.156492181150e+01 
       5.182471589776e-01       3.743095839340e+01 
       5.500540709482e-01       3.332699007259e+01 
       5.890186176358e-01       2.919146620750e+01 
       6.394709879124e-01       2.493667118424e+01 
       7.101424824520e-01       2.045379328476e+01 
       8.192735454486e-01       1.569682990075e+01 
       9.958845335179e-01       1.106728730692e+01 
       1.248745141026e+00       7.521199243952e+00 
       1.571932871930e+00       5.183064490067e+00 
       1.978945378887e+00       3.636366694535e+00 
       2.491344625235e+00       2.584540305790e+00 
       3.136417058245e+00       1.848408402481e+00 
       3.948515136609e+00       1.320220821758e+00 
       4.970886044331e+00       9.347830174952e-01 
       6.257974760341e+00       6.518483930998e-01 
       7.878323452160e+00       4.454101634979e-01 
       9.918221596258e+00       2.973139413885e-01 
       1.248630120733e+01       1.937020556407e-01 
