# Matter power spectrum P(k) at redshift z=1
# for k=2.23531e-07 to 11.2165 h/Mpc,
# number of wavenumbers equal to 139
#    1:k (h/Mpc)              2:P (Mpc/h)^3        
       2.235314877440e-07       3.188705551903e-01 
       2.814094702570e-07       3.973419489192e-01 
       3.542735332261e-07       4.951245002973e-01 
       4.460039537045e-07       6.169705245375e-01 
       5.614857110792e-07       7.688018416992e-01 
       7.068686300370e-07       9.579975824275e-01 
       8.898948811536e-07       1.193752818712e+00 
       1.120311279710e-06       1.487525451509e+00 
       1.410388339146e-06       1.853593071908e+00 
       1.775573720650e-06       2.309746860106e+00 
       2.235314877440e-06       2.878156242428e+00 
       2.814094702570e-06       3.586446326271e+00 
       3.542735332261e-06       4.469040469159e+00 
       4.460039537045e-06       5.568833212433e+00 
       5.614857110792e-06       6.939274854675e+00 
       7.068686300370e-06       8.646968908538e+00 
       8.898948811537e-06       1.077490854731e+01 
       1.120311279710e-05       1.342650908231e+01 
       1.410388339146e-05       1.673063192417e+01 
       1.775573720650e-05       2.084784320772e+01 
       2.235314877440e-05       2.597820922933e+01 
       2.814094702570e-05       3.237100364266e+01 
       3.542735332261e-05       4.033679038003e+01 
       4.460039537045e-05       5.026245420005e+01 
       5.614857110792e-05       6.262987909007e+01 
       7.068686300370e-05       7.803912274027e+01 
       8.898948811537e-05       9.723709640708e+01 
       1.120311279710e-04       1.211529148989e+02 
       1.410388339146e-04       1.509411884379e+02 
       1.775573720650e-04       1.880344976721e+02 
       2.235314877440e-04       2.342059559835e+02 
       2.814094702570e-04       2.916418211922e+02 
       3.542735332261e-04       3.630221138953e+02 
       4.460039537045e-04       4.516035917707e+02 
       5.614857110792e-04       5.612940197376e+02 
       7.068686300370e-04       6.967005792134e+02 
       8.898948811537e-04       8.631313307867e+02 
       1.120311279710e-03       1.066525541479e+03 
       1.410388339146e-03       1.313262105547e+03 
       1.775573720650e-03       1.609712862425e+03 
       2.235314877440e-03       1.961386017890e+03 
       2.814094702570e-03       2.371667954879e+03 
       3.542735332261e-03       2.840091805151e+03 
       4.460039537045e-03       3.360176688463e+03 
       5.614857110792e-03       3.916917458999e+03 
       7.068686300370e-03       4.484286554337e+03 
       8.898948811537e-03       5.023330206865e+03 
       1.120311279710e-02       5.481282255560e+03 
       1.410388339146e-02       5.792919938176e+03 
       1.775573720649e-02       5.886485138497e+03 
       2.235314872940e-02       5.699249750913e+03 
       2.814089847280e-02       5.209508609148e+03 
       3.541842378754e-02       4.482857145144e+03 
       4.421866234567e-02       3.715484131342e+03 
       5.222619853878e-02       3.206186795658e+03 
       5.796130059582e-02       2.934074853617e+03 
       6.259293437167e-02       2.750637219881e+03 
       6.668296031489e-02       2.603929942290e+03 
       7.047348510878e-02       2.474056051783e+03 
       7.408912647694e-02       2.351980136059e+03 
       7.760313327543e-02       2.233443687613e+03 
       8.106290866169e-02       2.116731969245e+03 
       8.450147032507e-02       2.001650928331e+03 
       8.794321476735e-02       1.888946314337e+03 
       9.140707730525e-02       1.779902063844e+03 
       9.490838455300e-02       1.676022466688e+03 
       9.846000008489e-02       1.578766197310e+03 
       1.020730644523e-01       1.489326153924e+03 
       1.057574905868e-01       1.408458557974e+03 
       1.095223053982e-01       1.336366796893e+03 
       1.133758911280e-01       1.272645041352e+03 
       1.173261592843e-01       1.216286094067e+03 
       1.213806779652e-01       1.165758909901e+03 
       1.255467661623e-01       1.119160850118e+03 
       1.298315641718e-01       1.074444319162e+03 
       1.342420864134e-01       1.029703477260e+03 
       1.387852611273e-01       9.834835797124e+02 
       1.434679602195e-01       9.350503407183e+02 
       1.482970217267e-01       8.845433135307e+02 
       1.532792668449e-01       8.329489255868e+02 
       1.584215131093e-01       7.818716940580e+02 
       1.637305850833e-01       7.331431761821e+02 
       1.692133237613e-01       6.883641271138e+02 
       1.748765957939e-01       6.484999353997e+02 
       1.807273035828e-01       6.136365440037e+02 
       1.867723972548e-01       5.829649994882e+02 
       1.930188895018e-01       5.550143027261e+02 
       1.994738742557e-01       5.280943094431e+02 
       2.061445501577e-01       5.008362319741e+02 
       2.130382497769e-01       4.726452716316e+02 
       2.201624755304e-01       4.438658442406e+02 
       2.275249432760e-01       4.155583256724e+02 
       2.351336345736e-01       3.889725411790e+02 
       2.429968586756e-01       3.649652187374e+02 
       2.511233254031e-01       3.436382507486e+02 
       2.595222302212e-01       3.243616341276e+02 
       2.682033530506e-01       3.061581021245e+02 
       2.771771726768e-01       2.882431588151e+02 
       2.864549990577e-01       2.704123907590e+02 
       2.960491264324e-01       2.530408024798e+02 
       3.059730109287e-01       2.367132064355e+02 
       3.162414774299e-01       2.217675065009e+02 
       3.268709618552e-01       2.080820977009e+02 
       3.378797968671e-01       1.952341090732e+02 
       3.492885514784e-01       1.828621221350e+02 
       3.611204383379e-01       1.709125955198e+02 
       3.734018069433e-01       1.595724590873e+02 
       3.861627471529e-01       1.489985003938e+02 
       3.994378358552e-01       1.391402188963e+02 
       4.132670716048e-01       1.298179402804e+02 
       4.276970590993e-01       1.209204402534e+02 
       4.427825301831e-01       1.124715204424e+02 
       4.585883247734e-01       1.045152958155e+02 
       4.751920105370e-01       9.701239415583e+01 
       4.926874056599e-01       8.988562266304e+01 
       5.111894042068e-01       8.310610422203e+01 
       5.308407229014e-01       7.667380823055e+01 
       5.518215548211e-01       7.055846388217e+01 
       5.743637491278e-01       6.471818023743e+01 
       5.987722726888e-01       5.913037696168e+01 
       6.254588369748e-01       5.376675103312e+01 
       6.549967519741e-01       4.858993685383e+01 
       6.882147365694e-01       4.356399918668e+01 
       7.263665418770e-01       3.864393171784e+01 
       7.714584237997e-01       3.377456867255e+01 
       8.269308252118e-01       2.888508723425e+01 
       8.991939502983e-01       2.388286049329e+01 
       1.001263251305e+00       1.866560074658e+01 
       1.160191596614e+00       1.326068396523e+01 
       1.416449130692e+00       8.286563014651e+00 
       1.777808515366e+00       4.807878972640e+00 
       2.237992869468e+00       2.745152844801e+00 
       2.817465401942e+00       1.554544931866e+00 
       3.546978790821e+00       8.738883249264e-01 
       4.465381734859e+00       4.879981284851e-01 
       5.621582539376e+00       2.708621731324e-01 
       7.077153113318e+00       1.495114329739e-01 
       8.909607897515e+00       8.211019182571e-02 
       1.121653179130e+01       4.488418865505e-02 
