# Matter power spectrum P(k) at redshift z=1.5
# for k=2.32511e-07 to 11.6696 h/Mpc,
# number of wavenumbers equal to 139
#    1:k (h/Mpc)              2:P (Mpc/h)^3        
       2.325109365254e-07       1.436415748639e-01 
       2.927139265119e-07       1.801068198097e-01 
       3.685050004719e-07       2.258292319792e-01 
       4.639203094673e-07       2.831588612931e-01 
       5.840410666358e-07       3.550423477147e-01 
       7.352641403192e-07       4.451743731570e-01 
       9.256427106288e-07       5.581875615378e-01 
       1.165315130653e-06       6.998905869313e-01 
       1.467044830727e-06       8.775667286401e-01 
       1.846900017643e-06       1.100348217751e+00 
       2.325109365254e-06       1.379685615629e+00 
       2.927139265119e-06       1.729936348321e+00 
       3.685050004719e-06       2.169102645405e+00 
       4.639203094673e-06       2.719756807948e+00 
       5.840410666358e-06       3.410201355146e+00 
       7.352641403192e-06       4.275923666098e+00 
       9.256427106288e-06       5.361419853731e+00 
       1.165315130653e-05       6.722481560543e+00 
       1.467044830727e-05       8.429063098615e+00 
       1.846900017643e-05       1.056887608681e+01 
       2.325109365254e-05       1.325189589839e+01 
       2.927139265119e-05       1.661601068315e+01 
       3.685050004719e-05       2.083410158206e+01 
       4.639203094673e-05       2.612291463178e+01 
       5.840410666358e-05       3.275417355698e+01 
       7.352641403192e-05       4.106849120511e+01 
       9.256427106288e-05       5.149276793463e+01 
       1.165315130653e-04       6.456191864147e+01 
       1.467044830727e-04       8.094594146114e+01 
       1.846900017643e-04       1.014835165235e+02 
       2.325109365254e-04       1.272234677899e+02 
       2.927139265119e-04       1.594754647934e+02 
       3.685050004719e-04       1.998711572120e+02 
       4.639203094673e-04       2.504363258273e+02 
       5.840410666358e-04       3.136733666628e+02 
       7.352641403192e-04       3.926513946855e+02 
       9.256427106288e-04       4.910987303706e+02 
       1.165315130653e-03       6.134896387092e+02 
       1.467044830727e-03       7.651100502384e+02 
       1.846900017643e-03       9.520626908502e+02 
       2.325109365254e-03       1.181132131448e+03 
       2.927139265119e-03       1.459427863172e+03 
       3.685050004719e-03       1.793738346308e+03 
       4.639203094673e-03       2.183824668320e+03 
       5.840410666358e-03       2.640009405337e+03 
       7.352641403192e-03       3.154433841960e+03 
       9.256427106288e-03       3.713214808061e+03 
       1.165315130653e-02       4.288249092455e+03 
       1.467044830727e-02       4.832646561227e+03 
       1.846900017087e-02       5.279037392725e+03 
       2.325108400908e-02       5.547491020921e+03 
       2.926878203071e-02       5.573227474631e+03 
       3.669563591226e-02       5.360853648928e+03 
       4.413924347738e-02       5.071500989110e+03 
       4.950847102580e-02       4.870321637936e+03 
       5.371519462038e-02       4.722901675568e+03 
       5.737029967820e-02       4.599442692416e+03 
       6.072704301686e-02       4.486709495443e+03 
       6.391086505325e-02       4.377861591090e+03 
       6.699350746441e-02       4.269033951960e+03 
       7.002046785744e-02       4.158074185354e+03 
       7.302293975204e-02       4.043999205695e+03 
       7.602367623826e-02       3.926717932058e+03 
       7.904014606506e-02       3.806849481410e+03 
       8.208635732446e-02       3.685567325773e+03 
       8.517397228793e-02       3.564436266768e+03 
       8.831302071185e-02       3.445232269706e+03 
       9.151237363426e-02       3.329746032287e+03 
       9.478006796684e-02       3.219579600985e+03 
       9.812353461672e-02       3.115950874394e+03 
       1.015497621838e-01       3.019525262806e+03 
       1.050654163922e-01       2.930294038051e+03 
       1.086769283339e-01       2.847522254039e+03 
       1.123905602513e-01       2.769786513929e+03 
       1.162124548431e-01       2.695119963599e+03 
       1.201486723125e-01       2.621270091145e+03 
       1.242052182194e-01       2.546054848677e+03 
       1.283880644335e-01       2.467772709243e+03 
       1.327031649766e-01       2.385587049120e+03 
       1.371564682013e-01       2.299783272526e+03 
       1.417539265318e-01       2.211800056100e+03 
       1.465015048426e-01       2.123978973350e+03 
       1.514051884608e-01       2.039052867785e+03 
       1.564709917146e-01       1.959477840967e+03 
       1.617049679161e-01       1.886777705452e+03 
       1.671132216436e-01       1.821086920661e+03 
       1.727019241709e-01       1.761052528327e+03 
       1.784773328833e-01       1.704184298764e+03 
       1.844458155137e-01       1.647625718983e+03 
       1.906138800302e-01       1.589151955357e+03 
       1.969882110149e-01       1.528033725936e+03 
       2.035757134000e-01       1.465355569380e+03 
       2.103835644662e-01       1.403552580604e+03 
       2.174192750933e-01       1.345304399559e+03 
       2.246907613672e-01       1.292284043937e+03 
       2.322064278356e-01       1.244377065579e+03 
       2.399752639594e-01       1.199793973484e+03 
       2.480069556654e-01       1.156081947669e+03 
       2.563120143966e-01       1.111537121351e+03 
       2.649019267035e-01       1.066170381790e+03 
       2.737893282873e-01       1.021540527518e+03 
       2.829882075478e-01       9.795246185919e+02 
       2.925141452019e-01       9.409186022069e+02 
       3.023845985480e-01       9.049296531486e+02 
       3.126192416382e-01       8.699508635236e+02 
       3.232403762510e-01       8.349647162549e+02 
       3.342734335089e-01       8.003138850750e+02 
       3.457475928369e-01       7.671112147333e+02 
       3.576965545604e-01       7.359414767070e+02 
       3.701595161119e-01       7.062787946385e+02 
       3.831824216062e-01       6.772242077713e+02 
       3.968195836933e-01       6.485830361349e+02 
       4.111358204066e-01       6.208744310387e+02 
       4.262093169443e-01       5.943644648424e+02 
       4.421355279396e-01       5.686461820651e+02 
       4.590326060669e-01       5.433467245759e+02 
       4.770491254336e-01       5.186061351080e+02 
       4.963753526048e-01       4.945026500401e+02 
       5.172601791080e-01       4.707418214747e+02 
       5.400374239502e-01       4.471813200818e+02 
       5.651683094260e-01       4.237775199824e+02 
       5.933132470172e-01       4.002558107676e+02 
       6.254598354215e-01       3.763773545195e+02 
       6.631659568713e-01       3.517609964452e+02 
       7.090565362805e-01       3.258474806146e+02 
       7.679225604614e-01       2.977639357007e+02 
       8.493106945760e-01       2.661539241127e+02 
       9.732415139922e-01       2.292223069580e+02 
       1.174274072455e+00       1.869637029487e+02 
       1.469375781247e+00       1.460333509981e+02 
       1.849511435246e+00       1.114231131494e+02 
       2.328394491378e+00       8.232854057116e+01 
       2.931274990818e+00       5.830455497419e+01 
       3.690256574897e+00       3.952056176382e+01 
       4.645757778178e+00       2.579387849261e+01 
       5.848662523989e+00       1.634285025730e+01 
       7.363029876458e+00       1.012743041445e+01 
       9.269505419272e+00       6.175298992211e+00 
       1.166961592709e+01       3.722214263454e+00 
