# Matter power spectrum P(k) at redshift z=2
# for k=1.99483e-07 to 10.0083 h/Mpc,
# number of wavenumbers equal to 139
#    1:k (h/Mpc)              2:P (Mpc/h)^3        
       1.994833860935e-07       3.427564686944e-01 
       2.511347039838e-07       4.246348747930e-01 
       3.161598606286e-07       5.260725713191e-01 
       3.980216827347e-07       6.517419237426e-01 
       5.010796108398e-07       8.074314418804e-01 
       6.308218554182e-07       1.000312406786e+00 
       7.941576641011e-07       1.239269189806e+00 
       9.997852643079e-07       1.535308478333e+00 
       1.258655075575e-06       1.902066256979e+00 
       1.584552859325e-06       2.356435898141e+00 
       1.994833860935e-06       2.919346284551e+00 
       2.511347039838e-06       3.616725808520e+00 
       3.161598606286e-06       4.480696640773e+00 
       3.980216827347e-06       5.551054260498e+00 
       5.010796108398e-06       6.877100371594e+00 
       6.308218554182e-06       8.519913573400e+00 
       7.941576641011e-06       1.055516226217e+01 
       9.997852643079e-06       1.307658911790e+01 
       1.258655075575e-05       1.620032721831e+01 
       1.584552859325e-05       2.007024579165e+01 
       1.994833860935e-05       2.486457010586e+01 
       2.511347039838e-05       3.080407721879e+01 
       3.161598606286e-05       3.816223863512e+01 
       3.980216827347e-05       4.727776451224e+01 
       5.010796108398e-05       5.857010254467e+01 
       6.308218554182e-05       7.255855721839e+01 
       7.941576641011e-05       8.988581562314e+01 
       9.997852643079e-05       1.113467794844e+02 
       1.258655075575e-04       1.379236736800e+02 
       1.584552859325e-04       1.708283578405e+02 
       1.994833860935e-04       2.115524693596e+02 
       2.511347039838e-04       2.619252219977e+02 
       3.161598606286e-04       3.241769619700e+02 
       3.980216827347e-04       4.010033778614e+02 
       5.010796108398e-04       4.956201066867e+02 
       6.308218554182e-04       6.117908437519e+02 
       7.941576641011e-04       7.538068190628e+02 
       9.997852643079e-04       9.263961555171e+02 
       1.258655075575e-03       1.134541084618e+03 
       1.584552859325e-03       1.383134699636e+03 
       1.994833860935e-03       1.676301754114e+03 
       2.511347039838e-03       2.016287681542e+03 
       3.161598606286e-03       2.402065934108e+03 
       3.980216827347e-03       2.827586001546e+03 
       5.010796108398e-03       3.279694021248e+03 
       6.308218554182e-03       3.734077671123e+03 
       7.941576641011e-03       4.160762436580e+03 
       9.997852643079e-03       4.513338705578e+03 
       1.258655075575e-02       4.736030554857e+03 
       1.584552859323e-02       4.767706645570e+03 
       1.994833847725e-02       4.556956259748e+03 
       2.511336497004e-02       4.093177543378e+03 
       3.160082095497e-02       3.449844718562e+03 
       3.927976011082e-02       2.822621691409e+03 
       4.582440818224e-02       2.451051874290e+03 
       5.055869364844e-02       2.256608767027e+03 
       5.445142760782e-02       2.126285633267e+03 
       5.792173178041e-02       2.022326490513e+03 
       6.115548382616e-02       1.929622728344e+03 
       6.425066639692e-02       1.841057016950e+03 
       6.726585967122e-02       1.753191636052e+03 
       7.023945865155e-02       1.664655692203e+03 
       7.319847586091e-02       1.575392103318e+03 
       7.616303579686e-02       1.486214403279e+03 
       7.914886743556e-02       1.398480815229e+03 
       8.216877881614e-02       1.313817115594e+03 
       8.523357574388e-02       1.233869208942e+03 
       8.835265880451e-02       1.160086205152e+03 
       9.153442503437e-02       1.093542903637e+03 
       9.478654603137e-02       1.034809432934e+03 
       9.811616511650e-02       9.838734409741e+02 
       1.015300398063e-01       9.401169614259e+02 
       1.050346463230e-01       9.023515638788e+02 
       1.086362571158e-01       8.689187662577e+02 
       1.123409987974e-01       8.378632400913e+02 
       1.161548956237e-01       8.071813878393e+02 
       1.200839021770e-01       7.751277438130e+02 
       1.241339279372e-01       7.405314392058e+02 
       1.283108557887e-01       7.030458708204e+02 
       1.326205560769e-01       6.632446121041e+02 
       1.370688975452e-01       6.225049491124e+02 
       1.416617562982e-01       5.826813139317e+02 
       1.464050238098e-01       5.456452314476e+02 
       1.513046149222e-01       5.128158365320e+02 
       1.563664767317e-01       4.848062002504e+02 
       1.615965992250e-01       4.612727069291e+02 
       1.670010285134e-01       4.410086845088e+02 
       1.725858834975e-01       4.222826259532e+02 
       1.783573767878e-01       4.033673341150e+02 
       1.843218407006e-01       3.831181803707e+02 
       1.904857591531e-01       3.613741481894e+02 
       1.968558062934e-01       3.389687125622e+02 
       2.034388927313e-01       3.173050891444e+02 
       2.102422202917e-01       2.976878299536e+02 
       2.172733463054e-01       2.807374025685e+02 
       2.245402585915e-01       2.661600741710e+02 
       2.320514624934e-01       2.529672513581e+02 
       2.398160816221e-01       2.400367733502e+02 
       2.478439743580e-01       2.267265227654e+02 
       2.561458687042e-01       2.131732536918e+02 
       2.647335188007e-01       2.000746548472e+02 
       2.736198873626e-01       1.881200709595e+02 
       2.828193595627e-01       1.774984339428e+02 
       2.923479955448e-01       1.678318047756e+02 
       3.022238309757e-01       1.585445552577e+02 
       3.124672380202e-01       1.493401750843e+02 
       3.231013631644e-01       1.403698006837e+02 
       3.341526638509e-01       1.319674943892e+02 
       3.456515735920e-01       1.242605030810e+02 
       3.576333360851e-01       1.170665916693e+02 
       3.701390644154e-01       1.101433881963e+02 
       3.832171041007e-01       1.034518519149e+02 
       3.969248123913e-01       9.711322591503e+01 
       4.113309172114e-01       9.117170159917e+01 
       4.265186980613e-01       8.552767736998e+01 
       4.425903564413e-01       8.010107940608e+01 
       4.596731474980e-01       7.491424012351e+01 
       4.779281875560e-01       6.997581166101e+01 
       4.975634481526e-01       6.523003065104e+01 
       5.188535230606e-01       6.064743008464e+01 
       5.421707827791e-01       5.621894604503e+01 
       5.680365461759e-01       5.190404818277e+01 
       5.972093050337e-01       4.766799006265e+01 
       6.308457783522e-01       4.346733456487e+01 
       6.708153287850e-01       3.924220593024e+01 
       7.203626446950e-01       3.491103040652e+01 
       7.856174773651e-01       3.035662861096e+01 
       8.791642542425e-01       2.542835755034e+01 
       1.026776433130e+00       2.007392993755e+01 
       1.262295967843e+00       1.485516749824e+01 
       1.586246720449e+00       1.080852003274e+01 
       1.996909170716e+00       7.927757477036e+00 
       2.513959477294e+00       5.835627385393e+00 
       3.164887470062e+00       4.279137665803e+00 
       3.984357261530e+00       3.103401231563e+00 
       5.016008606207e+00       2.212087163150e+00 
       6.314780700133e+00       1.542164554756e+00 
       7.949837893304e+00       1.048236102838e+00 
       1.000825294352e+01       6.937011374864e-01 
