# Matter power spectrum P(k) at redshift z=1.5
# for k=2.32097e-07 to 11.6489 h/Mpc,
# number of wavenumbers equal to 139
#    1:k (h/Mpc)              2:P (Mpc/h)^3        
       2.320973385932e-07       1.691948777638e-01 
       2.921932375647e-07       2.117079714536e-01 
       3.678494919247e-07       2.649032036347e-01 
       4.630950730995e-07       3.314646435378e-01 
       5.830021556017e-07       4.147507781983e-01 
       7.339562288177e-07       5.189639717810e-01 
       9.239961476032e-07       6.493625035489e-01 
       1.163242230618e-06       8.125258846663e-01 
       1.464435204197e-06       1.016686839252e+00 
       1.843614692489e-06       1.272146702018e+00 
       2.320973385932e-06       1.591795189483e+00 
       2.921932375647e-06       1.991760771153e+00 
       3.678494919247e-06       2.492224454321e+00 
       4.630950730995e-06       3.118438038780e+00 
       5.830021556017e-06       3.901998209780e+00 
       7.339562288177e-06       4.882440741553e+00 
       9.239961476032e-06       6.109235215342e+00 
       1.163242230618e-05       7.644280827990e+00 
       1.464435204197e-05       9.565029099390e+00 
       1.843614692489e-05       1.196839076380e+01 
       2.320973385932e-05       1.497562346575e+01 
       2.921932375647e-05       1.873844582892e+01 
       3.678494919247e-05       2.344668435993e+01 
       4.630950730995e-05       2.933783493346e+01 
       5.830021556017e-05       3.670901328093e+01 
       7.339562288177e-05       4.593188147628e+01 
       9.239961476032e-05       5.747127215822e+01 
       1.163242230618e-04       7.190838805630e+01 
       1.464435204197e-04       8.996962555681e+01 
       1.843614692489e-04       1.125622384639e+02 
       2.320973385932e-04       1.408181803934e+02 
       2.921932375647e-04       1.761474576710e+02 
       3.678494919247e-04       2.203020410834e+02 
       4.630950730995e-04       2.754505981728e+02 
       5.830021556017e-04       3.442627611265e+02 
       7.339562288177e-04       4.299992504448e+02 
       9.239961476032e-04       5.366013109905e+02 
       1.163242230618e-03       6.687698114452e+02 
       1.464435204197e-03       8.320165422796e+02 
       1.843614692489e-03       1.032642803095e+03 
       2.320973385932e-03       1.277556062801e+03 
       2.921932375647e-03       1.573840621387e+03 
       3.678494919247e-03       1.928005443950e+03 
       4.630950730995e-03       2.339129993758e+03 
       5.830021556017e-03       2.816429651157e+03 
       7.339562288177e-03       3.350171891668e+03 
       9.239961476032e-03       3.923873916576e+03 
       1.163242230618e-02       4.506102605682e+03 
       1.464435204197e-02       5.046171885216e+03 
       1.843614692118e-02       5.473120576360e+03 
       2.320972676066e-02       5.704929479263e+03 
       2.921723874549e-02       5.678232707797e+03 
       3.665258123282e-02       5.404586304648e+03 
       4.424224969084e-02       5.060259019269e+03 
       4.974708902764e-02       4.827993822168e+03 
       5.403151700024e-02       4.662394180726e+03 
       5.774060157597e-02       4.526198595897e+03 
       6.114005343284e-02       4.403475641173e+03 
       6.436039798112e-02       4.286213746125e+03 
       6.747584607018e-02       4.169974536090e+03 
       7.053325798171e-02       4.052317300087e+03 
       7.356465388385e-02       3.932126304491e+03 
       7.659332628422e-02       3.809268500393e+03 
       7.963711720091e-02       3.684373227742e+03 
       8.271030601709e-02       3.558649039420e+03 
       8.582476071158e-02       3.433700101356e+03 
       8.899067297411e-02       3.311329870961e+03 
       9.221704568188e-02       3.193333353291e+03 
       9.551202640693e-02       3.081287153366e+03 
       9.888314154013e-02       2.976352890704e+03 
       1.023374641428e-01       2.879112838422e+03 
       1.058817363225e-01       2.789457060188e+03 
       1.095224596036e-01       2.706543513909e+03 
       1.132659622733e-01       2.628850775121e+03 
       1.171184498488e-01       2.554337800859e+03 
       1.210860429960e-01       2.480714569577e+03 
       1.251748060359e-01       2.405805766444e+03 
       1.293907683880e-01       2.327959096277e+03 
       1.337399407760e-01       2.246416800965e+03 
       1.382283276713e-01       2.161548706064e+03 
       1.428619372181e-01       2.074853646106e+03 
       1.476467897349e-01       1.988681965062e+03 
       1.525889257883e-01       1.905710218260e+03 
       1.576944147748e-01       1.828280932074e+03 
       1.629693649072e-01       1.757776291163e+03 
       1.684199354800e-01       1.694205055631e+03 
       1.740523522709e-01       1.636149335934e+03 
       1.798729269250e-01       1.581143917655e+03 
       1.858880811642e-01       1.526445249466e+03 
       1.921043766603e-01       1.469988273231e+03 
       1.985285514198e-01       1.411178275744e+03 
       2.051675635505e-01       1.351135699505e+03 
       2.120286433248e-01       1.292199028690e+03 
       2.191193545289e-01       1.236852289556e+03 
       2.264476662111e-01       1.186566494007e+03 
       2.340220361177e-01       1.141125071729e+03 
       2.418515073668e-01       1.098796638760e+03 
       2.499458202632e-01       1.057317192578e+03 
       2.583155416432e-01       1.015185775027e+03 
       2.669722147880e-01       9.724913581418e+02 
       2.759285338040e-01       9.306862190523e+02 
       2.851985475062e-01       8.914330599692e+02 
       2.947978993501e-01       8.553698593006e+02 
       3.047441119526e-01       8.217242984905e+02 
       3.150569274227e-01       7.890618115909e+02 
       3.257587183276e-01       7.565262008629e+02 
       3.368749890455e-01       7.244578967865e+02 
       3.484349940631e-01       6.938197246155e+02 
       3.604725093038e-01       6.650715802712e+02 
       3.730268061400e-01       6.377237414975e+02 
       3.861438973479e-01       6.110116596560e+02 
       3.998781531374e-01       5.847920921793e+02 
       4.142944287172e-01       5.594998865398e+02 
       4.294709112835e-01       5.353291189564e+02 
       4.455029985669e-01       5.119241626755e+02 
       4.625086889170e-01       4.889817852531e+02 
       4.806362410608e-01       4.666126920158e+02 
       5.000753376320e-01       4.448601935352e+02 
       5.210738310182e-01       4.234747084606e+02 
       5.439637107836e-01       4.023341163483e+02 
       5.692029534656e-01       3.813839757665e+02 
       5.974460823556e-01       3.603878241379e+02 
       6.296696265698e-01       3.391320932996e+02 
       6.674096110133e-01       3.172819891896e+02 
       7.132450382724e-01       2.943469259027e+02 
       7.718634742446e-01       2.695608814841e+02 
       8.525674954922e-01       2.417227835027e+02 
       9.748708194018e-01       2.091815325719e+02 
       1.173233934783e+00       1.715871255627e+02 
       1.466823595118e+00       1.344733842749e+02 
       1.846224671437e+00       1.028072024079e+02 
       2.324255892251e+00       7.618609304101e+01 
       2.926064801790e+00       5.421074337592e+01 
       3.683697335529e+00       3.695616091123e+01 
       4.637500185056e+00       2.425260161075e+01 
       5.838266830167e+00       1.543711403204e+01 
       7.349942473332e+00       9.599754190569e+00 
       9.253029354903e+00       5.867768766017e+00 
       1.164887379096e+01       3.542073479665e+00 
