# Matter power spectrum P(k) at redshift z=2
# for k=1.84924e-07 to 11.6812 h/Mpc,
# number of wavenumbers equal to 140
#    1:k (h/Mpc)              2:P (Mpc/h)^3        
       1.849237584583e-07       3.819810179845e-01 
       2.328052187677e-07       4.754575864155e-01 
       2.930844059049e-07       5.918092935549e-01 
       3.689714063943e-07       7.366340336402e-01 
       4.645074797352e-07       9.168995906887e-01 
       5.847802702071e-07       1.141278870706e+00 
       7.361947424796e-07       1.420567170705e+00 
       9.268142693368e-07       1.768201558834e+00 
       1.166790035682e-06       2.200907353724e+00 
       1.468901626148e-06       2.739502804789e+00 
       1.849237584583e-06       3.409900686599e+00 
       2.328052187677e-06       4.244354987626e+00 
       2.930844059049e-06       5.283012668279e+00 
       3.689714063943e-06       6.575845125644e+00 
       4.645074797352e-06       8.185052242869e+00 
       5.847802702071e-06       1.018805462674e+01 
       7.361947424796e-06       1.268121782778e+01 
       9.268142693368e-06       1.578448741882e+01 
       1.166790035682e-05       1.964715736629e+01 
       1.468901626148e-05       2.445504802106e+01 
       1.849237584583e-05       3.043943676151e+01 
       2.328052187677e-05       3.788816645718e+01 
       2.930844059049e-05       4.715945715997e+01 
       3.689714063943e-05       5.869906787598e+01 
       4.645074797352e-05       7.306159928893e+01 
       5.847802702071e-05       9.093689373544e+01 
       7.361947424796e-05       1.131826680980e+02 
       9.268142693368e-05       1.408646857893e+02 
       1.166790035682e-04       1.753058859601e+02 
       1.468901626148e-04       2.181458357124e+02 
       1.849237584583e-04       2.714114504329e+02 
       2.328052187677e-04       3.375987681478e+02 
       2.930844059049e-04       4.197630613336e+02 
       3.689714063943e-04       5.216099001216e+02 
       4.645074797352e-04       6.475722973419e+02 
       5.847802702071e-04       8.028495716601e+02 
       7.361947424796e-04       9.933764700309e+02 
       9.268142693368e-04       1.225692846328e+03 
       1.166790035682e-03       1.506682403571e+03 
       1.468901626148e-03       1.843075481258e+03 
       1.849237584583e-03       2.240455318310e+03 
       2.328052187677e-03       2.701651174362e+03 
       2.930844059049e-03       3.224749562651e+03 
       3.689714063943e-03       3.800618759083e+03 
       4.645074797352e-03       4.409855713924e+03 
       5.847802702071e-03       5.017976322218e+03 
       7.361947424796e-03       5.579153667736e+03 
       9.268142693368e-03       6.025546742837e+03 
       1.166790035682e-02       6.273443067085e+03 
       1.468901626147e-02       6.229643409083e+03 
       1.849237579151e-02       5.815741459447e+03 
       2.328046859346e-02       5.021487365754e+03 
       2.929937346011e-02       3.980390836037e+03 
       3.653480737220e-02       3.018023659235e+03 
       4.298384384952e-02       2.495362040368e+03 
       4.761237838261e-02       2.270902049279e+03 
       5.137209092869e-02       2.146478744930e+03 
       5.470233510783e-02       2.059097045915e+03 
       5.779411399575e-02       1.984191814456e+03 
       6.074648916881e-02       1.909960627909e+03 
       6.361800312014e-02       1.830398728234e+03 
       6.644669453292e-02       1.742892468227e+03 
       6.925914246717e-02       1.647175567511e+03 
       7.207503707900e-02       1.544719406168e+03 
       7.490969448544e-02       1.438239996147e+03 
       7.777553531218e-02       1.331216017216e+03 
       8.068300122941e-02       1.227403269396e+03 
       8.364114809948e-02       1.130374691598e+03 
       8.665804368437e-02       1.043128913845e+03 
       8.974104223662e-02       9.678026047281e+02 
       9.289697871615e-02       9.054991755509e+02 
       9.613230887542e-02       8.562212756898e+02 
       9.945321187231e-02       8.188800222224e+02 
       1.028656663072e-01       7.913605066393e+02 
       1.063755070129e-01       7.706531253009e+02 
       1.099884676624e-01       7.530950199188e+02 
       1.137102127921e-01       7.347793302530e+02 
       1.175463618787e-01       7.121518258479e+02 
       1.215025074643e-01       6.827192576093e+02 
       1.255842289044e-01       6.456789425089e+02 
       1.297971030247e-01       6.022153094823e+02 
       1.341467127920e-01       5.552728065440e+02 
       1.386386549777e-01       5.088069531547e+02 
       1.432785477191e-01       4.667447377217e+02 
       1.480720388330e-01       4.320014611701e+02 
       1.530248157063e-01       4.058288091365e+02 
       1.581426175696e-01       3.875849817228e+02 
       1.634312509462e-01       3.748997027297e+02 
       1.688966090613e-01       3.642350691255e+02 
       1.745446959916e-01       3.518795040712e+02 
       1.803816563357e-01       3.352320489945e+02 
       1.864138111991e-01       3.138638438534e+02 
       1.926477013111e-01       2.896864779123e+02 
       1.990901381446e-01       2.659805971499e+02 
       2.057482639886e-01       2.457961750260e+02 
       2.126296220569e-01       2.306072262092e+02 
       2.197422378998e-01       2.198048136938e+02 
       2.270947136569e-01       2.111275929560e+02 
       2.346963370552e-01       2.018690238130e+02 
       2.425572075519e-01       1.903977890699e+02 
       2.506883826861e-01       1.770765006460e+02 
       2.591020485794e-01       1.638062707458e+02 
       2.678117196874e-01       1.525116279162e+02 
       2.768324744394e-01       1.437837878960e+02 
       2.861812354483e-01       1.366378819918e+02 
       2.958771057160e-01       1.294574216753e+02 
       3.059417759689e-01       1.213871841730e+02 
       3.164000233486e-01       1.129559581347e+02 
       3.272803287387e-01       1.053121991549e+02 
       3.386156499483e-01       9.894411026448e+01 
       3.504444021905e-01       9.328093759227e+01 
       3.628117179637e-01       8.751428768293e+01 
       3.757710890756e-01       8.158292076929e+01 
       3.893865398290e-01       7.605036172772e+01 
       4.037355518847e-01       7.115300500941e+01 
       4.189130744342e-01       6.651321735112e+01 
       4.350371371540e-01       6.186892576199e+01 
       4.522568911986e-01       5.744390079668e+01 
       4.707644362942e-01       5.334510758545e+01 
       4.908127497067e-01       4.935667889795e+01 
       5.127438292910e-01       4.547235908148e+01 
       5.370346997820e-01       4.175947512019e+01 
       5.643762895889e-01       3.810507925169e+01 
       5.958164743601e-01       3.451402957010e+01 
       6.330371913433e-01       3.092342502252e+01 
       6.789335286398e-01       2.727876535161e+01 
       7.389228959339e-01       2.348860795217e+01 
       8.240446075699e-01       1.944531718043e+01 
       9.571584689335e-01       1.511395207816e+01 
       1.171210039670e+00       1.091728087966e+01 
       1.470644752114e+00       7.712644762213e+00 
       1.851343013566e+00       5.527358821813e+00 
       2.330702346948e+00       4.013928478091e+00 
       2.934180411609e+00       2.934403719122e+00 
       3.693914282963e+00       2.143772250617e+00 
       4.650362559812e+00       1.553601651523e+00 
       5.854459600603e+00       1.109288586695e+00 
       7.370327963522e+00       7.759492209829e-01 
       9.278693166534e+00       5.296298382778e-01 
       1.168118261559e+01       3.520354243694e-01 
