# Matter power spectrum P(k) at redshift z=1.5
# for k=2.26633e-07 to 11.3717 h/Mpc,
# number of wavenumbers equal to 139
#    1:k (h/Mpc)              2:P (Mpc/h)^3        
       2.266330928417e-07       3.079220505453e-01 
       2.853141597319e-07       3.824818136067e-01 
       3.591892460312e-07       4.750953607625e-01 
       4.521924694719e-07       5.901342070035e-01 
       5.692765908401e-07       7.330283788120e-01 
       7.166767665481e-07       9.105227205718e-01 
       9.022425934499e-07       1.130995262104e+00 
       1.135856128497e-06       1.404852675326e+00 
       1.429958144307e-06       1.745021485103e+00 
       1.800210645670e-06       2.167558221006e+00 
       2.266330928417e-06       2.692407307212e+00 
       2.853141597319e-06       3.344342463819e+00 
       3.591892460312e-06       4.154136049017e+00 
       4.521924694719e-06       5.160011530459e+00 
       5.692765908401e-06       6.409447624679e+00 
       7.166767665481e-06       7.961419230967e+00 
       9.022425934499e-06       9.889180868426e+00 
       1.135856128497e-05       1.228372386425e+01 
       1.429958144307e-05       1.525807021715e+01 
       1.800210645670e-05       1.895260530909e+01 
       2.266330928417e-05       2.354170014921e+01 
       2.853141597319e-05       2.924193375771e+01 
       3.591892460312e-05       3.632229988270e+01 
       4.521924694719e-05       4.511687212525e+01 
       5.692765908401e-05       5.604051014688e+01 
       7.166767665481e-05       6.960831866529e+01 
       9.022425934499e-05       8.645971941104e+01 
       1.135856128497e-04       1.073881584957e+02 
       1.429958144307e-04       1.333776294146e+02 
       1.800210645670e-04       1.656473059852e+02 
       2.266330928417e-04       2.057055677096e+02 
       2.853141597319e-04       2.554144111233e+02 
       3.591892460312e-04       3.170644185926e+02 
       4.521924694719e-04       3.934587385317e+02 
       5.692765908401e-04       4.880015717182e+02 
       7.166767665481e-04       6.047825443529e+02 
       9.022425934499e-04       7.486441732362e+02 
       1.135856128497e-03       9.252162288927e+02 
       1.429958144307e-03       1.140890289003e+03 
       1.800210645670e-03       1.402664199508e+03 
       2.266330928417e-03       1.717720557306e+03 
       2.853141597319e-03       2.092640620745e+03 
       3.591892460312e-03       2.532206898635e+03 
       4.521924694719e-03       3.037590400047e+03 
       5.692765908401e-03       3.596772388133e+03 
       7.166767665481e-03       4.205804931138e+03 
       9.022425934499e-03       4.831257459441e+03 
       1.135856128497e-02       5.425961152665e+03 
       1.429958144307e-02       5.920734639595e+03 
       1.800210645637e-02       6.225783906170e+03 
       2.266330815007e-02       6.245988656732e+03 
       2.853087874237e-02       5.922903212547e+03 
       3.586840403785e-02       5.306946771139e+03 
       4.404716949713e-02       4.653978352647e+03 
       5.034100580521e-02       4.262230325675e+03 
       5.505280229049e-02       4.029422395952e+03 
       5.903889661679e-02       3.860715030243e+03 
       6.264665182741e-02       3.720772584276e+03 
       6.603851595975e-02       3.593437644128e+03 
       6.930363083675e-02       3.470169188548e+03 
       7.249685097016e-02       3.346283531239e+03 
       7.565492308153e-02       3.219470711472e+03 
       7.880415372824e-02       3.089093649672e+03 
       8.196442604026e-02       2.955774033023e+03 
       8.515147208072e-02       2.821075246678e+03 
       8.837823862906e-02       2.687205707491e+03 
       9.165574907831e-02       2.556715384893e+03 
       9.499366946374e-02       2.432187054776e+03 
       9.840069261546e-02       2.315936340430e+03 
       1.018848060585e-01       2.209740585770e+03 
       1.054534830522e-01       2.114617634881e+03 
       1.091138212838e-01       2.030672624488e+03 
       1.128726449680e-01       1.957029557239e+03 
       1.167365807692e-01       1.891868106080e+03 
       1.207121146273e-01       1.832574269960e+03 
       1.248056344339e-01       1.776038324462e+03 
       1.290234621136e-01       1.719080592093e+03 
       1.333718777486e-01       1.658979043885e+03 
       1.378571377727e-01       1.594007308564e+03 
       1.424854888579e-01       1.523850144870e+03 
       1.472631788424e-01       1.449751463729e+03 
       1.521964658752e-01       1.374295934787e+03 
       1.572916268388e-01       1.300829570783e+03 
       1.625549660350e-01       1.232644830677e+03 
       1.679928250786e-01       1.172141936629e+03 
       1.736115949128e-01       1.120189873156e+03 
       1.794177308409e-01       1.075862258492e+03 
       1.854177714604e-01       1.036650002746e+03 
       1.916183623736e-01       9.991672503499e+02 
       1.980262855497e-01       9.602324190695e+02 
       2.046484952148e-01       9.180064136511e+02 
       2.114921611686e-01       8.727064609665e+02 
       2.185647204608e-01       8.264802075178e+02 
       2.258739384350e-01       7.824019790639e+02 
       2.334279802526e-01       7.430387041095e+02 
       2.412354941833e-01       7.092801686338e+02 
       2.493057081880e-01       6.799930646159e+02 
       2.576485416617e-01       6.526829574780e+02 
       2.662747346668e-01       6.248888678650e+02 
       2.751959976113e-01       5.955792597395e+02 
       2.844251851535e-01       5.656471721632e+02 
       2.939764992150e-01       5.371025568748e+02 
       3.038657274281e-01       5.115319004351e+02 
       3.141105252731e-01       4.889801349899e+02 
       3.247307527205e-01       4.680751632832e+02 
       3.357488796505e-01       4.472655974045e+02 
       3.471904790163e-01       4.261219873681e+02 
       3.590848331830e-01       4.055065067834e+02 
       3.714656878962e-01       3.864748398526e+02 
       3.843722011147e-01       3.691160297547e+02 
       3.978501523346e-01       3.525856932336e+02 
       4.119535049738e-01       3.362036471522e+02 
       4.267464545996e-01       3.201921767042e+02 
       4.423061570636e-01       3.051103436370e+02 
       4.587264261271e-01       2.909151206579e+02 
       4.761228428473e-01       2.771069445125e+02 
       4.946399699215e-01       2.635790125476e+02 
       5.144617896412e-01       2.505841514170e+02 
       5.358272311022e-01       2.380309140805e+02 
       5.590540167389e-01       2.256655039534e+02 
       5.845766645844e-01       2.135229138164e+02 
       6.130097215843e-01       2.015122286405e+02 
       6.452584608070e-01       1.894489090733e+02 
       6.827246289877e-01       1.772081887993e+02 
       7.277165942750e-01       1.645144493432e+02 
       7.843336748422e-01       1.509997014609e+02 
       8.605182229822e-01       1.360635053221e+02 
       9.728308551698e-01       1.188220366285e+02 
       1.153455577114e+00       9.862497751938e+01 
       1.432562675093e+00       7.756496830283e+01 
       1.802310951330e+00       5.937302625525e+01 
       2.268960019086e+00       4.442469637373e+01 
       2.856451391349e+00       3.228487158821e+01 
       3.596059244113e+00       2.268022695254e+01 
       4.527170364731e+00       1.537749105300e+01 
       5.699369815682e+00       1.008433312201e+01 
       7.175081492174e+00       6.426330060169e+00 
       9.032892422192e+00       4.000782326218e+00 
       1.137173781230e+01       2.445404769373e+00 
