z=2 k                     pk_nl                    
7.95297314504e-06         19.0844375093            
1.00121999916e-05         23.8929274384            
1.26046129974e-05         29.9129582048            
1.58682676083e-05         37.4497880543            
1.99769653332e-05         46.8853980706            
2.51495093085e-05         58.6981863698            
3.16613563626e-05         73.4869283824            
3.98592860968e-05         92.0010521054            
5.01798681632e-05         115.178452077            
6.31727111911e-05         144.192582707            
7.95297314504e-05         180.511100917            
0.000100121999916         225.968554788            
0.000126046129974         282.856008961            
0.000158682676083         354.030554268            
0.000199769653332         443.047204071            
0.000251495093085         554.314162922            
0.000316613563626         693.269011693            
0.000398592860968         866.567053737            
0.000501798681632         1082.26364107            
0.000631727111911         1349.96175114            
0.000795297314504         1680.88868692            
0.00100121999916          2087.85373679            
0.00126046129974          2584.93552427            
0.00158682676083          3186.71694891            
0.00199769653332          3906.72306228            
0.00251495093085          4754.89617373            
0.00316613563626          5733.98964008            
0.00398592860968          6825.03090525            
0.00501798681632          8013.50205253            
0.00631727111911          9237.00715731            
0.00795297314504          10402.6115189            
0.0100121999916           11376.2099868            
0.0126046129971           11984.7436216            
0.0158682666014           12047.4045583            
0.0199765170691           11457.1514018            
0.025109439692            10316.5017844            
0.0307765632994           9114.90647792            
0.0350940974067           8392.01196194            
0.0383422193599           7950.95926759            
0.0410987687432           7623.35495694            
0.0435979302822           7346.19535674            
0.0459499281234           7090.73979619            
0.048215530921            6841.98691101            
0.0504322603932           6591.96271081            
0.0526253172724           6337.2283508             
0.0548127799928           6077.1754104             
0.0570083363359           5813.40905911            
0.0592228324411           5549.15318154            
0.0614652055828           5288.6633335             
0.0637430737141           5036.57941176            
0.0660631231228           4797.42188893            
0.0684313718004           4575.04700909            
0.0708533532678           4372.17178938            
0.073334247753            4189.97481428            
0.0758789774779           4027.91394979            
0.0784922768332           3883.69436105            
0.0811787445762           3753.39354795            
0.0839428829059           3631.90753872            
0.0867891268103           3513.49218994            
0.0897218661286           3392.68393137            
0.0927454621412           3265.2645253             
0.0958642600853           3129.11379462            
0.0990825987126           2984.84177012            
0.102404817824            2835.74133451            
0.10583526459             2687.06109394            
0.1093782994              2544.81952057            
0.113038301908            2414.33229373            
0.11681967795             2298.81874672            
0.120726867952            2198.4683049             
0.124764357453            2110.43037843            
0.128936690364            2029.40938089            
0.133248485564            1949.52749223            
0.137704457444            1866.36273395            
0.142309441002            1777.68964481            
0.147068422126            1685.28590149            
0.151986573702            1593.99738969            
0.157069298252            1509.21796173            
0.16232227789             1433.88481117            
0.167751532473            1367.78298573            
0.173363487033            1308.09906258            
0.179165049788            1250.74338081            
0.185163702364            1192.29258938            
0.1913676043              1132.2759775             
0.197785714486            1073.0540721             
0.204427932951            1017.66971953            
0.211305267445            967.890642734            
0.218430030587            922.843308009            
0.225816075189            879.794880858            
0.233479077732            837.023353258            
0.241436883342            794.666215289            
0.249709930079            754.334502727            
0.258321776755            717.135856214            
0.267299767454            682.466721195            
0.276675878874            649.023381162            
0.286487815591            616.269780028            
0.296780446676            584.922297967            
0.307607720301            555.362431317            
0.319035260417            527.160227408            
0.331143957399            499.846544944            
0.344035042038            473.407912028            
0.357837433465            448.029919527            
0.37271868109             423.471232029            
0.388901789354            399.440842992            
0.40669206748             375.968204992            
0.42652187906             352.793406919            
0.449029133021            329.685482508            
0.475203503537            306.364002398            
0.506678679928            282.373032912            
0.546364262262            257.071158293            
0.599915016464            229.458994489            
0.679137702913            198.173432778            
0.806764340963            162.624859245            
1.00300279926             127.213513744            
1.26198454474             97.8770559547            
1.58873570236             74.34603939              
2.00009972933             55.3497001885            
2.51797637537             40.1379749128            
3.16994444525             28.2247493771            
3.9907236161              19.2012549312            
5.02402337175             12.644807209             
6.32487069215             8.0875481562             
7.96254044065             5.04713397672            
