z=0 k                     pk_nl                    
7.93887469841e-06         43.4722382863            
9.99445109889e-06         54.4705802452            
1.25822684653e-05         68.2514687351            
1.5840137509e-05          85.5188794305            
1.99415516364e-05         107.154407868            
2.51049261057e-05         134.263148419            
3.16052294357e-05         168.229335674            
3.97886264821e-05         210.78691407             
5.00909129787e-05         264.107566911            
6.30607232489e-05         330.910516202            
7.93887469841e-05         414.599229346            
9.99445109889e-05         519.430878193            
0.000125822684653         650.725246634            
0.00015840137509          815.119758941            
0.000199415516364         1020.87633139            
0.000251049261057         1278.24242738            
0.000316052294357         1599.86189876            
0.000397886264821         2001.22050016            
0.000500909129787         2501.09750452            
0.000630607232489         3121.97947654            
0.000793887469841         3890.35588343            
0.000999445109889         4836.64447481            
0.00125822684653          5994.36701514            
0.0015840137509           7398.69168912            
0.00199415516364          9082.58225534            
0.00251049261057          11071.2256379            
0.00316052294357          13373.5556176            
0.00397886264821          15925.6588461            
0.00500909129787          18729.069079             
0.00630607232489          21622.7308795            
0.00793887469841          24382.5108293            
0.00999445109889          26678.1414687            
0.0125822684652           28071.7290142            
0.0158401371023           28095.3119608            
0.0199413224903           26449.508005             
0.0250801016617           23374.2939837            
0.0309459102777           20096.34397              
0.0356017342605           18156.9402038            
0.0390421161657           17084.4939964            
0.0419262752347           16351.2003958            
0.0445240062865           15765.5586298            
0.0469592447855           15242.0644177            
0.0492991064369           14734.9989156            
0.0515845001199           14219.1529669            
0.053842632541            13682.5738872            
0.0560928680283           13120.4956004            
0.0583497722118           12536.0931505            
0.0606248225523           11936.7356855            
0.0629274310392           11334.6569004            
0.0652655868243           10743.6499207            
0.0676462767747           10177.6200607            
0.0700757700652           9649.90715302            
0.0725598161715           9171.20342033            
0.0751037857845           8748.48378527            
0.0777127729538           8383.81275917            
0.0803916701942           8074.08037241            
0.0831452242889           7811.39159938            
0.0859780780379           7583.11873582            
0.088894801604            7373.12348691            
0.0918999160757           7163.99315217            
0.0949979111856           6939.5493653             
0.0981932586653           6688.3285356             
0.101490422421            6405.58180253            
0.104893866505            6095.56797997            
0.108408061745            5770.59361989            
0.112037491775            5448.19715824            
0.115786659195            5147.11092318            
0.119660092531            4882.66713337            
0.123662354647            4662.14878081            
0.127798053245            4483.54729064            
0.132071854103            4335.46267763            
0.136488497663            4201.13595104            
0.141052819589            4060.97242113            
0.145769775939            3900.36547047            
0.150644473578            3717.21643276            
0.155682206493            3522.10581916            
0.160888498739            3331.98931218            
0.166269154782            3162.28891511            
0.171830318162            3021.20490957            
0.17757853954             2906.25525265            
0.183520855427            2804.69821803            
0.189664879245            2701.34430507            
0.196018906762            2587.21813577            
0.202592038551            2463.89290875            
0.209394322869            2342.4213558             
0.216436923368            2234.58985887            
0.223732317383            2143.35128011            
0.231294532328            2062.49466669            
0.239139430124            1982.11007026            
0.247285052835            1897.09142543            
0.255752047185            1811.28039357            
0.264564191834            1731.67052082            
0.273749060151            1661.18732098            
0.28333886388             1595.41457297            
0.293371541632            1529.43112497            
0.303892183792            1463.15460043            
0.314954927382            1400.40449367            
0.326625519801            1342.12342959            
0.338984854477            1285.75124362            
0.352133952187            1229.56656476            
0.366201150283            1175.1238075             
0.381352766804            1122.92032947            
0.397809424679            1071.09873215            
0.415871967201            1019.75440961            
0.435964387322            968.910490226            
0.458708585299            917.401423442            
0.485062457058            864.813197824            
0.516593195196            809.80607362             
0.556062019521            750.690075903            
0.608773117766            684.543267835            
0.685737221589            606.795566309            
0.808832694004            512.643407675            
1.00145647353             408.5537992              
1.25957604344             313.768302828            
1.58569475383             233.500104141            
1.99627137214             167.441415808            
2.5131567592              115.487542778            
3.16387690798             76.8420077767            
3.98308503924             49.5977697548            
5.01440697324             31.2396279643            
6.31276436369             19.3054304736            
7.94729947613             11.7587799134            
