z=1 k                     pk_nl                    
7.95297314504e-06         26.980349419             
1.00121999916e-05         33.778282992             
1.26046129974e-05         42.2890150224            
1.58682676083e-05         52.9440999705            
1.99769653332e-05         66.2835478371            
2.51495093085e-05         82.9836813955            
3.16613563626e-05         103.890998274            
3.98592860968e-05         130.064961413            
5.01798681632e-05         162.831446523            
6.31727111911e-05         203.849292908            
7.95297314504e-05         255.193149601            
0.000100121999916         319.456132454            
0.000126046129974         399.876324289            
0.000158682676083         500.491204157            
0.000199769653332         626.323416527            
0.000251495093085         783.599095337            
0.000316613563626         979.995170225            
0.000398592860968         1224.9036288             
0.000501798681632         1529.68882256            
0.000631727111911         1907.90157255            
0.000795297314504         2375.40360807            
0.00100121999916          2950.32400259            
0.00126046129974          3652.59293785            
0.00158682676083          4502.80465982            
0.00199769653332          5520.06097049            
0.00251495093085          6718.41694143            
0.00316613563626          8101.75916495            
0.00398592860968          9638.0558056             
0.00501798681632          11314.7394479            
0.00631727111911          13039.8647426            
0.00795297314504          14682.0115847            
0.0100121999916           16051.9170737            
0.0126046129971           16904.8783012            
0.0158682666014           16986.3092405            
0.0199765170691           16146.0547293            
0.025109439692            14530.7503963            
0.0307765632994           12831.7949112            
0.0350940974067           11810.5216226            
0.0383422193599           11187.7603086            
0.0410987687432           10725.523559             
0.0435979302822           10334.774914             
0.0459499281234           9974.9492835             
0.048215530921            9624.83133059            
0.0504322603932           9273.10726871            
0.0526253172724           8915.06667259            
0.0548127799928           8549.78624725            
0.0570083363359           8179.45633066            
0.0592228324411           7808.54340502            
0.0614652055828           7443.05161312            
0.0637430737141           7089.62108266            
0.0660631231228           6754.36482092            
0.0684313718004           6442.93224656            
0.0708533532678           6158.97070161            
0.073334247753            5904.197584              
0.0758789774779           5677.72448934            
0.0784922768332           5476.59451599            
0.0811787445762           5295.06133468            
0.0839428829059           5126.01886217            
0.0867891268103           4961.36773282            
0.0897218661286           4793.40864609            
0.0927454621412           4616.20996775            
0.0958642600853           4426.73069598            
0.0990825987126           4225.82159221            
0.102404817824            4018.08321665            
0.10583526459             3810.95612127            
0.1093782994              3612.81648814            
0.113038301908            3431.21890898            
0.11681967795             3270.77924706            
0.120726867952            3131.61116463            
0.124764357453            3009.80205094            
0.128936690364            2897.85800582            
0.133248485564            2787.46541846            
0.137704457444            2672.37594323            
0.142309441002            2549.39161714            
0.147068422126            2421.03372971            
0.151986573702            2294.12263954            
0.157069298252            2176.3428045             
0.16232227789             2071.81032872            
0.167751532473            1980.24439684            
0.173363487033            1897.66750932            
0.179165049788            1818.27509564            
0.185163702364            1737.22402953            
0.1913676043              1653.81786678            
0.197785714486            1571.41633933            
0.204427932951            1494.34115356            
0.211305267445            1425.1102115             
0.218430030587            1362.48654477            
0.225816075189            1302.58553569            
0.233479077732            1242.96877062            
0.241436883342            1183.82005375            
0.249709930079            1127.452287              
0.258321776755            1075.42741152            
0.267299767454            1026.89365702            
0.276675878874            980.005590538            
0.286487815591            933.996863678            
0.296780446676            889.890684793            
0.307607720301            848.225738242            
0.319035260417            808.394972588            
0.331143957399            769.731967417            
0.344035042038            732.215896114            
0.357837433465            696.106013383            
0.37271868109             661.05391417             
0.388901789354            626.641175377            
0.40669206748             592.895117871            
0.42652187906             559.429501611            
0.449029133021            525.888800799            
0.475203503537            491.828556203            
0.506678679928            456.529620271            
0.546364262262            418.94842597             
0.599915016464            377.417083144            
0.679137702913            329.51314521             
0.806764340963            273.621816683            
1.00300279926             215.903792959            
1.26198454474             166.264214535            
1.58873570236             125.331408972            
2.00009972933             91.84475964              
2.51797637537             65.0835785477            
3.16994444525             44.4966035843            
3.9907236161              29.395837815             
5.02402337175             18.8470588288            
6.32487069215             11.7895634982            
7.96254044065             7.23195785173            
