z=1 k                     pk_nl                    
6.07699984691e-06         41.015520527             
7.65048953475e-06         51.4491527765            
9.63139568796e-06         64.5369188885            
1.21252087826e-05         80.9539841737            
1.52647334597e-05         101.546621906            
1.92171608567e-05         127.376966634            
2.41929721451e-05         159.776774175            
3.04571474203e-05         200.415891726            
3.83432768581e-05         251.387640542            
4.82713256082e-05         315.315306863            
6.07699984691e-05         395.484397345            
7.65048953475e-05         496.006129776            
9.63139568796e-05         622.017701405            
0.000121252087826         779.924119336            
0.000152647334597         977.683605092            
0.000192171608567         1225.13186934            
0.000241929721451         1534.32757415            
0.000304571474203         1919.87997046            
0.000383432768581         2399.19196255            
0.000482713256082         2992.52886311            
0.000607699984691         3722.81678656            
0.000765048953475         4615.03473801            
0.000963139568796         5694.80613882            
0.00121252087826          6985.42889754            
0.00152647334597          8503.11164579            
0.00192171608567          10250.5994501            
0.00241929721451          12208.8775715            
0.00304571474203          14327.4849025            
0.00383432768581          16499.6477524            
0.00482713256082          18608.4724345            
0.00607699984691          20448.3879267            
0.00765048953475          21777.5782385            
0.00963139568796          22326.6177508            
0.0121252087552           21856.3379673            
0.0152647047515           20267.7550025            
0.0192120044691           17766.7768289            
0.0239770063671           15022.8941275            
0.0282856681402           13126.1472815            
0.031373202062            12062.0371339            
0.0338711110267           11319.4378768            
0.0360789946644           10715.347491             
0.0381262962048           10178.9154266            
0.0400797972942           9678.61694144            
0.041978816138            9198.81178375            
0.0438488288361           8733.97958396            
0.0457075973564           8282.50907864            
0.0475682562594           7846.5753297             
0.0494410067386           7429.55110339            
0.0513341105903           7035.35241582            
0.0532545053658           6667.73342306            
0.0552082019485           6329.33834903            
0.057200550838            6021.01086405            
0.0592364258356           5742.17841351            
0.0613203538681           5490.35803559            
0.0634566085711           5261.13851271            
0.0656492788082           5048.9051235             
0.0679023194275           4847.29665634            
0.0702195891618           4650.24709954            
0.0726048790611           4452.58061351            
0.0750619338622           4251.14089128            
0.0775944680545           4045.17496827            
0.080206177973            3836.51368479            
0.0829007509681           3629.19445235            
0.0856818725043           3428.52967919            
0.0885532319245           3239.61459436            
0.091518527527            3066.29143856            
0.0945814715551           2909.98234301            
0.0977457956658           2769.19186788            
0.101015257421            2640.32509776            
0.104393648339            2518.45541096            
0.10788480402             2398.9743271             
0.111492616881            2278.98393737            
0.115221051995            2158.30879263            
0.11907416657             2038.63706404            
0.123056133581            1924.02993194            
0.12717127009             1817.8020187             
0.131424070846            1720.85021459            
0.135819247765            1632.23924124            
0.140361776032            1549.14716563            
0.145056947627            1468.73456723            
0.149910433312            1390.15286601            
0.154928354302            1314.28446158            
0.16011736522             1241.88264199            
0.165484750316            1173.79721511            
0.171038535556            1110.68581231            
0.17678761991             1051.56240718            
0.18274193018             995.167662979            
0.188912605075            941.181135462            
0.195312215988            889.507020432            
0.201955034393            840.708004485            
0.208857359101            794.85291531             
0.216037921202            751.415315642            
0.22351839104             710.194307363            
0.231324020835            670.742718422            
0.239484470045            633.34594945             
0.248034880531            597.860872055            
0.257017298758            564.126848588            
0.266482588762            531.80944883             
0.276493053219            501.018333579            
0.287126099384            471.560825854            
0.298479486442            443.255633108            
0.310679036212            416.043797943            
0.32389030919             389.747441084            
0.338336909107            364.217601667            
0.35433036153             339.264514657            
0.372321250592            314.681864747            
0.392991764724            290.199101977            
0.417434551296            265.474072078            
0.447525465522            239.985537967            
0.486764155736            212.999491827            
0.542264256653            183.453523433            
0.628795981645            150.480107272            
0.76821315099             116.252325485            
0.96433006889             87.4860116447            
1.21395108195             65.7463021526            
1.5282735239              49.1298361765            
1.92398237516             36.2471929395            
2.42215030393             26.243322246             
3.0493065688              18.5575113073            
3.83884952782             12.7737101178            
4.83282522262             8.54215628237            
6.08416648352             5.5488528084             
