z=1 k                     pk_nl                    
4.59994081682e-06         237.870101045            
5.79098238704e-06         297.680137116            
7.2904148863e-06          372.52880309             
9.17808856289e-06         466.197410671            
1.15545289235e-05         583.409919217            
1.45462900831e-05         730.085672238            
1.8312694233e-05          913.625041599            
2.30543161283e-05         1143.28078515            
2.90236644255e-05         1430.6161213             
3.65386286886e-05         1790.07056993            
4.59994081682e-05         2239.65192056            
5.79098238704e-05         2801.77342087            
7.2904148863e-05          3504.24399356            
9.17808856289e-05         4381.39720123            
0.000115545289235         5475.29796584            
0.000145462900831         6836.87790109            
0.00018312694233          8526.71038499            
0.000230543161283         10614.9615642            
0.000290236644255         13179.9299354            
0.000365386286886         16304.6851973            
0.000459994081682         20071.5093453            
0.000579098238704         24552.9416826            
0.00072904148863          29795.6605609            
0.000917808856289         35795.5006397            
0.00115545289235          42469.1763193            
0.00145462900831          49624.8185346            
0.0018312694233           56939.6892222            
0.00230543161283          63947.1295986            
0.00290236644255          70047.8729422            
0.00365386286886          74542.0662726            
0.00459994081682          76732.7004475            
0.00579098238704          75935.6562687            
0.0072904148863           71629.7100884            
0.00917808856273          63631.7605747            
0.0115545283633           52427.7658532            
0.0145460225083           39607.4643528            
0.0182873617509           27937.088666             
0.0224627551514           20508.4315627            
0.0256802897595           17511.1200616            
0.0280875059596           16098.6996553            
0.0301231046223           15145.9147651            
0.0319650754148           14326.4303829            
0.0336965861666           13520.4872245            
0.0353632459411           12683.886347             
0.036993108171            11809.5672365            
0.038604959222            10910.0749855            
0.0402122443264           10009.5289678            
0.0418251233805           9135.86575227            
0.0434516335901           8316.28380947            
0.0450983880944           7574.53310134            
0.0467710167527           6927.1809487             
0.0484744555713           6382.94838462            
0.0502131431052           5942.14810088            
0.0519911574077           5597.80081787            
0.0538123136814           5335.92012395            
0.0556802351665           5136.25026284            
0.057598405322            4975.45483439            
0.0595702066275           4827.19532908            
0.0615989496244           4666.99313985            
0.0636878947254           4475.58509431            
0.0658402686094           4242.76010864            
0.068059276551            3969.74067696            
0.0703481117177           3668.83154554            
0.0727099622661           3360.72093255            
0.0751480169244           3068.42370268            
0.0776654696631           2811.87069709            
0.0802655239938           2602.46644813            
0.0829513974008           2442.0237275             
0.0857263263865           2322.15676375            
0.0885935725975           2227.3401116             
0.0915564304886           2139.14478528            
0.0946182369758           2040.73864282            
0.0977823835255           1924.05227976            
0.101052331125            1789.44866203            
0.104431628586            1650.12042466            
0.107923934629            1520.51718343            
0.111533044241            1410.33026212            
0.115262919806            1321.93344232            
0.119117727584            1249.57152113            
0.123101880186            1182.88482811            
0.127220085842            1114.95376483            
0.131477405386            1044.06327578            
0.135879318174            971.42392144             
0.140431798421            901.880873438            
0.145141403896            840.991420999            
0.15001537946             788.531411893            
0.155061778669            740.711713785            
0.160289607657            694.643438234            
0.165708996806            648.502898362            
0.171331407475            604.192929362            
0.177169883472            563.602420466            
0.183239360204            526.601757245            
0.189557049086            492.622250211            
0.196142921276            459.514048751            
0.203020324169            427.960651094            
0.210216777831            398.513296953            
0.217765019012            371.332691728            
0.225704391621            345.27109785             
0.234082731166            320.70222819             
0.242958968429            297.496568142            
0.252406805413            275.428095602            
0.262520033186            254.583851741            
0.273420441467            234.6678435              
0.285269964164            215.650239557            
0.298290031151            197.367328502            
0.312793761406            179.721308137            
0.329242306444            162.537761035            
0.348349541671            145.621215763            
0.371290691087            128.776117718            
0.400151980643            111.646043472            
0.438973776569            93.8518523162            
0.496179052828            74.9823078835            
0.588156436186            55.4979617214            
0.730373985214            38.5688212178            
0.918874746996            26.846409883             
1.15678690902             19.0755340744            
1.45630841733             13.7827804489            
1.83338367399             10.0609254521            
2.30809329675             7.36528620353            
2.90571730407             5.36712339788            
3.65808135358             3.86550782187            
4.60525157444             2.73455284798            
5.79766823476             1.89094896152            
