z=0 k                     pk_nl                    
8.29997179395e-06         72.5601794555            
1.04490454086e-05         90.4416231812            
1.31545687938e-05         112.729699196            
1.65606209358e-05         140.510360539            
2.08485865311e-05         175.136403217            
2.6246815384e-05          218.294701423            
3.30427828656e-05         272.087202597            
4.15983990259e-05         339.133007996            
5.23692816237e-05         422.695196442            
6.59290194335e-05         526.838035048            
8.29997179395e-05         656.621613704            
0.000104490454086         818.341652007            
0.000131545687938         1019.82319574            
0.000165606209358         1270.7765397             
0.000208485865311         1583.2218488             
0.00026246815384          1971.98356251            
0.000330427828656         2455.24537881            
0.000415983990259         3055.14092091            
0.000523692816237         3798.3362991             
0.000659290194335         4716.53959056            
0.000829997179395         5846.81903488            
0.00104490454086          7231.18815815            
0.00131545687938          8915.77607666            
0.00165606209358          10947.9297708            
0.00208485865311          13370.8795848            
0.0026246815384           16215.6009474            
0.00330427828656          19488.6717993            
0.00415983990259          23067.3403482            
0.00523692816237          26982.5556804            
0.00659290194335          30979.0616889            
0.00829997179395          34727.4154488            
0.0104490454086           37748.235157             
0.0131545687936           39420.6732166            
0.016560620112            39100.524345             
0.0208481956959           36428.1388738            
0.0262100147838           31857.4201054            
0.032187952563            27292.5840092            
0.0367893738748           24719.6927109            
0.0402337466417           23286.4729686            
0.0431473899522           22305.0727765            
0.0457843719128           21523.0758003            
0.0482634910052           20825.8746786            
0.0506499290641           20150.5845337            
0.0529837931026           19461.7539643            
0.0552919488268           18741.4888828            
0.057593628083            17982.3089801            
0.0599033661315           17187.5581444            
0.0622326632316           16369.3808649            
0.0645909832753           15543.4644977            
0.0669863839659           14729.952884             
0.0694259306577           13949.5300876            
0.0719159772141           13221.9860773            
0.0744623618677           12563.3930985            
0.0770705468859           11984.5512919            
0.0797457199652           11489.4090234            
0.0824928688733           11074.6745146            
0.0853168369517           10729.593728             
0.0882223646594           10436.4198242            
0.091214120771            10171.5813673            
0.0942967258301           9909.07127377            
0.0974747697851           9624.47693301            
0.100752825291            9298.9201924             
0.10413545786             8924.21195479            
0.10762723385             8505.29926946            
0.11123272715             8059.03246287            
0.114956525334            7612.61274091            
0.118803236013            7194.43968116            
0.122777494058            6828.90399371            
0.126883970388            6528.60408759            
0.131127382947            6291.86339154            
0.135512510545            6102.38377933            
0.14004421018             5935.6091799             
0.144727438498            5758.90636378            
0.149567278014            5549.27375958            
0.154568968771            5301.93424369            
0.159737946103            5032.03062449            
0.165079885238            4765.70266152            
0.170600753573            4528.45684638            
0.176306871535            4335.00582045            
0.182204983166            4182.57902125            
0.188302337777            4051.25680711            
0.194606784395            3916.74477489            
0.201126881138            3763.01632664            
0.207872022305            3591.44232667            
0.214852586728            3420.30639457            
0.222080112024            3269.06968215            
0.229567500767            3143.82286246            
0.237329266493            3035.30991422            
0.245381829959            2926.67481117            
0.253743879517            2808.89861177            
0.262436814188            2687.58380473            
0.271485294609            2575.02896324            
0.280917936358            2476.66846123            
0.290768193627            2385.66688702            
0.301075500855            2293.27462547            
0.311886769353            2199.07963348            
0.323258380702            2109.44637794            
0.335258888497            2026.90698925            
0.347972751553            1946.83912157            
0.361505605009            1866.04333888            
0.375991886562            1787.51873778            
0.391606180746            1712.18039004            
0.408580640839            1636.86279934            
0.42723275175             1561.74568518            
0.448011523783            1487.0392253             
0.471578356243            1410.72471995            
0.498957326147            1332.24572881            
0.531834761769            1249.29661763            
0.573205114365            1159.08166404            
0.628869626543            1056.5638041             
0.710924048565            933.738472535            
0.842880625208            782.307710778            
1.04680896834             614.191980106            
1.31699028261             460.868522806            
1.65798149354             332.060658183            
2.08727500874             229.542046599            
2.6277235499              152.886975717            
3.30810795214             98.7715361905            
4.1646611659              62.3047890905            
5.24299777327             38.5951718288            
6.60054313075             23.5874705058            
8.30959147894             14.2732114886            
