z=1 k                     pk_nl                    
5.62625770683e-06         135.722298866            
7.08303880043e-06         169.473269156            
8.91701753859e-06         211.617318587            
1.12258599767e-05         264.24161019             
1.4132520394e-05          329.949467453            
1.77917890567e-05         411.994169247            
2.23985353647e-05         514.435722019            
2.81980853576e-05         642.340453141            
3.54992862206e-05         802.029263841            
4.46909535237e-05         1001.3837144             
5.62625770683e-05         1250.22363559            
7.08303880043e-05         1560.76803525            
8.91701753859e-05         1948.19068053            
0.000112258599767         2431.27535362            
0.00014132520394          3033.16151197            
0.000177917890567         3782.14216335            
0.000223985353647         4712.42633368            
0.000281980853576         5864.7084101             
0.000354992862206         7286.31696481            
0.000446909535237         9030.69007118            
0.000562625770683         11155.9121674            
0.000708303880043         13721.689055             
0.000891701753859         16783.1029532            
0.00112258599767          20379.6914657            
0.0014132520394           24520.7379119            
0.00177917890567          29166.4462431            
0.00223985353647          34206.8414259            
0.00281980853576          39440.518331             
0.00354992862206          44508.9409972            
0.00446909535237          49075.0165096            
0.00562625770683          52580.9875916            
0.00708303880043          54443.4077406            
0.00891701753859          54088.9142577            
0.0112258599652           51105.6798443            
0.0141325056445           45518.8622446            
0.0177886772159           38136.038978             
0.022248887306            30769.775785             
0.0264553964895           25926.2243395            
0.0294652679268           23412.5797643            
0.0318706310228           21753.1642962            
0.0339829366908           20439.5822024            
0.0359344016593           19287.2221291            
0.0377921674194           18216.9483075            
0.0395953212046           17193.5182607            
0.0413689783852           16203.5220384            
0.0431305348825           15246.1012681            
0.0448927855967           14327.4707985            
0.0466656229003           13456.9862393            
0.048457027268            12644.1909807            
0.0502736774116           11896.9674977            
0.0521213430598           11220.953287             
0.0540051471729           10617.7162366            
0.0559297463346           10084.0042329            
0.057899457966            9612.64698193            
0.0599183518656           9192.18838749            
0.0619903171394           8808.79627957            
0.0641191117316           8446.9492935             
0.0663083993858           8092.66505592            
0.068561777364            7733.81896015            
0.0708827972775           7363.7721607             
0.073274980748            6981.61716682            
0.0757418311932           6592.45137371            
0.0782868427511           6205.70515905            
0.0809135071701           5833.42514029            
0.083625319367            5487.39496534            
0.0864257822763           5175.28730753            
0.0893184115616           4899.50645465            
0.0923067407281           4656.25568757            
0.0953943271537           4436.7583943             
0.0985847595459           4230.30049035            
0.10188166732             4026.80423581            
0.105288732394            3820.28536546            
0.108809703881            3611.11149657            
0.112448416179            3402.72899761            
0.116208810945            3204.5274425             
0.120094963462            3022.96738664            
0.124111113947            2859.4823739             
0.128261704374            2711.6827837             
0.132551421493            2573.83016519            
0.136985246805            2440.01572125            
0.141568514438            2308.92519517            
0.146306978085            2182.47730942            
0.151206888446            2062.07650853            
0.156275083047            1949.41816273            
0.161519090805            1845.80026927            
0.16694725444             1749.08563827            
0.172568874723            1656.85302552            
0.178394381831            1568.64355625            
0.184435540675            1484.28337253            
0.190705699342            1404.85560723            
0.197220092819            1330.43961319            
0.203996218402            1260.05564788            
0.211054305133            1193.38331737            
0.218417908078            1129.52256017            
0.226114670574            1069.11017263            
0.234177315726            1011.84959692            
0.242644955848            957.443298232            
0.251564850701            905.289559908            
0.260994811917            855.640887747            
0.271006558657            808.120022476            
0.281690509159            762.424823154            
0.293162802121            718.472555727            
0.305575895082            675.9540451              
0.319135118207            634.614430586            
0.334125578651            594.133904877            
0.350957973561            554.163670905            
0.370251005626            514.23807081             
0.39298954667             473.774325846            
0.420851676521            431.870079254            
0.456940687168            387.249857368            
0.507516544296            337.951746209            
0.585653837506            281.894855894            
0.712085700765            221.251636519            
0.89294317777             167.459465057            
1.12404819803             125.502786475            
1.41509224567             92.9064983237            
1.78149558756             67.5364618006            
2.24277006618             47.983906448             
2.82348022912             33.2088246207            
3.55455101014             22.3428998724            
4.47491459419             14.6095114051            
5.63358369823             9.30112527815            
7.09226167717             5.78532137               
