z=0 k                     pk_nl                    
9.140205679e-06           28.1348176894            
1.15068371983e-05         35.2625816947            
1.44862497583e-05         44.1961160546            
1.82371079424e-05         55.3929003616            
2.29591586263e-05         69.4260540319            
2.89038682281e-05         87.014132593             
3.63878142114e-05         109.057504471            
4.58095439904e-05         136.68436082             
5.76707990323e-05         171.308209658            
7.26032344202e-05         214.699634931            
9.140205679e-05           269.07578316             
0.000115068371983         337.211518696            
0.000144862497583         422.576886522            
0.000182371079424         529.505749184            
0.000229591586263         663.400256632            
0.000289038682281         830.974359598            
0.000363878142114         1040.53632546            
0.000458095439904         1302.30471626            
0.000576707990323         1628.74502204            
0.000726032344202         2034.90482048            
0.0009140205679           2538.70272206            
0.00115068371983          3161.05224801            
0.00144862497583          3925.41728422            
0.00182371079424          4857.39073943            
0.00229591586263          5982.43155405            
0.00289038682281          7322.72374662            
0.00363878142114          8864.14665215            
0.00458095439904          10645.4247477            
0.00576707990323          12615.8126608            
0.00726032344202          14701.8898343            
0.009140205679            16768.1487522            
0.0115068371983           18606.8790004            
0.014486249756            19934.7526558            
0.0182371031764           20439.4312322            
0.0229576987384           19910.9619411            
0.0288079042586           18476.3048559            
0.0348338928494           16933.6211771            
0.039219425604            15984.6821986            
0.0426209788539           15354.7961671            
0.0455601357196           14861.7595076            
0.0482510998826           14430.6816527            
0.0507986460888           14025.4026299            
0.0532621628618           13625.1451192            
0.055679067182            13218.2662297            
0.0580748822948           12799.1984478            
0.0604681485997           12366.9564196            
0.0628730512996           11923.6146514            
0.0653009317001           11474.4640392            
0.0677612076456           11026.4024188            
0.0702619606552           10587.146185             
0.0728103249371           10165.4068545            
0.0754127533466           9768.43717312            
0.0780752039812           9402.34870953            
0.080803273895            9070.32673817            
0.0836022965497           8772.84340598            
0.0864774137596           8507.09059006            
0.0894336292972           8266.87060493            
0.0924758490586           8043.35207233            
0.0956089112426           7825.93604315            
0.0988376090365           7604.28566415            
0.102166707683            7369.21047237            
0.105600957371            7115.50485208            
0.109145103135            6842.9502516             
0.112803892733            6557.13165658            
0.116582083385            6267.82364814            
0.12048444815             5987.51029638            
0.124515782695            5728.21183046            
0.128680913142            5498.14420335            
0.132984705715            5298.86107914            
0.137432078839            5126.06491686            
0.142028018372            4968.40437707            
0.146777596634            4813.45580798            
0.151685995894            4649.52263943            
0.156758536989            4469.83835813            
0.162000713756            4277.94483267            
0.167418234003            4084.84167507            
0.173017067799            3903.71302612            
0.178803503956            3743.12449819            
0.18478421572             3604.08644006            
0.190966336897            3480.37557971            
0.197357549886            3360.90900247            
0.203966187534            3236.04788708            
0.210801351159            3103.95113813            
0.217873047835            2970.37032666            
0.225192350873            2844.45987387            
0.232771588646            2732.1748057             
0.240624568459            2631.30961028            
0.248766844273            2534.43300911            
0.257216039914            2435.78174595            
0.265992243267            2335.48669244            
0.275118492283            2238.79960704            
0.284621381094            2149.47686558            
0.294531825169            2066.32877262            
0.304886039768            1984.8867719             
0.315726808571            1903.45385725            
0.327105153231            1824.27618982            
0.339082566535            1749.25537205            
0.351734053292            1677.00907287            
0.365152354108            1605.85075937            
0.3794539442              1535.86769263            
0.3947877704              1468.00252837            
0.41134834708             1401.36578672            
0.429396045781            1335.09823867            
0.449289760865            1269.41164891            
0.471541917996            1203.45081277            
0.496916142677            1136.47445227            
0.52661183387             1067.4434825             
0.562639199716            994.742618017            
0.60864421655             915.807379545            
0.671847179939            826.565016643            
0.767393231082            721.024601564            
0.922320941309            596.167079665            
1.15258063841             467.832954226            
1.45066683378             353.99961874             
1.8262783777              256.886391971            
2.29914825442             178.227101239            
2.89445616297             118.815695065            
3.64390441689             76.720398392             
4.58740386857             48.3520611426            
5.77519930431             29.9336857832            
7.27054516237             18.2935798745            
9.15307406251             11.0771449112            
