z=2 k                     pk_nl                    
5.33991216076e-06         55.5708254714            
6.72255111593e-06         69.4283506183            
8.46319043193e-06         86.7414840196            
1.06545254996e-05         108.371940035            
1.34132529021e-05         135.395046908            
1.68862849332e-05         169.155449945            
2.12585732132e-05         211.331990391            
2.67629580366e-05         264.020836052            
3.36925679671e-05         329.838401711            
4.24164300024e-05         412.048617794            
5.33991216076e-05         514.71969427             
6.72255111593e-05         642.915210755            
8.46319043193e-05         802.924008374            
0.000106545254996         1002.52990085            
0.000134132529021         1251.3155358             
0.000168862849332         1560.98023017            
0.000212585732132         1945.62609311            
0.000267629580366         2421.9275881             
0.000336925679671         3009.0546855             
0.000424164300024         3728.19878314            
0.000533991216076         4601.59440598            
0.000672255111593         5650.96118748            
0.000846319043193         6894.9165797             
0.00106545254996          8344.12943522            
0.00134132529021          9994.32704317            
0.00168862849332          11818.7594077            
0.00212585732132          13760.2153234            
0.00267629580366          15722.7210808            
0.00336925679671          17566.5327315            
0.00424164300024          19107.8039801            
0.00533991216076          20120.6116175            
0.00672255111593          20352.2439182            
0.00846319043193          19550.6173407            
0.0106545254977           17542.519318             
0.0134132491067           14390.5078567            
0.0168851467666           10606.8474123            
0.0211850599908           7219.48005735            
0.0255940861554           5336.40521883            
0.0287972039902           4684.18953583            
0.0312859616742           4417.58450087            
0.03343848413             4269.07470739            
0.0354102900579           4149.28289992            
0.0372776137782           4019.0146695             
0.0390837332745           3859.83744604            
0.040855946123            3664.96395355            
0.042612889107            3435.65833534            
0.0443681098139           3179.00116557            
0.0461319796258           2906.00013114            
0.0479127948585           2629.7371147             
0.0497174478259           2363.39649944            
0.051551855127            2118.82093394            
0.0534212415355           1905.09573938            
0.0553303341561           1727.98926781            
0.0572834986834           1589.86228821            
0.0592848370687           1489.73290175            
0.0613382587125           1423.65598549            
0.0634475330313           1385.25280869            
0.0656163286274           1365.72528285            
0.0678482426409           1354.43493831            
0.0701468228025           1339.73832541            
0.0725155840121           1310.86059515            
0.0749580208106           1260.02132165            
0.0774776168025           1184.82592102            
0.0800778518908           1089.19740883            
0.0827622080424           982.484073079            
0.0855341742221           876.724674844            
0.0883972510712           783.374277426            
0.0913549558744           710.242813266            
0.0944108283343           660.28274054             
0.0975684376604           631.423538776            
0.10083139147             617.124663936            
0.104203346991            607.883936464            
0.107688025056            593.736626087            
0.111289227367            566.888506254            
0.115010857543            525.936467855            
0.118856946418            476.569476738            
0.12283168216             428.169202133            
0.12693944575             388.439830826            
0.131184852492            360.627491259            
0.135572800274            343.522037262            
0.140108525499            332.005162486            
0.144797667768            318.992822352            
0.149646344712            299.985968321            
0.15466123871             275.788568289            
0.159849697766            250.959813063            
0.165219853434            230.442194098            
0.170780759592            215.945361917            
0.176542556976            204.971853653            
0.18251666998             193.899401507            
0.188716044263            180.556662726            
0.195155436583            166.001360963            
0.201851772183            153.001650578            
0.208824590568            142.633221722            
0.216096608339            133.755751152            
0.223694439045            124.5122202              
0.23164952668             114.942301266            
0.239999374442            105.996483282            
0.248789188636            98.1800332439            
0.258074117701            90.9675949364            
0.267922363028            83.7287126996            
0.278419598399            76.7793478372            
0.28967540886             70.485665195             
0.301832945699            64.4164146546            
0.315083891645            58.5241436412            
0.329692566863            52.9614403184            
0.34603654788             47.568338046             
0.364678839081            42.3229941744            
0.386504377461            37.176765002             
0.412997665075            32.0561862211            
0.446854074507            26.8729266794            
0.493417060568            21.5180660153            
0.563895341655            15.9476326256            
0.678191433242            10.5508588946            
0.847706960435            6.43128523161            
1.06695826345             3.89656783754            
1.34321884505             2.39429539835            
1.69101233479             1.50046120005            
2.12885839993             0.963143810464           
2.68007393778             0.634900533238           
3.37401318576             0.429856116026           
4.24763093928             0.298121553718           
5.34745052938             0.210717528235           
6.73204135974             0.15075550451            
