z=1 k                     pk_nl                    
7.10020677101e-06         62.0292552292            
8.93863073302e-06         77.6687948964            
1.12530693764e-05         97.2515578071            
1.41667749987e-05         121.77175542             
1.7834913049e-05          152.47341118             
2.24528252546e-05         190.914996951            
2.82664322795e-05         239.047157305            
3.55853298975e-05         299.311470968            
4.4799276095e-05          374.763391564            
5.6398947106e-05          469.225394542            
7.10020677101e-05         587.477045836            
8.93863073302e-05         735.489838256            
0.000112530693764         920.714984922            
0.000141667749987         1152.43172842            
0.00017834913049          1442.16055161            
0.000224528252546         1804.13799984            
0.000282664322795         2255.83514507            
0.000355853298975         2818.47858719            
0.00044799276095          3517.50494731            
0.00056398947106          4382.85652712            
0.000710020677101         5448.99668185            
0.000893863073302         6754.37954418            
0.00112530693764          8339.59904243            
0.00141667749987          10243.8652918            
0.0017834913049           12498.9111086            
0.00224528252546          15119.8693639            
0.00282664322795          18093.0095254            
0.00355853298975          21322.4112007            
0.0044799276095           24740.4166798            
0.0056398947106           28109.7702146            
0.00710020677101          31110.7675833            
0.00893863073302          33307.0448629            
0.0112530693764           34169.7200685            
0.0141667748022           33192.4741096            
0.0178347832948           30164.8812751            
0.0224368256747           25595.2634327            
0.0277871114521           21118.7850422            
0.0321690999636           18596.062106             
0.0353726039056           17300.0726998            
0.038035030596            16453.4075039            
0.0404220308411           15790.9837663            
0.0426536723536           15200.5696174            
0.0447941855988           14626.4952802            
0.0468823782962           14039.2649716            
0.0489438886509           13425.9283885            
0.0509968681361           12783.9580232            
0.0530549102302           12120.3327218            
0.0551286863955           11445.9840842            
0.0572269194984           10776.5155786            
0.0593569930948           10128.6154673            
0.0615253488804           9518.94024523            
0.0637377549372           8961.18041598            
0.0659994919466           8465.91790394            
0.0683154854818           8038.05634762            
0.0706904017679           7677.21909219            
0.073128718016            7377.1776623             
0.0756347746429           7126.59801833            
0.0782128143196           6909.02692057            
0.0808670112842           6706.00332703            
0.083601493377            6498.03681466            
0.0864203586071           6268.85272128            
0.089327687636            6008.22635077            
0.0923275532732           5714.54821871            
0.0954240278934           5395.51400826            
0.0986211895574           5066.82687616            
0.101923127539            4748.07087596            
0.10533394791             4457.86088249            
0.108857779802            4209.44811607            
0.112498782938            4007.09104489            
0.116261157035            3845.48317209            
0.120149153633            3710.03167823            
0.124167090944            3582.57958873            
0.128319372274            3445.71442456            
0.1326105086              3287.85771639            
0.137045145875            3110.22503347            
0.141628097676            2925.5656912             
0.146364383827            2751.11771186            
0.151259275715            2599.60995366            
0.15631834912             2474.98383006            
0.161547545505            2372.24877509            
0.166953242951            2278.98205763            
0.172542338191            2181.99408247            
0.178322341574            2075.82829437            
0.184301487339            1964.51515116            
0.190488862205            1858.0189102             
0.196894556234            1765.02877115            
0.20352984107             1686.0119337             
0.210407382282            1614.07999789            
0.217541494631            1541.87568186            
0.224948452006            1466.88763968            
0.23264686772             1393.30532392            
0.240658166405            1326.14781817            
0.249007176531            1266.07882454            
0.257722883805            1209.24408802            
0.266839402035            1152.52007454            
0.27639724239             1096.91705702            
0.286444998903            1044.79010727            
0.29704162538             996.002707757            
0.308259570041            948.839776858            
0.320189183266            902.489437635            
0.332945064988            857.97604399             
0.346675456398            815.260464088            
0.361576574692            773.189702244            
0.37791529354             731.924484179            
0.396066565338            691.228488126            
0.41657828605             650.410702445            
0.440290454244            609.117555878            
0.468569509458            566.415105089            
0.503806235572            521.161511633            
0.550557957515            471.430696975            
0.618240110212            414.309169364            
0.725861049389            346.982228799            
0.895937810027            274.27611077             
1.12647244625             210.10934213             
1.41812028612             157.702297462            
1.78530758537             115.401048575            
2.24756908705             81.942077408             
2.82952183845             56.3084496321            
3.56215694565             37.4548921597            
4.48448989968             24.1884314454            
5.64563829364             15.2325631601            
7.10743751366             9.39724055533            
8.94773369869             5.70350924478            
