z=2 k                     pk_nl                    
5.04284226568e-06         95.6216548384            
6.34856227593e-06         118.496699855            
7.99236637753e-06         146.844016665            
1.0061793133e-05          181.97270689             
1.26670470634e-05         225.502992819            
1.59468674405e-05         279.444640655            
2.00759166594e-05         346.286391197            
2.52740816475e-05         429.110390836            
3.18181836458e-05         531.732305046            
4.00567199489e-05         658.873257991            
5.04284226568e-05         816.369386125            
6.34856227593e-05         1011.42477032            
7.99236637753e-05         1252.91197036            
0.00010061793133          1551.71947292            
0.000126670470634         1921.13511752            
0.000159468674405         2377.23379252            
0.000200759166594         2939.20168339            
0.000252740816475         3629.47404866            
0.000318181836458         4473.50053359            
0.000400567199489         5498.92205135            
0.000504284226568         6734.01253017            
0.000634856227593         8205.33003918            
0.000799236637753         9934.11162228            
0.0010061793133           11929.895031             
0.00126670470634          14181.1387756            
0.00159468674405          16645.6569761            
0.00200759166594          19240.9651762            
0.00252740816475          21836.6057773            
0.00318181836458          24252.0376645            
0.00400567199489          26258.942731             
0.00504284226568          27611.496928             
0.00634856227593          28051.4807095            
0.00799236637753          27357.7123912            
0.0100617931322           25406.0762709            
0.0126670450564           22270.768555             
0.0159461652374           18349.4943006            
0.0200244024809           14420.3800863            
0.0243403254934           11584.4232591            
0.0275229509115           10140.5963006            
0.0299646443633           9257.97520105            
0.0320614017809           8589.53360079            
0.0339745916534           8020.98489255            
0.035782077729            7505.86632731            
0.0375275663574           7024.13282939            
0.0392383986912           6567.75529692            
0.0409331227073           6135.03312012            
0.0426251520799           5727.37716904            
0.0443247113969           5347.52590083            
0.0460399493516           4998.30065836            
0.047777613997            4681.70428978            
0.0495434820716           4398.43741916            
0.0513426426903           4147.52016668            
0.0531796908608           3926.29684768            
0.055058863006            3730.46577405            
0.0569841339349           3554.4916813             
0.0589592874315           3392.15434544            
0.0609879683247           3237.14182456            
0.0630737212608           3084.04157907            
0.0652200197472           2928.99432145            
0.06743028797             2770.28024921            
0.0697079171972           2608.71355425            
0.0720562781141           2447.13579776            
0.0744787301396           2289.77303858            
0.0769786285603           2141.19504532            
0.0795593301927           2005.13710254            
0.0822241981883           1883.55780041            
0.0849766065456           1775.96252237            
0.0878199448525           1680.0467857             
0.0907576237635           1592.00650626            
0.0937930817007           1507.8650737             
0.0969297932577           1424.45280358            
0.100171279781            1340.63429939            
0.103521122601            1257.30267337            
0.106982979376            1176.27746918            
0.110560604027            1100.28526753            
0.114257870752            1031.57168012            
0.118078802612            969.45948317             
0.122027605256            912.373515171            
0.126108706382            858.563189047            
0.130326801657            806.344375144            
0.134686907925            755.618371559            
0.139194424771            707.570725205            
0.143855205713            662.602423933            
0.148675640704            620.528126557            
0.153662752051            581.625304337            
0.158824306497            545.32349074             
0.164168947025            510.668849729            
0.169706349027            477.875692879            
0.175447406931            446.961748721            
0.181404459336            417.887778741            
0.187591563364            390.774571922            
0.194024832627            365.138419516            
0.200722858326            341.067530935            
0.207707240322            318.209581263            
0.21500326556             296.714847004            
0.2226407867              276.485547937            
0.23065537704             257.391685316            
0.239089873275            239.235894307            
0.247996473206            222.156846105            
0.25743964472             205.909195979            
0.267500249709            190.484349442            
0.278281537901            175.83630833             
0.289918109666            161.828901206            
0.302589764007            148.409988493            
0.316543721977            135.496663823            
0.332131909894            122.995382275            
0.349876862958            110.792797886            
0.370595620937            98.740326258             
0.395649971019            86.6902268606            
0.427493519353            74.3983264423            
0.470952859797            61.5850874417            
0.536143695253            48.0117316575            
0.641694698612            34.3302122545            
0.800588738076            23.1230915667            
1.00754948567             15.6868008281            
1.26842642981             10.8822343378            
1.59685426008             7.70056182242            
2.01032040695             5.52898052703            
2.53084344616             4.00024977159            
3.18614312764             2.89407952528            
4.011116549               2.07752945484            
5.0496965532              1.46916942654            
6.35719131268             1.01737533249            
