z=0 k                     pk_nl                    
9.03915866055e-06         39.2263377736            
1.1379626539e-05          49.2388344084            
1.43261010267e-05         61.8070141519            
1.80354926344e-05         77.5832134182            
2.27053399917e-05         97.3859307734            
2.8584329499e-05          122.242889181            
3.59855387854e-05         153.443848709            
4.5303109234e-05          192.607388352            
5.70332354479e-05         241.76453269             
7.18005894223e-05         303.463309232            
9.03915866055e-05         380.899356465            
0.00011379626539          478.078487019            
0.000143261010267         600.018153341            
0.000180354926344         752.995255564            
0.000227053399917         944.847561774            
0.00028584329499          1185.33417429            
0.000359855387854         1486.5560781             
0.00045303109234          1863.43014884            
0.000570332354479         2334.19970774            
0.000718005894223         2920.95133251            
0.000903915866055         3650.07597134            
0.0011379626539           4552.48785605            
0.00143261010267          5663.11089527            
0.00180354926344          7020.30814297            
0.00227053399917          8662.72993114            
0.0028584329499           10624.847934             
0.00359855387854          12876.8987286            
0.0045303109234           15496.5829956            
0.00570332354479          18405.5947164            
0.00718005894223          21499.8928039            
0.00903915866055          24584.5532822            
0.011379626539            27357.5845747            
0.0143261010254           29400.4050075            
0.0180354896728           30246.711622             
0.0227043135582           29563.2969799            
0.0285096145446           27499.6091862            
0.0346419568965           25187.3159987            
0.039159257737            23770.0360332            
0.0426276095487           22862.8489848            
0.045607326228            22172.9426786            
0.0483268405475           21580.9706326            
0.0508964835381           21028.6073978            
0.0533782293329           20482.5713962            
0.0558108665224           19923.7240547            
0.0582207192431           19341.0106355            
0.0606268308311           18732.5060536            
0.0630437209419           18100.8992036            
0.0654829639378           17453.5397078            
0.0679541465989           16801.4837814            
0.0704654771804           16157.688392             
0.0730241879404           15536.8234769            
0.0756368097663           14951.9888204            
0.0783093645233           14413.9897026            
0.0810475027011           13930.2816756            
0.0838566036216           13503.2400644            
0.0867418493604           13129.5183944            
0.0897082797939           12800.5211398            
0.0927608338339           12501.5836176            
0.095904380405            12214.8304947            
0.099143741732            11921.1512319            
0.102483710855            11603.1263549            
0.105929064856            11248.9315445            
0.109484574991            10855.1769249            
0.11315501473             10429.9731703            
0.116945166589            9989.98040195            
0.120859828543            9557.45193105            
0.124903820776            9155.71871052            
0.129081993475            8802.07101846            
0.133399236372            8502.98824832            
0.137860490709            8252.40335154            
0.142470764304            8031.84982041            
0.147235150388            7817.07390554            
0.152158850873            7584.16752056            
0.157247204731            7316.78510786            
0.162505722172            7018.21927927            
0.167940125338            6708.88677876            
0.173556396297            6414.67950786            
0.179360833211            6155.27424185            
0.185360115679            5936.19030456            
0.191561380473            5747.6749109             
0.197972309141            5567.93812614            
0.204601229333            5375.94206448            
0.211457232212            5164.85206772            
0.21855030897             4944.25785061            
0.225891510345            4733.06547423            
0.233493134226            4546.5815282             
0.241368947933            4382.61765406            
0.249534453875            4226.9636698             
0.258007210033            4066.01550492            
0.266807220534            3897.76801521            
0.275957416805            3732.77498123            
0.285484257129            3580.58967473            
0.295418482834            3440.63415245            
0.30579608435             3303.62926497            
0.316659552477            3164.65912046            
0.328059523238            3027.7503494             
0.340056975317            2898.02174759            
0.352726218244            2773.66353296            
0.366159036701            2650.59065372            
0.380470566471            2528.64614533            
0.395807835973            2410.30546313            
0.412362540884            2294.30363337            
0.430390785406            2178.576591              
0.450244770433            2063.92819025            
0.472425969444            1949.02542038            
0.497679154155            1832.56519615            
0.527169223282            1713.09523255            
0.562838509574            1588.0194858             
0.608188253011            1453.46309596            
0.67010917857             1303.19289741            
0.763044382875            1127.89155785            
0.913537345848            921.401650885            
1.13988471006             705.798933162            
1.43456762403             514.398267093            
1.8060091918              357.195055106            
2.27363085812             237.657077997            
2.86233166433             152.964285953            
3.60346206921             96.0866596793            
4.53648996936             59.3230399128            
5.71110250278             36.1857679179            
7.18985207011             21.8887066652            
9.0514874781              13.1641223453            
