z=1 k                     pk_nl                    
7.84196791129e-06         48.917237643             
9.87245268201e-06         60.6864767329            
1.24286815581e-05         75.2873350111            
1.56467830486e-05         93.4010856821            
1.96981327927e-05         115.8723943              
2.47984799376e-05         143.749633449            
3.12194365674e-05         178.332957802            
3.93029420366e-05         221.234820554            
4.94794724881e-05         274.454652301            
6.22909652774e-05         340.471052801            
7.84196791129e-05         422.355249768            
9.87245268201e-05         523.910141416            
0.000124286815581         649.839452618            
0.000156467830486         805.951176015            
0.000196981327927         999.397858841            
0.000247984799376         1238.95239885            
0.000312194365674         1535.3104973             
0.000393029420366         1901.39914861            
0.000494794724881         2352.65604665            
0.000622909652774         2907.23184395            
0.000784196791129         3586.05035793            
0.000987245268201         4412.5863474             
0.00124286815581          5411.84277446            
0.00156467830486          6608.81813766            
0.00196981327927          8024.95579412            
0.00247984799376          9673.24141744            
0.00312194365674          11551.139847             
0.00393029420366          13604.9424635            
0.00494794724881          15808.8948382            
0.00622909652774          18026.0177952            
0.00784196791129          20069.4611195            
0.00987245268201          21677.5663993            
0.012428681558            22517.5846583            
0.0156467824784           22258.6218338            
0.0196978394272           20726.1591925            
0.0247689677425           18171.4331908            
0.0304888312561           15588.6323587            
0.0349535861386           14088.3421223            
0.0382749234485           13235.7517168            
0.0410727074281           12636.4848254            
0.0435991278312           12148.666983             
0.045971121781            11708.9192186            
0.0482524561516           11284.1488442            
0.0504821933973           10857.1729186            
0.052686411115            10418.786571             
0.0548837264348           9966.86336263            
0.0570881783183           9504.23248372            
0.059310853014            9036.87635091            
0.0615608585758           8573.23300057            
0.0638459385959           8122.55153858            
0.0661728745823           7694.75712907            
0.0685477586673           7297.98562701            
0.0709761835711           6938.72648321            
0.0734633779392           6620.52404905            
0.0760143045237           6343.51305283            
0.0786337324203           6104.18869414            
0.0813262907626           5895.82150382            
0.0840965089032           5708.98979413            
0.0869488465853           5532.0348219             
0.0898877166251           5353.43256333            
0.0929175019664           5163.16314374            
0.0960425685405           4954.76863168            
0.0992672750718           4727.49607252            
0.10259598078             4485.53025985            
0.1060330518              4238.55567618            
0.10958286707             3998.59434741            
0.113249824363            3777.19164               
0.117038347143            3583.09201707            
0.120952892863            3419.02384307            
0.124997963344            3281.6905072             
0.129178117845            3161.92455524            
0.133497989442            3048.22576447            
0.137962305318            2929.32192226            
0.142575911584            2797.8690538             
0.147343803243            2654.68761545            
0.152271159972            2508.13887682            
0.157363388388            2369.29189266            
0.162626171603            2246.4145052             
0.168065526937            2142.13013893            
0.173687872851            2053.06371658            
0.179500106398            1970.76843117            
0.185509692786            1886.51837028            
0.191724769106            1796.85284223            
0.19815426482             1704.52868919            
0.204808042395            1616.36727986            
0.211697062411            1538.1888224             
0.218833578871            1470.06268458            
0.226231372133            1407.20882               
0.233906029314            1344.52224062            
0.241875285211            1280.37685046            
0.250159441256            1217.849408              
0.258781886189            1160.33120231            
0.267769750931            1108.23688524            
0.277154742744            1058.65030748            
0.28697422222             1009.44489458            
0.297272614183            961.372784457            
0.308103285506            916.17535193             
0.319531088094            873.647236834            
0.331635869484            832.415340057            
0.344517424517            791.995440173            
0.358302651009            753.132002245            
0.373156179802            715.696579759            
0.389296674558            678.798367073            
0.4070227598              642.585453069            
0.426756070842            606.779408701            
0.449116426885            570.819328723            
0.475061135102            534.335197872            
0.506161729339            496.493745556            
0.545198447159            456.208047185            
0.597535928859            411.67414577             
0.674337592476            360.211425317            
0.797543949505            299.616538192            
0.989117338616            235.635097598            
1.24425557187             180.011644714            
1.56641166663             134.430165936            
1.97199541872             97.5871685394            
2.48259514455             68.5647750474            
3.12540211468             46.5535884851            
3.93464814424             30.6013380585            
4.95342853525             19.5569567485            
6.23599705854             12.2121612271            
7.85065516487             7.48636083991            
