z=0 k                     pk_nl                    
5.72773109817e-06         312.060242244            
7.2107862314e-06          389.985483306            
9.07784202573e-06         487.369605612            
1.14283260104e-05         609.071728672            
1.43874100288e-05         761.155298198            
1.81126760952e-05         951.206878302            
2.28025082118e-05         1188.69827631            
2.87066570405e-05         1485.45874946            
3.6139540036e-05          1856.25320763            
4.54969853218e-05         2319.50012681            
5.72773109817e-05         2898.15014405            
7.2107862314e-05          3620.75340009            
9.07784202573e-05         4522.73266964            
0.000114283260104         5647.8594129             
0.000143874100288         7049.88556079            
0.000181126760952         8794.20615978            
0.000228025082118         10959.3089607            
0.000287066570405         13637.6353261            
0.00036139540036          16935.3869119            
0.000454969853218         20970.7347706            
0.000572773109817         25869.3243244            
0.00072107862314          31754.4055361            
0.000907784202573         38728.6937511            
0.00114283260104          46847.666842             
0.00143874100288          56082.8592268            
0.00181126760952          66279.3832648            
0.00228025082118          77110.9880238            
0.00287066570405          88033.4722199            
0.0036139540036           98101.1747896            
0.00454969853218          106583.649356            
0.00572773109817          112121.309166            
0.0072107862314           113410.277871            
0.00907784202573          109199.799734            
0.011428325978            98803.983669             
0.0143873778955           82879.9309362            
0.0181071710449           64319.1020992            
0.0225812225887           48399.386566             
0.0265761832698           39984.7179515            
0.0294427660444           36237.5632808            
0.0317701012162           33981.2973826            
0.033831044376            32247.7129732            
0.0357441234515           30688.916235             
0.0375707712969           29151.7060794            
0.0393472759652           27569.1137013            
0.0410972078275           25929.0979814            
0.0428370318663           24244.2894166            
0.0445789428285           22552.0663218            
0.0463324246668           20891.9815184            
0.0481051671415           19310.6254846            
0.0499036338976           17849.9604939            
0.0517334300421           16542.9824535            
0.053599548572            15410.3451108            
0.0555065404977           14459.1198692            
0.0574586351587           13682.5822147            
0.0594598269994           13061.4409279            
0.0615139391291           12562.8340583            
0.0636246704176           12147.4637787            
0.06579563067             11766.6083532            
0.0680303670158           11377.3194049            
0.0703323837433           10941.72975              
0.0727051572115           10435.1658008            
0.0751521470763           9856.33275588            
0.0776768048043           9222.68374323            
0.0802825802724           8569.65260412            
0.0829729271355           7938.72693908            
0.0857513075681           7370.68429725            
0.0886211969418           6892.06304715            
0.0915860889645           6510.14359529            
0.0946495017938           6213.40614452            
0.0978149856223           5973.37968451            
0.101086132225            5753.21279332            
0.104466586955            5518.1327491             
0.107960063668            5247.46518101            
0.111570363064            4941.43474935            
0.115301394926            4621.78769261            
0.119157204778            4317.20816924            
0.123142005479            4052.98591237            
0.127260214367            3836.64330724            
0.131516496598            3657.0252834             
0.135915815473            3494.93118847            
0.140463490715            3333.77660133            
0.145165265848            3163.37981488            
0.150027386184            2985.70367305            
0.1550566893              2814.91967166            
0.160260710445            2663.09223885            
0.165647806015            2531.18581218            
0.171227299227            2413.02403065            
0.177009653323            2297.82556337            
0.183006679387            2181.74313479            
0.189231788115            2069.03004066            
0.195700298041            1963.92480111            
0.202429817061            1869.09444501            
0.209440720269            1780.29476407            
0.216756755855            1694.12561141            
0.224405823636            1610.38742554            
0.232420989648            1531.84258205            
0.240841828856            1457.81895784            
0.249716232154            1387.13001404            
0.25910288367             1319.02704982            
0.269074727875            1253.7054581             
0.279723935965            1191.09769451            
0.291169209789            1130.62395101            
0.303566852528            1071.65274159            
0.317128143527            1014.23205756            
0.332147736169            957.668487745            
0.349052334735            901.434172313            
0.368488947354            844.800887283            
0.391495804319            786.707445395            
0.419859407598            725.726910146            
0.456921475948            659.572393658            
0.509489485291            584.654630873            
0.591665122694            497.015164283            
0.72384035361             400.163560318            
0.908866863343            312.526375005            
1.14413944275             241.322233782            
1.44038595308             183.776091948            
1.81333847894             137.420450939            
2.28285789131             100.514838963            
2.87394781089             71.7139601782            
3.6180859313              49.8510107494            
4.55490032097             33.7866028913            
5.73427976226             22.370505244             
7.21903051105             14.5086097905            
9.08822095887             9.24457496205            
