z=1 k                     pk_nl                    
6.36266968224e-06         42.382291939             
8.01012654983e-06         53.1489193523            
1.00841518653e-05         66.6506575997            
1.26951950396e-05         83.5823232646            
1.5982303643e-05          104.814571349            
2.01205281952e-05         131.439853817            
2.53302442436e-05         164.827557226            
3.18888881653e-05         206.694215463            
4.01457316651e-05         259.191109011            
5.05404817683e-05         325.013375921            
6.36266968224e-05         407.535593092            
8.01012654983e-05         510.979235272            
0.000100841518653         640.61778291             
0.000126951950396         803.024288174            
0.00015982303643          1006.36344812            
0.000201205281952         1260.72337873            
0.000253302442436         1578.46916477            
0.000318888881653         1974.57893428            
0.000401457316651         2466.8960038             
0.000505404817683         3076.20885998            
0.000636266968224         3826.06469491            
0.000801012654983         4742.17195331            
0.00100841518653          5850.96680946            
0.00126951950396          7176.46863327            
0.0015982303643           8735.59694067            
0.00201205281952          10531.3317632            
0.00253302442436          12544.0526856            
0.00318888881653          14720.6191034            
0.00401457316651          16949.6369296            
0.00505404817683          19096.6439608            
0.00636266968224          20930.830972             
0.00801012654983          22165.645519             
0.0100841518653           22468.0414231            
0.0126951950009           21533.8863486            
0.0159822660596           19257.9780755            
0.0201141802407           15991.4200835            
0.0250782198572           12756.9040837            
0.0294939269298           10861.7090041            
0.0326639312857           9968.53662508            
0.0352403145409           9425.79384773            
0.0375230641501           9017.62605283            
0.0396427084167           8659.21505413            
0.041666993513            8310.35177438            
0.0436359761582           7950.97620344            
0.0455756937348           7572.80157378            
0.0475043450756           7175.19229848            
0.0494354155114           6762.77208992            
0.0513793969138           6344.53922493            
0.0533447992285           5930.865559              
0.0553387776549           5533.32634732            
0.0573675386071           5162.68270862            
0.0594366119533           4827.77445743            
0.0615510390036           4534.77086248            
0.0637155054853           4286.24643977            
0.0659344374644           4081.28078889            
0.0682120716126           3915.0907487             
0.070552507278            3779.54768642            
0.0729597453764           3663.86800894            
0.0754377175713           3555.54796033            
0.0779903082039           3442.45648146            
0.0806213707825           3314.08753938            
0.0833347403955           3164.40334264            
0.086134243127            2993.07363958            
0.0890237033569           2805.87696631            
0.0920069497025           2613.38663559            
0.0950878202716           2428.29184257            
0.0982701678492           2262.33485754            
0.101557865603            2123.18634587            
0.10495481387             2012.86263017            
0.108464948586            1927.15560182            
0.112092251888            1856.54475893            
0.115840765441            1789.18173598            
0.119714607014            1714.72391267            
0.123717990844            1626.85352267            
0.127855252341            1526.83401217            
0.132130877672            1422.88172004            
0.136549538853            1325.88260903            
0.141116134967            1243.26800457            
0.145835840282            1176.52340863            
0.150714160116            1122.01482749            
0.155756995518            1072.53117916            
0.160970718062            1020.38312956            
0.166362256419            962.554060195            
0.17193919678             902.108842058            
0.177709899873            844.830782981            
0.183683638045            795.371164462            
0.189870756984            753.864632411            
0.196282868037            715.987224811            
0.202933078971            677.74087421             
0.209836273566            638.132544975            
0.217009453933            599.445591062            
0.224472164293            564.573150301            
0.23224702177             533.496535362            
0.240360389541            504.177233921            
0.248843241864            474.90337992             
0.257732291559            446.532474632            
0.267071482325            420.110797731            
0.276913997387            395.522936145            
0.287325013743            371.893830109            
0.298385557617            348.884003865            
0.310198028333            326.990072024            
0.322894324192            306.198663344            
0.336648162555            285.931350019            
0.35169442205             266.306149332            
0.368360768415            247.231673411            
0.387121889509            228.425250636            
0.40869787908             209.768931376            
0.434244896849            190.961802287            
0.465753742359            171.637472105            
0.506951237638            151.247145261            
0.56543429834             129.05121768             
0.65692802826             104.530886231            
0.804010363027            79.6210923365            
1.00960529377             59.2724265534            
1.27095799056             44.2429760123            
1.6000410328              32.9728556112            
2.01433231592             24.3582108675            
2.5358941403              17.7203347475            
3.19250157485             12.6270472137            
4.01912135977             8.77811410348            
5.0597740129              5.93819180902            
6.36987808277             3.90456700743            
