z=1 k                     pk_nl                    
6.88189430051e-06         49.3464118369            
8.6637916162e-06          61.1597327448            
1.09070674281e-05         75.8011123846            
1.37311843534e-05         93.9475759763            
1.72865369165e-05         116.43766451             
2.17624606061e-05         144.311172954            
2.73973146802e-05         178.856348755            
3.44911756659e-05         221.669255466            
4.34218175284e-05         274.727040109            
5.46648295128e-05         340.478068729            
6.88189430051e-05         421.952816839            
8.6637916162e-05          522.899357242            
0.000109070674281         647.947651694            
0.000137311843534         802.806174124            
0.000172865369165         994.492312951            
0.000217624606061         1231.59320203            
0.000273973146802         1524.54441406            
0.000344911756659         1885.8989315             
0.000434218175284         2330.53916778            
0.000546648295128         2875.76771902            
0.000688189430051         3541.20526364            
0.00086637916162          4348.39120702            
0.00109070674281          5319.79485213            
0.00137311843534          6476.56308936            
0.00172865369165          7835.099047              
0.00217624606061          9401.85541945            
0.00273973146802          11166.4431458            
0.00344911756659          13092.7712343            
0.00434218175284          15089.9335718            
0.00546648295128          17069.2864626            
0.00688189430051          18841.6374253            
0.0086637916162           20173.6603656            
0.0109070674281           20784.819095             
0.0137311842531           20404.8471028            
0.0172864588531           18899.6672605            
0.0217514578732           16475.8567238            
0.02702514002             13907.1681826            
0.0314957927675           12298.1317167            
0.0347337666421           11422.1399074            
0.0374000042982           10823.1851925            
0.0397787169935           10341.9933784            
0.0419962624389           9912.82331818            
0.0441193784752           9503.97190576            
0.0461880209193           9098.84935423            
0.0482284053538           8690.26153451            
0.0502589908834           8276.71608222            
0.0522935390812           7860.96869298            
0.0543428120197           7448.01240502            
0.0564155775987           7044.70713992            
0.0585192362732           6658.49785173            
0.0606602285342           6296.27341764            
0.0628443091735           5963.74502722            
0.0650767372471           5664.57378081            
0.0673624107834           5399.97599081            
0.0697059641475           5168.59725813            
0.072111839475            4966.06256959            
0.0745843396646           4785.90287006            
0.0771276679863           4619.78590636            
0.0797459578069           4458.70492506            
0.0824432949348           4294.18254552            
0.0852237344185           4119.87567515            
0.0880913132003           3932.74034236            
0.0910500597282           3733.77757301            
0.0941040014397           3528.12141387            
0.0972571708984           3323.91386455            
0.100513611286            3129.96531607            
0.103877381897            2953.98204832            
0.107352564246            2800.33695993            
0.110943269387            2669.02738619            
0.114653647025            2555.65761696            
0.118487896985            2452.50321474            
0.122450283611            2351.02651692            
0.126545153655            2244.62145839            
0.130776958224            2130.79930899            
0.135150279351            2011.91636092            
0.139669861798            1894.56392278            
0.144340650708            1786.20041585            
0.149167835817            1690.97094816            
0.154156903013            1608.28206157            
0.159313694182            1534.02317736            
0.164644476473            1463.04186741            
0.170156022399            1390.98739267            
0.175855702564            1316.95972045            
0.181751593281            1244.02360531            
0.187852602028            1176.10523125            
0.194168614539            1115.20246012            
0.200710668476            1060.41549082            
0.207491160173            1008.36354231            
0.214524092964            956.775718057            
0.221825378425            905.971390983            
0.229413205654            857.61011574             
0.23730849903             813.1386893              
0.24553549238             771.78624219             
0.254122458206            732.106902646            
0.263102646272            693.388144215            
0.272515509059            656.465227341            
0.282408326788            621.678418122            
0.292838399175            588.608011663            
0.303876057611            556.695588686            
0.315608892427            525.941561162            
0.328147826977            496.48351495             
0.3416360823              468.086741134            
0.356262820412            440.417105401            
0.37228465811             413.487723358            
0.390061024468            387.043152553            
0.410115162617            360.82300999             
0.433245579841            334.533985853            
0.460743832093            307.73093451             
0.494854022462            279.788068681            
0.53982060699             249.746313011            
0.60436503899             216.229935772            
0.706319905907            178.12199658             
0.868808199118            138.406140808            
1.09186282178             104.785475654            
1.37453699992             78.5450983668            
1.73043941828             57.9780092281            
2.17849415716             41.8933623815            
2.7425616539              29.5020031859            
3.4526805595              20.1894763437            
4.34666729516             13.4100852301            
5.4721299145              8.65324766652            
6.889003406               5.44129163696            
