z=1 k                     pk_nl                    
9.21791714759e-06         20.2272860066            
1.16046701409e-05         25.1946085609            
1.46094141359e-05         31.3817830197            
1.83921627071e-05         39.0883749242            
2.31543610098e-05         48.6873569007            
2.91496134691e-05         60.6434334028            
3.66971891402e-05         75.5353030249            
4.61990239501e-05         94.0835994416            
5.81611252508e-05         117.18562693             
7.32205185568e-05         145.958425871            
9.21791714759e-05         181.792156434            
0.000116046701409         226.416001643            
0.000146094141359         281.979154323            
0.000183921627071         351.149541231            
0.000231543610098         437.232697212            
0.000291496134691         544.312143856            
0.000366971891402         677.410267519            
0.000461990239501         842.664418889            
0.000581611252508         1047.50690209            
0.000732205185568         1300.83109098            
0.000921791714759         1613.07141163            
0.00116046701409          1996.21077808            
0.00146094141359          2463.86781723            
0.00183921627071          3030.39999922            
0.00231543610098          3709.79125255            
0.00291496134691          4513.64511772            
0.00366971891402          5439.3289122             
0.00461990239501          6495.4454229             
0.00581611252508          7653.93935565            
0.00732205185568          8865.92108087            
0.00921791714759          10043.8459854            
0.0116046701409           11051.9933979            
0.0146094141354           11703.3630566            
0.0183921613799           11789.3852664            
0.0231537897213           11168.598589             
0.0290999348697           9935.63759745            
0.0356295068673           8646.67549549            
0.0405783865067           7901.41799569            
0.0443115145684           7471.39867527            
0.0474850425933           7171.57415492            
0.0503648815651           6931.4302367             
0.0530766251125           6717.56991112            
0.055689691142            6511.3910734             
0.058247020626            6301.9610529             
0.0607774945495           6083.06099874            
0.0633018548603           5852.15858378            
0.0658358207484           5609.47652242            
0.0683918580353           5357.66299288            
0.0709802457466           5101.10193229            
0.0736097507808           4845.40356815            
0.0762880718429           4596.93788971            
0.0790221412175           4361.70202163            
0.0818183354992           4145.18458714            
0.0846826260255           3951.27494065            
0.0876206881841           3782.04843013            
0.0906379819307           3637.4059516             
0.0937398116896           3514.93266891            
0.0969313711996           3410.02510528            
0.100217777196            3315.97945845            
0.103604094731            3225.2098877             
0.107095356218            3130.07728636            
0.110696575793            3024.22468919            
0.114412760293            2904.10223348            
0.118248917917            2769.78455614            
0.1222100655              2625.32786332            
0.126301235258            2477.95448251            
0.13052748178             2336.50605659            
0.134893890038            2209.02901715            
0.139405585122            2100.82423125            
0.14406774445             2012.98392808            
0.148885613122            1942.48503976            
0.153864523164            1881.48662392            
0.159009917319            1820.44124383            
0.164327378122            1751.47009499            
0.169822662964            1671.34962681            
0.175501745896            1582.4778691             
0.18137086699             1491.92788851            
0.187436590152            1408.4723227             
0.193705870424            1338.45249632            
0.200186132019            1282.4945941             
0.206885358592            1235.93600228            
0.213812197648            1190.94742577            
0.220976081485            1140.74158986            
0.228387367735            1084.04264995            
0.236057503488            1025.60396244            
0.243999218125            972.174072744            
0.252226751584            927.764228676            
0.260756126859            890.598984372            
0.269605478336            855.091559773            
0.278795451419            816.788615399            
0.288349694158            776.042029022            
0.298295468959            737.296226599            
0.308664422915            703.692551952            
0.319493570307            673.976039793            
0.330826562925            644.308818053            
0.342715356773            613.362988565            
0.355222434049            583.427181857            
0.368423817727            556.493167642            
0.382413241726            531.145619282            
0.39730804643             505.303122845            
0.413257720553            479.977560461            
0.430456628285            456.315726248            
0.449163591936            432.910589696            
0.469733166833            409.493800973            
0.492667813062            386.709301315            
0.518709501991            363.609392728            
0.549010582204            340.232386318            
0.585475781634            315.905906146            
0.631502807945            290.003354564            
0.693706192059            261.311847724            
0.785905966161            228.13864691             
0.934566848737            189.36935022             
1.16251281912             149.361281321            
1.46274095461             114.911257131            
1.8414726636              86.4382671794            
2.31827671219             63.1329319363            
2.91853746454             44.544752231             
3.67422097938             30.31088336              
4.62557015949             19.9360725664            
5.82324781782             12.7351925818            
7.33103465703             7.94425465131            
9.22922582449             4.86386781077            
