# Matter power spectrum P(k) at redshift z=0
# for k=1.74579e-05 to 11.0267 h/Mpc,
# number of wavenumbers equal to 120
#    1:k (h/Mpc)              2:P (Mpc/h)^3        
       1.745794425737e-05       1.090752697389e+01 
       2.197824966329e-05       1.366708705031e+01 
       2.766897700787e-05       1.712479682549e+01 
       3.483317827355e-05       2.145727730272e+01 
       4.385237330213e-05       2.688582204686e+01 
       5.520686711754e-05       3.368769277911e+01 
       6.950132791982e-05       4.221025936582e+01 
       8.749698787170e-05       5.288869786806e+01 
       1.101521814871e-04       6.626813119404e+01 
       1.386733804387e-04       8.303129653167e+01 
       1.745794425737e-04       1.040330675844e+02 
       2.197824966329e-04       1.303434285710e+02 
       2.766897700787e-04       1.633007697563e+02 
       3.483317827355e-04       2.045776119275e+02 
       4.385237330213e-04       2.562609770615e+02 
       5.520686711754e-04       3.209494733460e+02 
       6.950132791982e-04       4.018686225342e+02 
       8.749698787170e-04       5.030049429426e+02 
       1.101521814871e-03       6.292577262097e+02 
       1.386733804387e-03       7.866040500798e+02 
       1.745794425737e-03       9.822623208579e+02 
       2.197824966329e-03       1.224682884777e+03 
       2.766897700787e-03       1.523865352999e+03 
       3.483317827355e-03       1.890982756697e+03 
       4.385237330213e-03       2.337946010759e+03 
       5.520686711754e-03       2.876452830755e+03 
       6.950132791982e-03       3.516305819815e+03 
       8.749698787170e-03       4.262713759110e+03 
       1.101521814871e-02       5.111687297375e+03 
       1.386733804387e-02       6.044358464718e+03 
       1.745794425737e-02       7.018054609803e+03 
       2.197824966329e-02       7.956562097986e+03 
       2.766897700783e-02       8.741578745896e+03 
       3.483317803818e-02       9.217169297375e+03 
       4.385218641965e-02       9.227977339950e+03 
       5.518009772460e-02       8.715877530267e+03 
       6.858262380115e-02       7.887048907832e+03 
       7.999278684721e-02       7.261261370568e+03 
       8.824875473454e-02       6.897927807794e+03 
       9.503918368188e-02       6.647384827762e+03 
       1.010936815728e-01       6.448108837713e+03 
       1.067359889329e-01       6.272017201158e+03 
       1.121368294375e-01       6.103746715208e+03 
       1.173983017575e-01       5.934047553941e+03 
       1.225873385154e-01       5.757460460728e+03 
       1.277510377154e-01       5.571173113241e+03 
       1.329244926095e-01       5.374614998152e+03 
       1.381351347854e-01       5.169009301533e+03 
       1.434053039705e-01       4.957115195322e+03 
       1.487538492860e-01       4.742827968274e+03 
       1.541971699205e-01       4.530796585390e+03 
       1.597499153530e-01       4.325884936832e+03 
       1.654254702125e-01       4.132659326983e+03 
       1.712362980291e-01       3.954803084373e+03 
       1.771941896469e-01       3.794873323068e+03 
       1.833104454520e-01       3.653708169226e+03 
       1.895960105461e-01       3.530321515041e+03 
       1.960615757706e-01       3.421886745377e+03 
       2.027176535240e-01       3.323765293487e+03 
       2.095746347519e-01       3.230247002534e+03 
       2.166428317934e-01       3.135138311606e+03 
       2.239325106520e-01       3.032879632179e+03 
       2.314539155073e-01       2.919669868437e+03 
       2.392172877903e-01       2.794392798571e+03 
       2.472328818165e-01       2.659116360810e+03 
       2.555109787591e-01       2.518887046877e+03 
       2.640619006105e-01       2.380597671672e+03 
       2.728960256942e-01       2.251478659929e+03 
       2.820238072364e-01       2.137112707983e+03 
       2.914557964752e-01       2.039960062368e+03 
       3.012026717602e-01       1.958767074227e+03 
       3.112752750819e-01       1.888496286849e+03 
       3.216846574630e-01       1.821168962630e+03 
       3.324421346476e-01       1.749225426356e+03 
       3.435593545476e-01       1.668302116667e+03 
       3.550483779565e-01       1.578789961154e+03 
       3.669217741418e-01       1.485571135388e+03 
       3.791927330842e-01       1.396110092338e+03 
       3.918751963818e-01       1.317178705876e+03 
       4.049840091956e-01       1.251354156131e+03 
       4.185350961231e-01       1.196011265828e+03 
       4.325456645835e-01       1.144843934624e+03 
       4.470344402406e-01       1.090989163528e+03 
       4.620219402447e-01       1.031257779639e+03 
       4.775307917356e-01       9.683153510393e+02 
       4.935861052481e-01       9.082032371872e+02 
       5.102159155710e-01       8.559140753877e+02 
       5.274517064865e-01       8.117634564152e+02 
       5.453290410212e-01       7.712977471291e+02 
       5.638883258916e-01       7.294938314663e+02 
       5.831757485048e-01       6.849526733777e+02 
       6.032444383249e-01       6.410014266341e+02 
       6.241559233876e-01       6.016217500995e+02 
       6.459819799189e-01       5.671201007697e+02 
       6.688070126254e-01       5.340848303376e+02 
       6.927311620158e-01       4.999965593533e+02 
       7.178744241730e-01       4.661359906474e+02 
       7.443822063093e-01       4.351733552665e+02 
       7.724329602667e-01       4.068025643517e+02 
       8.022488928616e-01       3.785630639762e+02 
       8.341113513256e-01       3.504285493256e+02 
       8.683835236963e-01       3.241698342724e+02 
       9.055449745959e-01       2.990037948665e+02 
       9.462460821451e-01       2.738501851386e+02 
       9.913974620866e-01       2.496442492291e+02 
       1.042324165019e+00       2.257922707261e+02 
       1.101047211387e+00       2.020188520075e+02 
       1.170833322509e+00       1.781597232314e+02 
       1.257353815739e+00       1.537515944145e+02 
       1.371325327326e+00       1.282159511991e+02 
       1.534753134113e+00       1.009549582174e+02 
       1.792690030919e+00       7.216243697424e+01 
       2.204141567920e+00       4.571620143626e+01 
       2.769850019580e+00       2.726957700838e+01 
       3.486936131138e+00       1.601650858021e+01 
       4.389792122792e+00       9.309919758679e+00 
       5.526420855666e+00       5.361512039167e+00 
       6.957351651467e+00       3.061867446432e+00 
       8.758786792820e+00       1.735351083515e+00 
       1.102665926997e+01       9.767771441479e-01 
