# Matter power spectrum P(k) at redshift z=0
# for k=1.31019e-05 to 8.27573 h/Mpc,
# number of wavenumbers equal to 120
#    1:k (h/Mpc)              2:P (Mpc/h)^3        
       1.310193201173e-05       3.330183769033e+01 
       1.649435515317e-05       4.143407721410e+01 
       2.076516285349e-05       5.155218217109e+01 
       2.614179119630e-05       6.414101584460e+01 
       3.291056524684e-05       7.980387052252e+01 
       4.143194690575e-05       9.929124978073e+01 
       5.215973081976e-05       1.235367784220e+02 
       6.566521060134e-05       1.537017464150e+02 
       8.266760229684e-05       1.912304195228e+02 
       1.040723452636e-04       2.379185324722e+02 
       1.310193201173e-04       2.959979365043e+02 
       1.649435515317e-04       3.682408140623e+02 
       2.076516285349e-04       4.580871889432e+02 
       2.614179119630e-04       5.697994863196e+02 
       3.291056524684e-04       7.086472410413e+02 
       4.143194690575e-04       8.811232343100e+02 
       5.215973081976e-04       1.095188941432e+03 
       6.566521060134e-04       1.360542150874e+03 
       8.266760229684e-04       1.688893269542e+03 
       1.040723452636e-03       2.094224898810e+03 
       1.310193201173e-03       2.592973774233e+03 
       1.649435515317e-03       3.203999160499e+03 
       2.076516285349e-03       3.948099625382e+03 
       2.614179119630e-03       4.847044424038e+03 
       3.291056524684e-03       5.921708861527e+03 
       4.143194690575e-03       7.188607150781e+03 
       5.215973081976e-03       8.655011930482e+03 
       6.566521060134e-03       1.031184142819e+04 
       8.266760229684e-03       1.212348988689e+04 
       1.040723452636e-02       1.401693605987e+04 
       1.310193201173e-02       1.586752699092e+04 
       1.649435515317e-02       1.748733028102e+04 
       2.076516285328e-02       1.862427066411e+04 
       2.614179038569e-02       1.899893380328e+04 
       3.291013031904e-02       1.840663697957e+04 
       4.138667148330e-02       1.690961278019e+04 
       5.100176381199e-02       1.512046628072e+04 
       5.856415773156e-02       1.395105528662e+04 
       6.417225373086e-02       1.323259624851e+04 
       6.888591392201e-02       1.269876695583e+04 
       7.313736207234e-02       1.224811052468e+04 
       7.712615027791e-02       1.183467484641e+04 
       8.096074867405e-02       1.143437799697e+04 
       8.470745117640e-02       1.103398435304e+04 
       8.841043726323e-02       1.062736437987e+04 
       9.210120304684e-02       1.021242186461e+04 
       9.580347172676e-02       9.791138019135e+03 
       9.953595838883e-02       9.367677086239e+03 
       1.033140254906e-01       8.947925394880e+03 
       1.071507243764e-01       8.538397515694e+03 
       1.110574775403e-01       8.147022032880e+03 
       1.150445406990e-01       7.778879680701e+03 
       1.191213244778e-01       7.438951773076e+03 
       1.232966234826e-01       7.129705059154e+03 
       1.275787824212e-01       6.851076838249e+03 
       1.319758182898e-01       6.600271408977e+03 
       1.364955111809e-01       6.371900938405e+03 
       1.411454722259e-01       6.158626817019e+03 
       1.459331946134e-01       5.951800180380e+03 
       1.508660919406e-01       5.742908787254e+03 
       1.559515270507e-01       5.524954115857e+03 
       1.611968337739e-01       5.293933696413e+03 
       1.666093334979e-01       5.049972957963e+03 
       1.721963481703e-01       4.797294631338e+03 
       1.779652111199e-01       4.543617827927e+03 
       1.839232769480e-01       4.298282313578e+03 
       1.900779316514e-01       4.070138977694e+03 
       1.964366040839e-01       3.865118096587e+03 
       2.030067798310e-01       3.684542002939e+03 
       2.097960185488e-01       3.524947020579e+03 
       2.168119758029e-01       3.378482368190e+03 
       2.240624304359e-01       3.235662919965e+03 
       2.315553184853e-01       3.088982554613e+03 
       2.392987746827e-01       2.933794151634e+03 
       2.473011825798e-01       2.771855707633e+03 
       2.555712343970e-01       2.610366024572e+03 
       2.641180017621e-01       2.458329556839e+03 
       2.729510186372e-01       2.321594815067e+03 
       2.820803779227e-01       2.200795464533e+03 
       2.915168435044e-01       2.091922801791e+03 
       3.012719798998e-01       1.988333468580e+03 
       3.113583021928e-01       1.883801877653e+03 
       3.217894496599e-01       1.776579188447e+03 
       3.325803874459e-01       1.670037843907e+03 
       3.437476419060e-01       1.569363552244e+03 
       3.553095768973e-01       1.478264914748e+03 
       3.672867205146e-01       1.396048362831e+03 
       3.797021547089e-01       1.318221221835e+03 
       3.925819841921e-01       1.241275024938e+03 
       4.059559064167e-01       1.164923831426e+03 
       4.198579118245e-01       1.091727790808e+03 
       4.343271538897e-01       1.024102765992e+03 
       4.494090430899e-01       9.614240199900e+02 
       4.651566399495e-01       9.014054364001e+02 
       4.816324530281e-01       8.426878664280e+02 
       4.989107935373e-01       7.863679971315e+02 
       5.170809079646e-01       7.334159885882e+02 
       5.362512185569e-01       6.832759519793e+02 
       5.565551745683e-01       6.349498449282e+02 
       5.781595010232e-01       5.883074661580e+02 
       6.012761118961e-01       5.438140709599e+02 
       6.261797954927e-01       5.011551286389e+02 
       6.532353112662e-01       4.597251251995e+02 
       6.829404530635e-01       4.196569079294e+02 
       7.159974727228e-01       3.806168158816e+02 
       7.534376406105e-01       3.422471396551e+02 
       7.968517251844e-01       3.042562647049e+02 
       8.488470667994e-01       2.661010174417e+02 
       9.140276117230e-01       2.271228675893e+02 
       1.001258611242e+00       1.864366227796e+02 
       1.128967764495e+00       1.432400303419e+02 
       1.333562523729e+00       9.873649910383e+01 
       1.652643750960e+00       6.053330454228e+01 
       2.078788473999e+00       3.546719366827e+01 
       2.617014519647e+00       2.052079543943e+01 
       3.294626015283e+00       1.175968035914e+01 
       4.147688412974e+00       6.681260214197e+00 
       5.221630343297e+00       3.766470429010e+00 
       6.573643130173e+00       2.108384744537e+00 
       8.275726384641e+00       1.172685154635e+00 
