k                         CCL lin error            
5.62596390674e-06         -1.16474171537e-05       
7.08266892804e-06         -9.63078261516e-06       
8.91655189683e-06         -6.04498971492e-06       
1.12252737685e-05         -3.85558739328e-07       
1.41317824015e-05         1.75722149681e-12        
1.77908599792e-05         2.18676841695e-13        
2.23973657255e-05         -5.88984961238e-13       
2.81966128691e-05         -7.98344114629e-14       
3.54974324674e-05         -1.53751033092e-12       
4.46886197867e-05         1.88261302016e-12        
5.62596390674e-05         4.6489982677e-13         
7.08266892804e-05         5.29239629904e-12        
8.91655189683e-05         1.32210449507e-11        
0.000112252737685         2.82396698926e-11        
0.000141317824015         -2.62729243448e-11       
0.000177908599792         1.03761510811e-10        
0.000223973657255         1.55071828213e-10        
0.000281966128691         2.0115090761e-10         
0.000354974324674         2.56410105814e-10        
0.000446886197867         4.12430190428e-10        
0.000562596390674         6.59571397146e-10        
0.000708266892804         7.5561438549e-10         
0.000891655189683         9.24797142347e-10        
0.00112252737685          1.00310603432e-09        
0.00141317824015          1.28999089379e-09        
0.00177908599792          9.92147682801e-10        
0.00223973657255          1.4175977008e-09         
0.00281966128691          9.54921958063e-10        
0.00354974324674          1.94897863776e-09        
0.00446886197867          5.87368106717e-09        
0.00562596390674          7.5870471855e-09         
0.00708266892804          -1.7615577646e-08        
0.00891655189683          -2.40033192042e-07       
0.0112252737623           1.15059652198e-08        
0.0141317731372           -8.10493390984e-09       
0.0177886428259           1.44295161525e-06        
0.0222787434962           -1.5200510081e-07        
0.0266493309628           2.29211752217e-08        
0.0297842441123           5.21701347131e-07        
0.0322648426361           1.06071846084e-07        
0.0344317287978           -1.76505792186e-08       
0.0364276786694           -3.64141207371e-08       
0.0383242923343           2.43077517634e-07        
0.0401628822725           -2.36085344255e-08       
0.0419698191146           -6.51210748959e-09       
0.0437632743796           -5.98589788605e-07       
0.0455565573339           8.27826419098e-08        
0.0473599216258           -3.60103652596e-07       
0.0491816140443           3.79048728974e-08        
0.0510285180165           -1.22729404414e-07       
0.0529065665855           3.27091406222e-07        
0.0548210174067           1.08893220152e-07        
0.056776641534            8.78199032386e-07        
0.0587778563229           1.73812092508e-07        
0.0608288209316           1.10177193632e-06        
0.0629335060704           5.68376174543e-07        
0.0650957455793           -1.9974524875e-07        
0.0673192748954           -8.46785401584e-07       
0.0696077598948           -2.59402761196e-07       
0.071964818565            -4.96232110143e-08       
0.0743940372991           -1.0246625819e-07        
0.0768989831544           -7.08567957026e-07       
0.0794832131289           -1.48980019538e-07       
0.0821502813061           1.73557130172e-08        
0.0849037445935           7.24927721998e-07        
0.0877471676922           -1.5416295177e-07        
0.0906841278844           5.22040650464e-08        
0.0937182201861           3.93175112329e-07        
0.096853063396            3.04735376047e-07        
0.100092307556            -5.41434791485e-07       
0.10343964333             -1.55776940209e-06       
0.106898813801            -4.21247956176e-07       
0.110473629182            -3.82578699798e-07       
0.114167984949            5.21163862256e-08        
0.117985883881            1.88010551251e-07        
0.12193146254             1.84656950107e-06        
0.126009022725            3.87033081685e-06        
0.130223068508            7.98620533563e-07        
0.134578349505            2.79076741207e-07        
0.139079911166            -1.25241503532e-07       
0.143733153038            -7.12503883066e-08       
0.14854389613             -1.56379418965e-07       
0.153518460865            -8.75415856471e-07       
0.158663757457            3.11750942024e-06        
0.163987391084            1.42563941854e-06        
0.169497784965            -1.10070094911e-06       
0.175204325307            1.62884495504e-09        
0.181117533375            -5.98623598885e-07       
0.187249271536            3.23174250773e-07        
0.193612992377            2.4756894372e-06         
0.200224043002            -1.35001278728e-06       
0.207100040829            1.76824970122e-07        
0.214261343079            -1.46063729263e-06       
0.22173164054             1.89273644811e-06        
0.229538718376            -5.56422608528e-07       
0.237715444637            2.43350936294e-07        
0.246301074182            -1.51953571962e-06       
0.255342997185            1.87929791883e-06        
0.264899126719            1.64369735636e-07        
0.275041225454            -4.71807463435e-07       
0.285859647026            4.08456136192e-08        
0.297470269247            -5.4474120979e-07        
0.310024934035            1.05902381018e-07        
0.323727708013            -2.39814941368e-07       
0.338861223844            -2.68831415598e-09       
0.355831361982            -1.05430608653e-07       
0.375247266468            -2.64096934031e-07       
0.398074086925            -4.18963326859e-08       
0.425946909496            2.94358113302e-07        
0.46186929957             2.47588815161e-09        
0.511862921266            -9.47242208603e-08       
0.58853907989             1.72956077088e-08        
0.7128369681              -2.94860440423e-08       
0.892995745591            5.97506913663e-09        
1.1240729806              1.48317219598e-08        
1.41512308525             -1.56594996201e-07       
1.78153441181             2.13511482622e-07        
2.24281894302             -3.08845684252e-07       
2.82354176142             -2.9520757524e-07        
3.55462847471             -1.09888597491e-07       
4.4750121163              -2.00451028789e-09       
5.6337064713              1.75458913907e-07        
