k                         CCL lin error            
5.33991216076e-06         -1.35039450876e-05       
6.72255111593e-06         -1.10055967707e-05       
8.46319043193e-06         -6.67292057251e-06       
1.06545254996e-05         -2.64233671489e-07       
1.34132529021e-05         1.68016598841e-07        
1.68862849332e-05         1.68772186916e-07        
2.12585732132e-05         1.65488185327e-07        
2.67629580366e-05         1.67921581738e-07        
3.36925679671e-05         1.67724484246e-07        
4.24164300024e-05         1.68047256831e-07        
5.33991216076e-05         1.67937808485e-07        
6.72255111593e-05         1.67826911617e-07        
8.46319043193e-05         1.67931964446e-07        
0.000106545254996         1.68048403024e-07        
0.000134132529021         1.68055697441e-07        
0.000168862849332         1.6814786099e-07         
0.000212585732132         1.68233516418e-07        
0.000267629580366         1.68283856e-07           
0.000336925679671         1.68151989197e-07        
0.000424164300024         1.67886504834e-07        
0.000533991216076         1.67810311447e-07        
0.000672255111593         1.68146591238e-07        
0.000846319043193         1.67699572181e-07        
0.00106545254996          1.6749159658e-07         
0.00134132529021          1.6699487732e-07         
0.00168862849332          1.67314127744e-07        
0.00212585732132          1.67166103653e-07        
0.00267629580366          1.67151764576e-07        
0.00336925679671          3.68912935253e-06        
0.00424164300024          1.72018528779e-07        
0.00533991216076          -1.23928163286e-07       
0.00672255111593          -1.0757373185e-07        
0.00846319043193          4.90517900992e-07        
0.0106545254977           2.81195380495e-07        
0.0134132491067           2.0322605641e-07         
0.0168851467666           1.09381762354e-06        
0.0211850599908           1.20340303276e-06        
0.0255940861554           3.26988411976e-06        
0.0287972039902           1.2994463923e-06         
0.0312859616742           -1.62171675125e-06       
0.03343848413             9.6741067322e-07         
0.0354102900579           9.62947272284e-07        
0.0372776137782           -9.20219832222e-07       
0.0390837332745           -3.11663000367e-07       
0.040855946123            -5.03544638827e-07       
0.042612889107            8.32587926078e-08        
0.0443681098139           8.18832427294e-07        
0.0461319796258           -3.09990849005e-06       
0.0479127948585           2.25648052114e-06        
0.0497174478259           -1.38049835606e-06       
0.051551855127            -7.38753834565e-07       
0.0534212415355           2.80436006731e-07        
0.0553303341561           7.84265142635e-06        
0.0572834986834           1.61107381262e-08        
0.0592848370687           -1.08920171195e-06       
0.0613382587125           1.82473368942e-07        
0.0634475330313           -1.64772865876e-06       
0.0656163286274           6.37242368271e-07        
0.0678482426409           -8.33478624878e-07       
0.0701468228025           -5.55885718434e-06       
0.0725155840121           -1.23731329263e-07       
0.0749580208106           -5.82477583922e-07       
0.0774776168025           -1.95639033466e-06       
0.0800778518908           -4.83922134671e-06       
0.0827622080424           -5.48570094164e-06       
0.0855341742221           -5.60956174631e-07       
0.0883972510712           4.51207784192e-07        
0.0913549558744           1.32334933653e-06        
0.0944108283343           2.27879465352e-06        
0.0975684376604           3.00135536094e-06        
0.10083139147             2.30125683578e-07        
0.104203346991            -1.15378479753e-06       
0.107688025056            -1.02315988438e-05       
0.111289227367            -7.52096951074e-06       
0.115010857543            -1.99366748672e-06       
0.118856946418            -9.25087002049e-07       
0.12283168216             1.73232070931e-06        
0.12693944575             9.11483601323e-06        
0.131184852492            1.77516535438e-05        
0.135572800274            1.34131572306e-05        
0.140108525499            -3.12018134569e-06       
0.144797667768            -3.6885724504e-06        
0.149646344712            7.09958662476e-07        
0.15466123871             -9.76017819182e-07       
0.159849697766            4.34058408287e-06        
0.165219853434            2.62760168098e-05        
0.170780759592            8.90045436609e-06        
0.176542556976            -1.38425497691e-06       
0.18251666998             -1.71864258113e-06       
0.188716044263            -7.77489665192e-07       
0.195155436583            6.87505885855e-06        
0.201851772183            1.70243618176e-05        
0.208824590568            1.05023046909e-05        
0.216096608339            -1.63705949329e-06       
0.223694439045            6.03842388917e-07        
0.23164952668             2.80828367232e-06        
0.239999374442            7.46512415693e-06        
0.248789188636            -9.55523057689e-07       
0.258074117701            -1.1282395867e-05        
0.267922363028            -6.21310689363e-07       
0.278419598399            1.00899086754e-05        
0.28967540886             -5.08643829717e-07       
0.301832945699            -1.30783438842e-06       
0.315083891645            5.23463068573e-06        
0.329692566863            -2.51478217575e-06       
0.34603654788             9.31669915813e-07        
0.364678839081            3.28336405953e-07        
0.386504377461            3.23750508756e-07        
0.412997665075            2.76654856184e-07        
0.446854074507            -6.11435278875e-07       
0.493417060568            2.26835962694e-07        
0.563895341655            3.81327511331e-08        
0.678191433242            2.49511908203e-07        
0.847706960435            3.83198350386e-07        
1.06695826345             -2.58732560991e-07       
1.34321884505             1.07318681238e-07        
1.69101233479             4.6640064194e-07         
2.12885839993             6.74958411099e-07        
2.68007393778             7.63125772302e-07        
3.37401318576             9.84024677665e-08        
4.24763093928             2.57805557977e-07        
5.34745052938             -2.91972372603e-07       
6.73204135974             -6.12713392478e-07       
