k                         CCL lin error            
8.70296237341e-06         -4.51930850431e-06       
1.09563804898e-05         -3.62896032841e-06       
1.37932658199e-05         -2.21385108947e-06       
1.73646928523e-05         -1.32953228121e-08       
2.18608530997e-05         1.37962653302e-07        
2.75211834907e-05         1.37851292372e-07        
3.46471172591e-05         1.37355550741e-07        
4.36181363629e-05         1.37492463968e-07        
5.49119802824e-05         1.37731157341e-07        
6.91300873895e-05         1.37262252298e-07        
8.70296237341e-05         1.37421116236e-07        
0.000109563804898         1.37335890339e-07        
0.000137932658199         1.37469130809e-07        
0.000173646928523         1.3734565743e-07         
0.000218608530997         1.37283499361e-07        
0.000275211834907         1.37442334371e-07        
0.000346471172591         1.37302938126e-07        
0.000436181363629         1.37504275653e-07        
0.000549119802824         1.37299008066e-07        
0.000691300873895         1.37426931211e-07        
0.000870296237341         1.37342669653e-07        
0.00109563804898          1.37415096232e-07        
0.00137932658199          1.37392625984e-07        
0.00173646928523          1.37262726492e-07        
0.00218608530997          1.37534775838e-07        
0.00275211834907          1.37091638398e-07        
0.00346471172591          1.38257565416e-07        
0.00436181363629          1.3752044786e-07         
0.00549119802824          -7.21439683647e-07       
0.00691300873895          -3.9217325092e-07        
0.00870296237341          -4.19184327535e-08       
0.0109563804898           -3.63628318105e-08       
0.0137932658189           2.63073413745e-07        
0.0173646905053           -5.72200747102e-08       
0.0218599966906           -1.6560888796e-07        
0.0274561449398           4.60621539192e-07        
0.0334260977628           5.85018672123e-07        
0.0378500970036           6.51366860545e-07        
0.0412324501605           7.50727771839e-07        
0.0441311623167           8.30127721677e-08        
0.0467732032077           5.52427746697e-07        
0.0492676177593           3.25919006547e-08        
0.0516754247807           -1.53643726473e-07       
0.0540347091054           -2.7717667458e-07        
0.0563712621135           -3.00874868275e-07       
0.0587037095791           5.46255270458e-07        
0.0610462323084           2.8460847608e-07         
0.0634101206053           -3.9739336238e-08        
0.0658047159978           1.24570087503e-07        
0.0682380093679           1.34084217589e-07        
0.0707170358443           6.24257261085e-08        
0.0732481439873           2.20179873819e-07        
0.0758371841903           -1.47770250527e-07       
0.078489643425            5.68398842043e-07        
0.081210743292            8.15916940891e-07        
0.0840055123265           2.47452639443e-07        
0.0868788398297           6.03952396598e-07        
0.0898355161877           4.36241250291e-07        
0.0928802631591           -2.22104516761e-07       
0.0960177566446           -2.7546695914e-07        
0.099252643811            7.05874858987e-08        
0.10258955602             -1.14207723155e-07       
0.106033118726            -4.45780545804e-07       
0.109587959317            -1.77084295802e-07       
0.113258713762            4.70927181513e-08        
0.117050032831            -1.17124758808e-06       
0.120966588613            6.16090729443e-07        
0.12501308204             1.91142035656e-06        
0.129194252071            1.22446827787e-06        
0.133514887213            1.66312025622e-07        
0.137979840027            1.93371487114e-07        
0.142594045271            -6.02874043443e-07       
0.147362542318            -1.59465698304e-06       
0.152290502513            -9.44810620754e-07       
0.157383262123            -4.23910416599e-07       
0.162646361588            4.70524643587e-07        
0.168085591832            2.03422545424e-06        
0.173707048452            1.71436867099e-06        
0.179517194794            5.41208900966e-07        
0.185522935042            8.46743677047e-07        
0.191731698782            -1.26299039397e-06       
0.1981515388              -2.84699183539e-06       
0.204791244401            -6.86896263504e-07       
0.211660473142            8.3415598504e-07         
0.21876990475             5.6230974315e-07         
0.226131422084            2.22782655843e-06        
0.233758325512            -9.01367684475e-07       
0.24166558904             -7.52909142986e-07       
0.249870169218            2.60279356375e-07        
0.258391381481            3.39395996145e-07        
0.267251363622            2.57598086305e-06        
0.276475653108            5.04203874032e-07        
0.286093914948            1.38244493575e-07        
0.296140871207            -2.01033909189e-06       
0.306657504417            4.15985768537e-07        
0.317692638811            5.66397186082e-07        
0.329305051679            -3.53041849408e-07       
0.341566342915            -2.77354341468e-07       
0.354564912308            -5.20486402288e-09       
0.368411594752            4.04149924705e-07        
0.383247845325            -1.73875397814e-07       
0.399257969701            -1.12851452427e-06       
0.416688004578            7.08658667471e-07        
0.43587598701             -3.41498411955e-07       
0.457302676496            2.19355767948e-07        
0.481681090097            3.12780917237e-07        
0.510124551175            4.030472726e-07          
0.544485479879            4.3530719071e-07         
0.588094608377            3.98040027254e-07        
0.647490103715            4.22181666532e-07        
0.736368446271            3.97978317232e-07        
0.880175294036            2.92211869866e-07        
1.09750465203             2.31798063873e-07        
1.38117387099             1.13526793133e-07        
1.73878981393             4.23111358143e-07        
2.18900667362             4.75075826815e-07        
2.755796128               2.36245852951e-07        
3.46934177527             4.16249478895e-08        
4.36764252308             4.15138668841e-08        
5.49853616194             -1.01509263077e-06       
6.92224690194             4.17538102092e-07        
8.71459253156             2.80273693032e-07        
