k                         CCL lin error            
7.84196791129e-06         -6.40038363975e-06       
9.87245268201e-06         -5.19059406321e-06       
1.24286815581e-05         -3.23937302173e-06       
1.56467830486e-05         -7.77961969848e-08       
1.96981327927e-05         1.38711482046e-07        
2.47984799376e-05         1.36015370554e-07        
3.12194365674e-05         1.3733338308e-07         
3.93029420366e-05         1.37199725518e-07        
4.94794724881e-05         1.37520403674e-07        
6.22909652774e-05         1.38077757773e-07        
7.84196791129e-05         1.37795611166e-07        
9.87245268201e-05         1.3791808259e-07         
0.000124286815581         1.37718320401e-07        
0.000156467830486         1.37800428299e-07        
0.000196981327927         1.37847896259e-07        
0.000247984799376         1.37842591792e-07        
0.000312194365674         1.37992901165e-07        
0.000393029420366         1.37788891652e-07        
0.000494794724881         1.37958620949e-07        
0.000622909652774         1.3808770754e-07         
0.000784196791129         1.37829377662e-07        
0.000987245268201         1.38034075705e-07        
0.00124286815581          1.38405352564e-07        
0.00156467830486          1.37716656477e-07        
0.00196981327927          1.38678944619e-07        
0.00247984799376          1.38094445935e-07        
0.00312194365674          1.38150421277e-07        
0.00393029420366          -1.92923725139e-07       
0.00494794724881          -3.00930815061e-07       
0.00622909652774          -4.00879466666e-07       
0.00784196791129          2.04439149656e-07        
0.00987245268201          1.74701380974e-06        
0.012428681558            -1.14124033245e-06       
0.0156467824784           7.33668877177e-07        
0.0196978394272           4.1359512529e-07         
0.0247689677425           -3.72312599333e-07       
0.0304888312561           3.33698741897e-07        
0.0349535861386           3.74673043375e-07        
0.0382749234485           4.84065821429e-08        
0.0410727074281           2.28201719249e-07        
0.0435991278312           5.43115801823e-08        
0.045971121781            1.63301937161e-07        
0.0482524561516           -1.01789597991e-07       
0.0504821933973           6.32199918756e-07        
0.052686411115            -2.23092861e-07          
0.0548837264348           1.87099768226e-07        
0.0570881783183           1.25553393072e-07        
0.059310853014            -8.52968085798e-07       
0.0615608585758           3.04315781995e-07        
0.0638459385959           8.89974826217e-07        
0.0661728745823           2.41378443685e-07        
0.0685477586673           3.9556730266e-07         
0.0709761835711           -2.31148981198e-07       
0.0734633779392           7.58008211841e-07        
0.0760143045237           4.07943423485e-07        
0.0786337324203           1.08706016769e-06        
0.0813262907626           8.5845054097e-07         
0.0840965089032           1.26540034194e-06        
0.0869488465853           2.91488531237e-07        
0.0898877166251           -4.56734968114e-07       
0.0929175019664           -8.21451473194e-07       
0.0960425685405           -4.17532958289e-07       
0.0992672750718           -5.8415731767e-08        
0.10259598078             -3.65585733716e-07       
0.1060330518              4.15842373635e-07        
0.10958286707             6.86267247685e-07        
0.113249824363            9.97847946884e-07        
0.117038347143            6.77923948401e-07        
0.120952892863            6.14524089304e-07        
0.124997963344            1.16571860537e-06        
0.129178117845            1.91218681601e-06        
0.133497989442            5.97301947928e-07        
0.137962305318            -8.71418085583e-07       
0.142575911584            -7.01156585511e-08       
0.147343803243            -1.09136687592e-06       
0.152271159972            3.96414490894e-07        
0.157363388388            2.08781508306e-06        
0.162626171603            8.49867047245e-07        
0.168065526937            1.48817330025e-07        
0.173687872851            5.30660144378e-07        
0.179500106398            -2.53555150638e-06       
0.185509692786            -3.51376451086e-06       
0.191724769106            -1.20390731849e-06       
0.19815426482             -2.0951401659e-07        
0.204808042395            4.08153666363e-06        
0.211697062411            5.31973792828e-06        
0.218833578871            2.22407535278e-06        
0.226231372133            6.14047248613e-07        
0.233906029314            -2.33766038895e-06       
0.241875285211            -1.67641898231e-06       
0.250159441256            4.76264277063e-06        
0.258781886189            2.42802568392e-06        
0.267769750931            -4.98348695851e-07       
0.277154742744            -5.13831498752e-06       
0.28697422222             -2.13181672952e-06       
0.297272614183            1.24695147608e-06        
0.308103285506            2.44359596714e-06        
0.319531088094            1.19576956385e-06        
0.331635869484            -1.95904682328e-06       
0.344517424517            1.96938832075e-06        
0.358302651009            1.75581745519e-06        
0.373156179802            -8.80598843837e-07       
0.389296674558            -4.14654473341e-07       
0.4070227598              -3.37207889585e-07       
0.426756070842            1.24126872906e-07        
0.449116426885            1.51264281663e-06        
0.475061135102            4.49526642614e-07        
0.506161729339            1.0021614776e-06         
0.545198447159            8.08629775184e-07        
0.597535928859            9.52764198976e-07        
0.674337592476            1.05374330284e-06        
0.797543949505            1.22649550641e-06        
0.989117338616            1.3973888772e-06         
1.24425557187             1.61675849505e-07        
1.56641166663             -6.50884479723e-07       
1.97199541872             -1.09157800635e-07       
2.48259514455             -1.31144072437e-06       
3.12540211468             1.63069260144e-06        
3.93464814424             1.93146181988e-06        
4.95342853525             -5.73376526598e-10       
6.23599705854             1.81414416794e-06        
7.85065516487             2.65465770369e-07        
