k                         CCL lin error            
8.12459065225e-06         -5.0064451797e-06        
1.02282536325e-05         -4.07817676453e-06       
1.28766084163e-05         -2.39819357542e-06       
1.6210689553e-05          9.37615793873e-08        
2.0408049021e-05          2.64072099579e-07        
2.56922115176e-05         2.56120485109e-07        
3.23445779647e-05         2.58201864864e-07        
4.07194111336e-05         2.58589783125e-07        
5.12627014293e-05         2.58147067266e-07        
6.45359175066e-05         2.578105927e-07          
8.12459065225e-05         2.58159227206e-07        
0.000102282536325         2.58161963196e-07        
0.000128766084163         2.58232419003e-07        
0.00016210689553          2.58163781159e-07        
0.00020408049021          2.58158040137e-07        
0.000256922115176         2.58257127154e-07        
0.000323445779647         2.58057069661e-07        
0.000407194111336         2.58339706645e-07        
0.000512627014293         2.58132146831e-07        
0.000645359175066         2.58109827383e-07        
0.000812459065225         2.5826846094e-07         
0.00102282536325          2.57789971261e-07        
0.00128766084163          2.58181942036e-07        
0.0016210689553           2.56461730019e-07        
0.0020408049021           2.56613848576e-07        
0.00256922115176          2.56920874071e-07        
0.00323445779647          2.55744107632e-07        
0.00407194111336          2.57212269386e-07        
0.00512627014293          1.81551384504e-07        
0.00645359175066          2.79403073524e-07        
0.00812459065225          2.58709260848e-07        
0.0102282536325           3.81523568855e-07        
0.0128766084154           1.26589863211e-07        
0.0162106874107           2.31243852597e-07        
0.0204072626363           -1.38162762383e-07       
0.025632198647            5.2906985351e-07         
0.0312123365384           3.23194356898e-07        
0.0353504490136           1.24518125939e-07        
0.0385126860118           6.59178789547e-07        
0.0412219840673           5.14133356203e-07        
0.0436909992104           2.48937181796e-07        
0.0460218370528           1.54113494779e-06        
0.0482716081926           1.87949502727e-07        
0.0504759467393           2.33386854777e-07        
0.0526589784771           1.05436623433e-07        
0.0548381228721           1.29166750914e-07        
0.0570266400986           1.56426725554e-07        
0.0592350859821           -1.44778306209e-07       
0.0614721932746           -1.32842176283e-07       
0.0637454313069           1.62494084397e-07        
0.0660613754344           2.10814866702e-07        
0.0684259588492           1.99139998124e-07        
0.0708446488091           1.01901274335e-06        
0.073322572668            1.54280158495e-07        
0.0758646095804           1.57185161539e-06        
0.0784754581245           4.10784621611e-07        
0.0811596866462           3.22949078763e-07        
0.0839217709652           2.9733000384e-07         
0.0867661227001           2.46582818057e-07        
0.0896971105618           2.09961728549e-09        
0.0927190763689           -1.28308082796e-07       
0.0958363471371           -8.92271749952e-07       
0.0990532443343           5.17650649252e-07        
0.102374091214            3.38203036358e-07        
0.105803219025            2.47058218321e-07        
0.109344972824            1.02272092578e-06        
0.113003717565            9.32916156198e-07        
0.116783845122            5.23741232531e-07        
0.120689782862            4.6820461682e-08         
0.124726004406            4.81957504125e-08        
0.128897043166            -9.76223134368e-08       
0.133207509282            -6.9868232553e-07        
0.137662110557            -1.83695992118e-07       
0.142265677993            1.97119244627e-07        
0.147023196562            1.76457616789e-07        
0.151939841855            1.17213016098e-06        
0.157021023319            1.4705921346e-06         
0.162272434869            1.17678847685e-07        
0.167700113777            4.51659544512e-07        
0.173310508931            -1.14816215412e-07       
0.179110559799            -3.37017185336e-07       
0.185107787754            -6.52008204648e-07       
0.191310401891            3.65040463584e-07        
0.197727422038            5.87075614224e-07        
0.20436882248             3.77305267268e-07        
0.211245700934            2.33151713475e-07        
0.218370478714            -4.27747863127e-07       
0.225757139876            -9.3030199784e-08        
0.233421519638            2.92761648735e-07        
0.241381655737            3.77480898634e-07        
0.249658221123            9.45021468407e-07        
0.25827506292             -1.07097431705e-07       
0.267259881898            -3.61193943034e-07       
0.276645100149            -1.11329868782e-07       
0.286468984388            6.04878269424e-07        
0.296777121831            -5.31354254745e-08       
0.307624390785            -4.1133010789e-07        
0.319077638685            -1.09027875042e-07       
0.331219393694            5.88819096934e-07        
0.344153123044            2.81096420517e-07        
0.358010870028            -1.41707098245e-07       
0.372964664245            7.27409300541e-08        
0.389244133803            2.79184613481e-07        
0.407164737449            1.91466637041e-07        
0.427175065172            2.78260636485e-07        
0.449940317471            3.54083723024e-07        
0.476498952112            4.31740279058e-07        
0.508578405163            2.18996924732e-07        
0.549283782005            4.02620902729e-07        
0.604708526651            4.13158319678e-07        
0.687616560013            3.02697299279e-07        
0.821749584389            3.22586686668e-08        
1.02456965757             1.79886584632e-07        
1.28938098799             2.72996500467e-07        
1.62322966525             2.84518007958e-07        
2.04352506622             9.57665061656e-08        
2.5726456355              4.81183069026e-07        
3.23876896608             4.63915638623e-07        
4.07736855433             1.90944590546e-07        
5.13310288629             4.47442556657e-07        
6.4621936649              -6.68997854338e-07       
8.13541982069             4.00433950043e-07        
