k                         CCL lin error            
6.79212038687e-06         -9.6070129064e-06        
8.55077295499e-06         -7.88067179371e-06       
1.07647853635e-05         -5.12079824773e-06       
1.35520618466e-05         -7.45675968341e-07       
1.7061035041e-05          -4.52875373745e-07       
2.14785705646e-05         -4.53030768034e-07       
2.70399182927e-05         -4.5419009404e-07        
3.40412402716e-05         -4.54211199617e-07       
4.28553824269e-05         -4.54015882539e-07       
5.39517299693e-05         -4.53710777262e-07       
6.79212038687e-05         -4.54100952766e-07       
8.55077295499e-05         -4.54102958941e-07       
0.000107647853635         -4.53941534716e-07       
0.000135520618466         -4.54039951937e-07       
0.00017061035041          -4.53901367711e-07       
0.000214785705646         -4.53541310586e-07       
0.000270399182927         -4.53174058293e-07       
0.000340412402716         -4.52911995137e-07       
0.000428553824269         -4.52195680434e-07       
0.000539517299693         -4.50755585943e-07       
0.000679212038687         -4.50463432612e-07       
0.000855077295499         -4.52669704872e-07       
0.00107647853635          -4.60070593606e-07       
0.00135520618466          -4.66778841288e-07       
0.0017061035041           -4.67335100098e-07       
0.00214785705646          -4.69774915107e-07       
0.00270399182927          -4.71536993434e-07       
0.00340412402716          -4.74556745163e-07       
0.00428553824269          -3.8545888597e-07        
0.00539517299693          6.41038088429e-07        
0.00679212038687          -4.83202272579e-07       
0.00855077295499          -4.7203503585e-07        
0.0107647853635           -3.66367994011e-07       
0.013552061744            -4.87819855103e-07       
0.0170609558769           -6.15201765594e-07       
0.0214674968786           -7.62296621882e-07       
0.0266678825638           -2.26687372034e-06       
0.0310676397694           4.26456844816e-06        
0.0342557691693           1.10753381243e-07        
0.0368823654306           9.01521705448e-07        
0.0392263728631           5.81338322291e-07        
0.0414119220095           -4.75100857904e-06       
0.0435046220328           -1.90935328309e-07       
0.0455437734147           -6.34000440441e-07       
0.0475551718282           -6.42607578162e-07       
0.049556986324            -9.66067441423e-07       
0.0515627656914           -1.40703979333e-06       
0.0535831078918           -6.96616898911e-07       
0.0556266487339           -1.07769134913e-06       
0.0577006783602           -1.30627170216e-08       
0.0598115421438           -1.20151561398e-06       
0.0619649105645           -8.07220187824e-07       
0.064165966155            -5.50871652799e-07       
0.0664195360842           7.16952429689e-07        
0.068730187993            1.77319813011e-06        
0.0711023003117           -3.05209212212e-07       
0.0735401144265           -2.06576017597e-07       
0.0760477736714           6.45750636897e-07        
0.0786293525916           -3.78384182192e-07       
0.0812888789408           1.77860295175e-06        
0.084030350219            -8.81135515261e-07       
0.0868577461293           -6.50984150846e-07       
0.0897750380417           -2.52895909305e-06       
0.092786196362            -5.06219280752e-06       
0.0958951965778           -5.06312976986e-06       
0.0991060246702           -1.80765250288e-06       
0.102422682531            -1.00622353457e-06       
0.105849193992            4.97766451305e-07        
0.109389612045            5.17709839098e-06        
0.113048027833            8.38002449465e-06        
0.116828581972            7.13388337529e-06        
0.120735478761            -1.2560708157e-06        
0.124773003838            -5.42441058689e-07       
0.128945545831            -3.20977225191e-06       
0.133257622585            -8.69376498464e-06       
0.137713912533            -9.74830374006e-06       
0.142319291851            -2.03566047297e-06       
0.147078878074            2.00069621908e-06        
0.151998080965            -5.25301199406e-08       
0.157082661552            3.87261450172e-06        
0.162338800465            -1.43628401762e-06       
0.167773176959            -1.44581236863e-05       
0.17339306039             -1.39770669801e-05       
0.179206416389            1.59657830148e-06        
0.185222030638            1.82436245156e-06        
0.191449653992            1.23450639155e-05        
0.197900173836            2.34761345321e-05        
0.204585818074            1.6992690607e-07         
0.211520400174            -4.18667745526e-06       
0.218719616428            -1.78888111201e-06       
0.226201410377            1.44444612979e-06        
0.233986424577            2.42132208649e-05        
0.242098567278            8.50120738375e-06        
0.250565732196            -1.25400002917e-06       
0.259420724982            -1.72797219315e-05       
0.268702472952            -6.91273381953e-06       
0.278457629376            8.38684018849e-07        
0.288742737475            8.13661179767e-06        
0.29962720472             -4.53975666275e-06       
0.311197477404            -6.35492890849e-06       
0.323563039749            1.22039850811e-07        
0.336865269151            -5.96642188707e-06       
0.351290915139            -1.02154983603e-05       
0.367093358036            8.20811589922e-06        
0.384627554806            -7.46900118052e-06       
0.40441034626             1.60852008445e-06        
0.427230671769            -1.22597373208e-06       
0.454365016378            -1.54505354594e-08       
0.488032156156            -6.21442022669e-07       
0.532430480708            -6.79373852848e-07       
0.596189548208            -6.56790602251e-07       
0.696942934084            -3.7262253653e-07        
0.857447228862            -4.43349005549e-07       
1.07761627707             -4.1977011616e-07        
1.35660301737             -5.62251286036e-07       
1.70786187823             -5.54782086115e-07       
2.15007071827             -5.73837387093e-07       
2.70677866438             -6.03649713602e-07       
3.4076324447              -5.08080786419e-07       
4.28995507868             -5.46407533245e-07       
5.40073346401             -9.1989576289e-07        
6.79912060017             -2.54547472754e-07       
8.5595857014              1.21678459017e-06        
10.7758799539             -1.26392202028e-06       
