k                         CCL lin error            
5.78495371419e-06         -1.35037253503e-05       
7.28282523684e-06         -1.10960925768e-05       
9.16853376032e-06         -6.71524106735e-06       
1.15425001398e-05         -4.44970236251e-07       
1.45311467416e-05         2.34755175008e-12        
1.82936298955e-05         -9.75393573687e-15       
2.30303155494e-05         2.97411492709e-13        
2.89934494867e-05         -2.8985529013e-12        
3.65005903344e-05         8.12682059311e-12        
4.59515207175e-05         1.44051720308e-11        
5.78495371419e-05         3.04134434925e-11        
7.28282523684e-05         6.17060525986e-11        
9.16853376032e-05         1.1048013398e-10         
0.000115425001398         1.85509668305e-10        
0.000145311467416         2.81559626685e-10        
0.000182936298955         3.73250006953e-10        
0.000230303155494         4.23990965899e-10        
0.000289934494867         4.01889838486e-10        
0.000365005903344         3.56238372113e-10        
0.000459515207175         3.94089112213e-10        
0.000578495371419         4.12104338713e-10        
0.000728282523684         2.92636880031e-10        
0.000916853376032         1.46855842074e-10        
0.00115425001398          4.22165031776e-11        
0.00145311467416          7.51638571946e-13        
0.00182936298955          5.76739224159e-11        
0.00230303155494          2.20194044605e-10        
0.00289934494867          3.25060436928e-10        
0.00365005903344          2.53215594182e-09        
0.00459515207175          2.48374358077e-09        
0.00578495371419          8.75303557643e-09        
0.00728282523684          6.33031769187e-09        
0.00916853376032          -9.22797905059e-08       
0.0115425001273           -1.53733986077e-08       
0.0145311309933           -1.02851612965e-07       
0.0182903412366           -2.60931501671e-07       
0.0228735402801           -3.77371485656e-08       
0.0271846708163           5.03547974566e-07        
0.0302692306203           4.74169413473e-07        
0.0327362435275           3.95471209919e-07        
0.0349036038195           2.64222369136e-08        
0.0369064090831           1.9204598595e-07         
0.0388133334321           -9.53879179262e-08       
0.0406643852281           -7.49519231926e-08       
0.0424852854736           -2.122684774e-07         
0.0442938570377           -7.01900319138e-07       
0.0461032133363           -1.36805914912e-08       
0.0479234959318           -7.96783838008e-07       
0.0497628883588           -1.44333777934e-08       
0.0516282407384           -2.01428115673e-07       
0.0535254719794           -3.67639081225e-07       
0.0554598383394           1.7585703104e-07         
0.0574361182136           5.02440130119e-07        
0.0594587424687           1.73839045551e-06        
0.0615318882376           1.39524261749e-07        
0.063659547505            5.18355434494e-07        
0.0658455778662           2.787092936e-06          
0.0680937404057           1.09271232519e-06        
0.0704077281057           -2.53249002403e-07       
0.0727911871948           -1.21601538192e-07       
0.0752477331985           7.05741446851e-08        
0.0777809630181           -2.08361087725e-06       
0.0803944640777           -2.59835249139e-06       
0.0830918213875           -3.99123613416e-06       
0.0858766232435           -1.47256019698e-06       
0.0887524662042           1.45741340766e-08        
0.0917229599282           2.93227630226e-08        
0.0947917324278           2.08069977912e-06        
0.0979624362688           5.45337066872e-06        
0.101238756237            4.72669740115e-06        
0.104624418982            2.70861553163e-07        
0.108123205142            -1.15384466113e-06       
0.111738964452            -4.5580704742e-07        
0.115475634339            -6.15080100203e-07       
0.119337262508            -1.11127693213e-05       
0.123328034047            7.79571147666e-07        
0.1274523036              7.32084034933e-06        
0.131714633218            6.83421334103e-06        
0.136119836562            2.64147536394e-06        
0.140673030267            5.50855113551e-08        
0.145379693414            -1.70959725245e-06       
0.15024573632             -8.29817467117e-06       
0.155277580123            -7.73221709529e-06       
0.160482249085            -6.4597430973e-06        
0.165867478059            4.57153190526e-06        
0.171441838288            4.98023196392e-06        
0.177214885676            -5.47521141161e-06       
0.183197336903            -3.76898893857e-06       
0.189401280489            -1.09322776763e-05       
0.195840432187            -5.8901691385e-06        
0.202530447224            3.55497603626e-06        
0.209489306265            1.57464783158e-08        
0.216737798083            6.76741600013e-07        
0.224300130645            -1.37295037491e-05       
0.232204714977            -3.27728699533e-07       
0.240485184882            1.23854814846e-07        
0.249181743773            4.33069950082e-06        
0.258342973337            -9.64342332379e-07       
0.268028307192            -9.00293153519e-07       
0.278311483667            1.71392574489e-06        
0.289285476747            8.7081731076e-07         
0.301069723031            -3.31110818006e-06       
0.313821032548            1.94417491613e-06        
0.327750634538            5.38217994848e-07        
0.34315188891             -7.91558089174e-07       
0.36044748862             6.13988748039e-07        
0.380274406549            7.34032247365e-08        
0.403646988709            -5.31547016146e-08       
0.432294353568            -1.48565817696e-08       
0.469415947255            1.97472618133e-09        
0.521468892737            -3.61315569824e-08       
0.60193564491             -1.550016712e-08         
0.732109799258            -9.24249027417e-08       
0.918120836415            -1.78372149599e-07       
1.15574507892             -1.68928872911e-08       
1.45499626131             -2.03952243556e-08       
1.83173176689             -1.39802013693e-07       
2.30601366893             3.23357772243e-08        
2.90309920776             -1.34899091173e-07       
3.65478536561             5.56383641982e-08        
4.60110217142             1.64017748444e-07        
5.79244444586             3.14941894185e-08        
7.2922555093              2.24325877837e-07        
