k                         CCL lin error            
6.34288491512e-06         -1.09941180415e-05       
7.98521900373e-06         -9.289546326e-06         
1.00527951225e-05         -5.67218141973e-06       
1.26557192393e-05         -3.57855599497e-07       
1.59326065549e-05         3.93820313768e-12        
2.00579632681e-05         7.81103533542e-13        
2.52514796671e-05         5.0096723963e-12         
3.17897294383e-05         1.22361169248e-11        
4.00208982239e-05         1.63734770331e-11        
5.03833257769e-05         1.81624652985e-11        
6.34288491512e-05         7.84964909443e-12        
7.98521900373e-05         1.22963161548e-10        
0.000100527951225         -7.90302251556e-10       
0.000126557192393         1.17327337795e-10        
0.000159326065549         2.26557388153e-10        
0.000200579632681         2.76870454071e-10        
0.000252514796671         1.98184807463e-10        
0.000317897294383         5.28739198432e-11        
0.000400208982239         1.10710142534e-11        
0.000503833257769         1.92236355137e-10        
0.000634288491512         6.90607338717e-10        
0.000798521900373         8.55855219012e-10        
0.00100527951225          9.38406556838e-10        
0.00126557192393          5.60911581779e-10        
0.00159326065549          8.18097490273e-11        
0.00200579632681          7.09548455816e-11        
0.00252514796671          8.61483054662e-10        
0.00317897294383          6.84988335802e-10        
0.00400208982239          6.73160589107e-09        
0.00503833257769          2.23366355844e-09        
0.00634288491512          5.18452635443e-09        
0.00798521900373          4.18883548198e-10        
0.0100527951225           1.05909619561e-09        
0.012655719205            -8.1388077329e-09        
0.0159325721793           -9.19444446899e-08       
0.0200520177541           -2.84612277916e-06       
0.0250104988619           -1.55286062938e-08       
0.0294492682697           -5.72748132755e-06       
0.032633346734            1.8397529114e-06         
0.0352166280543           2.26290154907e-06        
0.0375033692536           8.81193663786e-08        
0.0396255941186           3.30143745392e-07        
0.0416516670113           3.04510254947e-07        
0.0436219437346           2.36242036443e-07        
0.0455626238972           -2.99538658049e-07       
0.0474920020286           -2.37381526704e-07       
0.0494236236094           -2.82710735863e-07       
0.0513680202295           -3.96497767089e-07       
0.0533337291126           -1.63120575751e-07       
0.0553279247998           -1.90621557278e-07       
0.0573568277889           -5.71412868254e-07       
0.0594259784376           2.99358564863e-07        
0.0615404260245           5.16986135701e-07        
0.0637048624409           1.79365503264e-06        
0.0659237186032           -7.69310485976e-07       
0.0682012350656           6.84640119402e-07        
0.0705415143397           6.8828449147e-07         
0.0729485599674           1.7975660256e-06         
0.0754263058361           -7.24204391578e-07       
0.0779786382109           5.7464801662e-08         
0.0806094122993           2.04452801298e-07        
0.0833224647214           -1.04796361408e-06       
0.0861216229664           -2.78919206572e-06       
0.0890107127217           -3.77385116091e-06       
0.0919935638309           -1.67881601292e-06       
0.0950740155553           -5.7353915777e-07        
0.0982559217582           9.45784001979e-08        
0.1015431566              2.47149976567e-06        
0.10493962131             6.37582556627e-06        
0.108449252585            5.2986543933e-06         
0.112076033164            1.84378669007e-06        
0.115824005111            -1.91367349468e-08       
0.119697286345            -8.65671952202e-08       
0.123700090956            -3.29872663269e-06       
0.127836753839            -6.46884563785e-06       
0.132111760223            -2.24375601397e-06       
0.136529780675            2.96236502159e-06        
0.141095712248            2.86731006957e-06        
0.145814726499            -1.09000535048e-09       
0.150692325252            1.87626278487e-06        
0.155734405162            -3.74835501058e-06       
0.160947332372            -1.15707748804e-05       
0.16633802892             -7.86492312662e-06       
0.171914072981            -3.93338065371e-06       
0.177683815645            3.02537919024e-07        
0.183656517716            6.1935538282e-06         
0.189842511088            7.40364682191e-06        
0.196253390613            -2.72514889525e-06       
0.202902244303            -5.83061612986e-06       
0.209803932192            7.88183648045e-07        
0.216975427717            2.86632889659e-06        
0.224436240249            1.24437057378e-05        
0.232208944248            5.29372768178e-06        
0.240319850186            -1.51261642787e-06       
0.248799866555            -2.14734628352e-06       
0.257685623151            4.64003419351e-06        
0.267020957487            2.67400787403e-06        
0.276858914969            4.10323338931e-07        
0.287264490716            -8.71122998302e-06       
0.298318466377            3.26603506703e-07        
0.310122905266            7.32480928854e-06        
0.32280923257             -5.25635651543e-06       
0.336550480247            1.07698714331e-07        
0.351580500445            1.93493536055e-07        
0.368225360141            9.62948764342e-08        
0.386957138134            7.63338063987e-07        
0.408491425435            -3.68052047707e-07       
0.433976072513            2.52706996162e-07        
0.465385295929            2.64874879522e-08        
0.506409982262            6.32428959472e-08        
0.564565615774            3.28676390546e-08        
0.655428182664            7.04731197981e-09        
0.801627999743            3.63797393116e-08        
1.00648701259             -8.25214940786e-09       
1.26702810583             -2.70313189402e-08       
1.59509357363             1.15334504175e-08        
2.00810383382             -5.21131785243e-08       
2.52805294591             1.99135443832e-08        
3.18263009597             -3.59173044728e-07       
4.00669390416             -1.40175611933e-08       
5.04412877323             -7.62947007854e-08       
6.35018189298             -9.97615634161e-08       
7.99440535459             -8.38429373671e-08       
