k                         CCL lin error            
7.53526635018e-06         -6.27072077804e-06       
9.48633829288e-06         -5.09403732689e-06       
1.19425923418e-05         -3.17852566386e-06       
1.50348329818e-05         -5.88852879571e-08       
1.89277333028e-05         1.46134273115e-07        
2.38286044426e-05         1.47076447145e-07        
2.99984356604e-05         1.45630778164e-07        
3.77657929669e-05         1.45644982001e-07        
4.75443164626e-05         1.46342754721e-07        
5.98547481812e-05         1.46042797651e-07        
7.53526635018e-05         1.46107061073e-07        
9.48633829288e-05         1.46159864401e-07        
0.000119425923418         1.46015671812e-07        
0.000150348329818         1.4601370997e-07         
0.000189277333028         1.46118430609e-07        
0.000238286044426         1.46141716795e-07        
0.000299984356604         1.45952292781e-07        
0.000377657929669         1.46184904239e-07        
0.000475443164626         1.46203408472e-07        
0.000598547481812         1.45867183574e-07        
0.000753526635018         1.4606723597e-07         
0.000948633829288         1.46495553038e-07        
0.00119425923418          1.45516501066e-07        
0.00150348329818          1.45978568386e-07        
0.00189277333028          1.4634059115e-07         
0.00238286044426          1.4548780197e-07         
0.00299984356604          1.46040422144e-07        
0.00377657929669          1.47321728931e-07        
0.00475443164626          -6.95411667052e-07       
0.00598547481812          2.22536873599e-07        
0.00753526635018          1.5627181921e-07         
0.00948633829288          1.81603337448e-07        
0.0119425923416           1.71076985877e-07        
0.0150348323278           -3.42818800542e-07       
0.01892741197             -1.15150262016e-06       
0.023797471617            6.51673710477e-07        
0.0292550272463           -7.70569244e-07          
0.0334808257835           6.30717365403e-07        
0.0366354636178           3.68719844081e-07        
0.0392992085437           -2.83691754194e-07       
0.0417076867946           4.83618690354e-07        
0.0439706761846           -1.39471766047e-07       
0.0461482496301           4.18293783943e-08        
0.0482772998601           2.069420042e-07          
0.0503825034359           -1.37077528795e-07       
0.0524815044413           -2.61706925666e-07       
0.0545876251382           -1.71622341368e-07       
0.0567113973135           3.17815079125e-07        
0.0588614816618           4.81066163027e-07        
0.0610452474522           -1.36085550991e-07       
0.0632691529274           7.30568009328e-07        
0.0655390033152           -3.71958125673e-07       
0.0678601306693           3.77349078415e-06        
0.0702375220606           1.76872802591e-07        
0.0726759126139           -8.59526571589e-08       
0.0751798539791           5.7423539979e-07         
0.0777537652397           2.90323899706e-07        
0.0804019710115           6.14691061819e-07        
0.0831287300546           2.32277483855e-07        
0.0859382567809           -1.63236362363e-07       
0.0888347374277           -4.5375636e-07           
0.0918223422545           2.38257845341e-07        
0.0949052348471           -1.72543504391e-07       
0.0980875794334           1.58402564253e-07        
0.101373546997            3.11933855796e-07        
0.104767320892            8.0241520717e-07         
0.108273102624            6.20280318885e-07        
0.111895118422            3.38472612777e-07        
0.115637627209            1.02325578787e-06        
0.119504930579            6.39967062292e-07        
0.123501385353            -8.71644245657e-07       
0.127631419312            -6.08913197601e-07       
0.131899550689            1.47679546938e-07        
0.136310411989            -2.16642592503e-07       
0.140868778758            -5.3521173117e-08        
0.145579603904            1.57036044229e-06        
0.150448058246            1.78446985884e-06        
0.155479578039            6.03659339381e-07        
0.160679920319            1.99844863492e-07        
0.166055227079            -4.95387965507e-07       
0.171612099533            -1.92625199431e-06       
0.17735768399             -3.20435270941e-06       
0.18329977132             -8.59641049351e-08       
0.189446912501            5.94935094974e-07        
0.195808553497            -8.27594523211e-07       
0.202395193654            2.79227304171e-06        
0.209218573085            -1.77523758219e-06       
0.216291896224            -8.33161744249e-07       
0.223630100988            -1.1426511819e-07        
0.23125018613             3.19630473009e-08        
0.239171613626            3.14177107553e-06        
0.247416808914            -1.48181636007e-07       
0.256011790256            -1.81708417045e-07       
0.264986970679            -2.38804365879e-06       
0.274378193736            5.4146698153e-07         
0.284228090933            -1.40039836865e-07       
0.294587889128            -5.38325571883e-07       
0.305519859321            -1.04453719289e-06       
0.317100698966            2.0641258974e-08         
0.329426305503            -2.5086652519e-07        
0.342618679182            1.05503097805e-07        
0.356836185288            -4.24023302526e-07       
0.37228930372             -2.80438500499e-07       
0.389265707348            -6.12260670754e-08       
0.408171950929            1.47692113067e-08        
0.429606370196            -1.36390679663e-07       
0.454494396215            1.93554741074e-08        
0.48435788454             -1.09941633332e-07       
0.521894869067            -5.73257268631e-08       
0.572323261023            -2.59246591798e-08       
0.646513586728            -1.02659399413e-07       
0.765700490229            3.75770639152e-07        
0.950390029162            2.14654847541e-07        
1.19562481669             -5.72098729896e-08       
1.50519132868             6.16672472884e-07        
1.89492358635             1.24411711698e-07        
2.38556745625             1.35365978068e-07        
3.00325149222             2.75971727525e-08        
3.78086962157             3.67736687653e-08        
4.75983284527             -2.11376909562e-07       
5.9922745248              1.31235066008e-07        
7.54382667372             3.36506160509e-07        
