k                         CCL lin error            
6.68624525046e-06         -8.54858737562e-06       
8.41748405529e-06         -6.8800486576e-06        
1.05969845806e-05         -4.46019082305e-06       
1.33408131769e-05         -2.9349658089e-07        
1.67950887224e-05         1.88204639533e-11        
2.11437639859e-05         -5.05920200543e-11       
2.66184217829e-05         1.58370571346e-11        
3.35106076043e-05         1.4448125627e-11         
4.21873554777e-05         8.93983955953e-12        
5.31107338673e-05         4.02038340143e-13        
6.68624525046e-05         1.83398422521e-11        
8.41748405529e-05         5.65223001505e-11        
0.000105969845806         7.02663554786e-11        
0.000133408131769         3.59538933796e-11        
0.000167950887224         1.63151619544e-12        
0.000211437639859         1.11790160081e-10        
0.000266184217829         2.7734109761e-10         
0.000335106076043         2.91575093916e-10        
0.000421873554777         -2.3615196913e-10        
0.000531107338673         7.88239684409e-13        
0.000668624525046         3.5192834408e-10         
0.000841748405529         7.38027483524e-10        
0.00105969845806          8.77422852212e-10        
0.00133408131769          -3.99694969761e-10       
0.00167950887224          5.39094188055e-12        
0.00211437639859          5.10666190419e-10        
0.00266184217829          1.62281199904e-09        
0.00335106076043          1.09901471989e-09        
0.00421873554777          8.85533605682e-10        
0.00531107338673          1.87757918217e-10        
0.00668624525046          1.76442106848e-09        
0.00841748405529          4.3764945295e-08         
0.0105969845806           7.25868171177e-08        
0.0133408130731           9.24224898913e-07        
0.0167950092112           -2.74974824992e-07       
0.021132703947            -1.47562228475e-08       
0.0262487137553           -1.88746244553e-06       
0.0305707230579           3.67771675372e-07        
0.0337036242011           -1.40673400817e-07       
0.0362857388285           1.27762888787e-07        
0.0385905311331           -3.05195928447e-08       
0.0407397762951           1.7080772219e-08         
0.0427978731713           -5.86237481511e-08       
0.0448034120931           -2.44917621179e-08       
0.046781729934            -2.13186411772e-07       
0.0487506766787           1.48779120926e-08        
0.0507235657033           3.90394626944e-08        
0.0527108124975           -9.318154348e-08         
0.054720905355            1.85524611112e-08        
0.0567610107474           -1.02364161452e-07       
0.0588373670493           -1.05264491129e-07       
0.0609555496168           3.54513303499e-08        
0.0631206544275           2.20833002677e-07        
0.0653374283289           2.9604900842e-07         
0.0676103631933           1.20002784792e-07        
0.0699437650035           -2.85696044551e-08       
0.0723418051094           2.25167272576e-07        
0.0748085585376           -1.49719718764e-07       
0.0773480327466           -4.39876447789e-08       
0.079964189239            3.8598221362e-07         
0.0826609598116           -4.47934076918e-07       
0.0854422587952           -1.10106834817e-06       
0.0883119923539           -8.95640646553e-07       
0.0912740657271           -3.85193441765e-07       
0.0943323891723           4.73151972158e-08        
0.0974908832878           1.68034304197e-07        
0.100753484342            9.73931739853e-07        
0.104124150204            1.77849919898e-06        
0.107606867457            1.19733515068e-06        
0.111205660242            -3.95882211822e-06       
0.114924601407            4.26376717936e-08        
0.118767826497            -3.56522567938e-07       
0.122739551126            -1.76890558983e-06       
0.126844092297            -1.39458160967e-06       
0.131085894209            -2.32325258711e-07       
0.135469559139            4.09975505923e-07        
0.139999884001            5.87574662899e-09        
0.144681903278            5.47567224869e-07        
0.149520939078            -1.00965122011e-06       
0.154522659239            -8.48775307587e-07       
0.159693144572            -1.09867785338e-06       
0.165038966634            -9.86609621948e-07       
0.170567277751            -7.5793109787e-08        
0.176285915502            1.3490220952e-06         
0.182203524537            1.29453081952e-06        
0.188329699398            4.43974338707e-07        
0.194675153169            -4.48992285447e-07       
0.20125191825             -1.05088128126e-07       
0.208073587537            -1.25072815917e-07       
0.215155607022            -1.25492046945e-07       
0.222515634507            2.08129681537e-06        
0.230173984307            -1.55617295339e-07       
0.238154185106            -1.38752142462e-07       
0.246483688542            -4.06991971557e-07       
0.255194781336            1.0061155181e-06         
0.264325776347            6.05071216646e-07        
0.273922592201            -7.11092520165e-07       
0.284040884158            -4.42057832502e-07       
0.294748973085            1.36101408656e-07        
0.306131956748            -2.1688013374e-07        
0.318297618513            5.54389190619e-08        
0.331385150068            -4.41729055699e-08       
0.34557843024             3.61999689401e-07        
0.36112697093             -3.30282493144e-07       
0.378380354499            1.01575892236e-07        
0.397847674919            -2.27497146541e-08       
0.420306194342            -1.52991868995e-07       
0.447013800414            4.2074482792e-08         
0.480157571627            -4.10092603844e-08       
0.523877262058            -4.53523819268e-08       
0.586683918111            -1.32269292194e-07       
0.685960718976            -4.43440813692e-08       
0.84406171867             1.52724321345e-08        
1.06081621798             2.44966023423e-08        
1.33545417469             6.78484879239e-08        
1.68123706804             1.43922041244e-07        
2.11655206814             -2.93812731932e-09       
2.66458118397             -1.13762828433e-07       
3.35450896429             1.05968650256e-07        
4.22307657923             2.40114179614e-07        
5.31653842155             2.3224253964e-08         
6.69312532167             1.86023699167e-07        
