k                         CCL lin error            
5.07358456097e-06         -1.51337626097e-05       
6.3872645327e-06          -1.17182423626e-05       
8.04108963206e-06         -7.25443440608e-06       
1.01231320763e-05         -3.41734331385e-07       
1.27442682178e-05         1.44435407562e-07        
1.60440831141e-05         1.47988810094e-07        
2.01983039413e-05         1.46574976175e-07        
2.54281581069e-05         1.46526405943e-07        
3.20121544159e-05         1.47018669218e-07        
4.03009146804e-05         1.46265109327e-07        
5.07358456097e-05         1.4673851968e-07         
6.3872645327e-05          1.46768038682e-07        
8.04108963206e-05         1.46791159473e-07        
0.000101231320763         1.46717056337e-07        
0.000127442682178         1.46592245252e-07        
0.000160440831141         1.46581699334e-07        
0.000201983039413         1.46611385499e-07        
0.000254281581069         1.46736846661e-07        
0.000320121544159         1.46775760282e-07        
0.000403009146804         1.46934105472e-07        
0.000507358456097         1.47242255196e-07        
0.00063872645327          1.47744552156e-07        
0.000804108963206         1.47305615691e-07        
0.00101231320763          1.47244652923e-07        
0.00127442682178          1.46536256034e-07        
0.00160440831141          1.46538689457e-07        
0.00201983039413          1.46418746821e-07        
0.00254281581069          1.3136014627e-07         
0.00320121544159          -3.30635605695e-06       
0.00403009146804          1.78879848665e-07        
0.00507358456097          -1.61736551514e-08       
0.0063872645327           -3.35691691211e-08       
0.00804108963206          4.95622648251e-07        
0.0101231320758           4.05533492437e-07        
0.0127442667844           1.51363379128e-07        
0.0160435340676           1.05688431641e-06        
0.0201549132349           1.62485770884e-07        
0.0245801941878           6.20319054745e-07        
0.0278795476242           6.11382121446e-07        
0.0303920480756           -9.15575032975e-07       
0.0325402533529           4.15045681095e-07        
0.034495748476            1.66435642383e-07        
0.0363405584396           1.53169060227e-07        
0.0381204173767           -1.18655969611e-07       
0.0398637955309           -4.59356909111e-07       
0.0415899344265           -2.30539843537e-07       
0.0433127071815           6.75391150486e-09        
0.0450426618228           3.34081305335e-05        
0.0467881866136           3.60566481207e-08        
0.0485562149936           5.47524271922e-07        
0.0503526727815           -5.69833363721e-08       
0.0521827731328           -2.58259158354e-07       
0.0540512174378           5.39027334468e-07        
0.0559623358362           3.43111521799e-06        
0.0579201876577           2.62876938165e-06        
0.0599286344796           4.83399523798e-07        
0.0619913939841           1.09508633706e-06        
0.0641120800459           1.848200533e-06          
0.0662942327541           -3.15768075003e-07       
0.0685413409637           -1.70999053038e-06       
0.0708568592482           -1.17702863725e-06       
0.0732442206499           7.50061011198e-10        
0.0757068463035           -4.00272420954e-07       
0.0782481527987           -2.46604962805e-06       
0.0808715580076           -4.35146404517e-06       
0.083580486009            -1.29322128763e-06       
0.0863783716843           2.27710831827e-06        
0.089268665522            4.1950008815e-06         
0.0922548391428           1.82702661602e-06        
0.0953403920453           6.82204261405e-09        
0.0985288600604           -9.48000349827e-07       
0.101823825999            -1.05435487749e-06       
0.105228932968            -9.76250864853e-06       
0.108747900838            -1.365032753e-05         
0.112384546338            -9.5607263172e-06        
0.116142807275            -3.6962607039e-06        
0.120026771388            3.98633614537e-09        
0.124040710396            1.52485825949e-06        
0.128189119861            8.87696616661e-06        
0.132476765573            1.01337252326e-05        
0.136908737327            -3.6710156141e-06        
0.141490511126            -1.70511665941e-05       
0.146228021125            -7.17113702801e-06       
0.151127742983            -1.35842946812e-06       
0.156196790757            5.8254005076e-06         
0.161443030084            8.33612199399e-06        
0.16687521123             7.35162221627e-06        
0.172503126676            -7.00878528606e-06       
0.178337799335            -1.57229011015e-05       
0.184391709502            -7.87396482225e-06       
0.190679071264            2.32465104238e-07        
0.197216172797            4.31308300987e-06        
0.204021800115            9.51720944572e-06        
0.211117771132            -1.85904435087e-05       
0.218529617435            -8.91846035893e-07       
0.226287466598            -5.97553325783e-07       
0.234427201003            1.03494965544e-05        
0.242992004448            5.84348948411e-07        
0.252034463043            4.40798720056e-07        
0.261619475444            -3.08831546237e-06       
0.271828373509            4.38632632474e-07        
0.282764903098            -6.6722267192e-06        
0.294564153193            -7.32725908963e-08       
0.307406326561            1.29124149534e-06        
0.321538791902            -6.23228496444e-07       
0.337312987083            8.47483800942e-07        
0.355249458427            -1.68961814817e-07       
0.376159706892            9.52630054065e-08        
0.401391309702            1.86089832124e-07        
0.433361565616            -8.62948578884e-07       
0.476804023957            -1.70351084191e-07       
0.541628360928            4.32352295029e-07        
0.646422105784            4.57157061091e-07        
0.805490441368            1.49715957144e-07        
1.01363947963             -5.09107577801e-07       
1.27609214429             -2.0338840248e-06        
1.60650482017             1.17490102901e-06        
2.02246974228             1.80890853354e-06        
2.54613855314             -4.43381024436e-07       
3.20539852649             1.17640605246e-07        
4.03535765993             2.76537860528e-07        
5.08021430376             9.61293038427e-07        
6.39561088437             3.44762908792e-07        
