k                         CCL lin error            
5.97423900838e-06         -1.31504750599e-05       
7.52112130377e-06         -1.0252425025e-05        
9.46853073451e-06         -6.73506725162e-06       
1.1920173954e-05          -4.31877676839e-07       
1.50066099037e-05         5.40117345716e-15        
1.88922025527e-05         4.85419822387e-13        
2.37838738783e-05         2.34579553612e-12        
2.99421232164e-05         4.44337163641e-12        
3.76948998001e-05         1.65097168722e-11        
4.74550672534e-05         3.4015667704e-11         
5.97423900838e-05         5.67288987626e-11        
7.52112130377e-05         8.44703507428e-11        
9.46853073451e-05         1.14887609775e-10        
0.00011920173954          1.26607501674e-10        
0.000150066099037         1.04060920205e-10        
0.000188922025527         5.02642018338e-11        
0.000237838738783         3.16768395025e-12        
0.000299421232164         2.0145699457e-11         
0.000376948998001         1.06637600182e-10        
0.000474550672534         3.0676289955e-10         
0.000597423900838         6.89633438491e-10        
0.000752112130377         9.36953810846e-10        
0.000946853073451         1.08197909504e-09        
0.0011920173954           1.16028409036e-09        
0.00150066099037          7.07511200737e-10        
0.00188922025527          8.1479851234e-10         
0.00237838738783          4.41648003429e-10        
0.00299421232164          8.25190383172e-11        
0.00376948998001          2.078258412e-11          
0.00474550672534          5.96664655309e-10        
0.00597423900838          4.03454165334e-09        
0.00752112130377          9.16783709288e-09        
0.00946853073451          1.11601482767e-08        
0.0119201739382           -1.23640537252e-08       
0.0150065909521           -1.09042007304e-07       
0.0188884065313           -2.8805380868e-07        
0.0236092393538           -6.31739831366e-08       
0.028002209301            4.89379523864e-07        
0.0311452921553           5.18158438818e-07        
0.0336672046864           4.61730426241e-07        
0.0358865777837           2.40508639375e-07        
0.0379394252625           8.85513901326e-09        
0.0398951720885           -2.59592294188e-09       
0.0417943826784           -1.43896865673e-07       
0.0436631922169           -6.30728727376e-07       
0.0455197413963           -2.12319709855e-07       
0.0473773960615           -1.67616343578e-07       
0.0492465051423           -6.9595794668e-07        
0.051135427936            -2.6491482466e-07        
0.053051167804            -3.32025612619e-07       
0.0549997806387           -7.08726295265e-07       
0.0569866478382           -9.02160176419e-09       
0.0590166642642           6.05329701415e-07        
0.0610943708856           1.51063519827e-06        
0.0632240502806           1.38862791837e-06        
0.0654097964952           2.46045463225e-07        
0.0676555667568           7.57617157093e-07        
0.0699652200732           2.0014241538e-06         
0.0723425461828           -7.38579894634e-07       
0.0747912873111           -4.92641889855e-09       
0.0773151545282           -7.91244536439e-08       
0.0799178400593           -4.223651714e-07         
0.0826030266098           -3.14021115758e-06       
0.0853743945716           -4.02961057082e-06       
0.088235627848            -3.3574116873e-06        
0.091190418951            -5.19838622583e-07       
0.0942424739724           8.46726625747e-08        
0.0973955179945           6.08676585933e-07        
0.100653301487            4.62006564352e-06        
0.104019608225            6.06015473281e-06        
0.107498265243            2.4381996186e-06         
0.111093155362            -5.43111603927e-07       
0.114808232778            -1.7592066743e-06        
0.118647542256            -2.70797600221e-08       
0.122615242424            -2.60103454498e-06       
0.12671563373             -1.78137305168e-06       
0.13095319161             4.34825402637e-06        
0.135332605503            9.31736663311e-06        
0.139858824412            6.15725210199e-06        
0.144537109828            4.62913219892e-07        
0.149373097023            -1.06491171475e-06       
0.154372865922            -7.96118395194e-06       
0.159543023124            -1.30075579432e-05       
0.164890797019            -8.24695949548e-06       
0.170424148556            5.61565110117e-06        
0.176151900923            1.96618425521e-06        
0.182083892417            2.95923256011e-07        
0.188231158068            -2.28803114238e-06       
0.194606147356            -1.83438059054e-05       
0.201222987717            -9.37245316579e-06       
0.208097806789            1.29335173104e-06        
0.215249130875            3.54660845536e-07        
0.222698383378            2.52373695342e-06        
0.230470516063            -1.27496029744e-05       
0.238594819079            -4.50913861489e-06       
0.247105975103            6.40304013946e-07        
0.25604545221             8.08638627233e-06        
0.265463375191            9.17666914021e-07        
0.275421086172            -4.12430389311e-06       
0.28599472076             -9.85287360808e-06       
0.297280318356            3.81011441258e-06        
0.309401317331            -2.4827998998e-06        
0.322519880047            1.63476863613e-06        
0.336854602491            3.98152147226e-06        
0.352709336841            -3.28197962498e-06       
0.370522350369            1.74813737999e-06        
0.390954929232            -2.03836113155e-07       
0.415061798774            -1.78538746527e-08       
0.444644395216            -9.51424977366e-08       
0.483043502776            -4.80938601621e-08       
0.537014994237            1.03610870256e-07        
0.620646869877            1.13412266566e-07        
0.755815497611            -7.42630042691e-09       
0.948123749142            -1.96139351865e-08       
1.19352473122             1.50665509208e-07        
1.50255809668             2.44580052547e-08        
1.89160857016             -1.7932559193e-08        
2.38139409814             1.26986160285e-07        
2.99799754565             6.55670816259e-08        
3.77425529472             -4.69934766092e-08       
4.75150590112             1.65142066674e-07        
5.98179152321             6.66348264185e-09        
7.53062935662             1.27016567387e-07        
