k                         CCL lin error            
6.777658528e-06           -7.36467503935e-06       
8.53256655336e-06         -6.03277626601e-06       
1.07418648618e-05         -3.87210203268e-06       
1.35232066446e-05         -4.25741897062e-07       
1.70247084939e-05         -1.95762427815e-07       
2.14328381513e-05         -1.936563222e-07         
2.69823445956e-05         -1.95137176284e-07       
3.39687592812e-05         -1.949288816e-07         
4.27641342662e-05         -1.94366425035e-07       
5.38368553411e-05         -1.94319922778e-07       
6.777658528e-05           -1.94271375906e-07       
8.53256655336e-05         -1.94264119214e-07       
0.000107418648618         -1.94269181747e-07       
0.000135232066446         -1.94283616863e-07       
0.000170247084939         -1.94087753077e-07       
0.000214328381513         -1.94073466421e-07       
0.000269823445956         -1.9365461281e-07        
0.000339687592812         -1.93478795629e-07       
0.000427641342662         -1.93301671539e-07       
0.000538368553411         -2.01573228977e-07       
0.0006777658528           -1.90819805301e-07       
0.000853256655336         -1.91886448613e-07       
0.00107418648618          -1.97412474279e-07       
0.00135232066446          -2.04856729323e-07       
0.00170247084939          -2.0668836604e-07        
0.00214328381513          -2.08610606511e-07       
0.00269823445956          -2.10127306139e-07       
0.00339687592812          -2.1217585103e-07        
0.00427641342662          -2.53489827193e-07       
0.00538368553411          7.05825829626e-06        
0.006777658528            -1.10223945161e-07       
0.00853256655336          -1.74400923885e-07       
0.0107418648618           -9.73601635125e-08       
0.0135232064456           2.66899669667e-07        
0.0170245790262           -9.1449847225e-07        
0.0214170719447           -4.52116845992e-07       
0.0265154086037           -1.27889644886e-06       
0.0306780133903           -4.5012881744e-07        
0.033724086505            -8.84655771652e-08       
0.0362578222872           -7.59552812328e-08       
0.0385304679373           -3.23083884047e-07       
0.0406557578211           -5.65731860791e-08       
0.0426946065336           4.27718803903e-07        
0.0446838496621           -4.66757917817e-07       
0.0466478381589           -5.20256830634e-07       
0.0486038209493           2.89209676756e-07        
0.0505647210641           -3.18527601375e-07       
0.0525406872823           -3.65466897211e-07       
0.0545400177998           -3.15408986698e-07       
0.0565697385921           -3.78864870334e-07       
0.0586359808092           -2.94099108806e-08       
0.0607442355518           -8.00122413966e-07       
0.0628995307705           -1.81028652083e-07       
0.0651065569638           -2.30443356333e-07       
0.0673697581758           -2.94210427085e-07       
0.0696933988405           -4.61312508428e-07       
0.0720816134143           -4.18135415599e-07       
0.0745384434903           -6.86477511325e-07       
0.0770678656614           -2.39731086049e-07       
0.0796738124642           -8.07610610759e-07       
0.0823601881263           -1.01232895923e-06       
0.0851308804323           -7.309871375e-07         
0.0879897697512           -5.19325726988e-07       
0.0909407360901           -3.17899247484e-07       
0.0939876649186           1.43466868286e-07        
0.0971344524327           9.12102642406e-07        
0.100385010878            8.90742039549e-07        
0.103743274525            3.36656735458e-08        
0.107213206856            -3.29927477687e-07       
0.110798809541            -3.1204460162e-07        
0.114504133728            -1.17792546023e-06       
0.11833329422             -1.84464496878e-06       
0.122290487052            -2.04537884697e-06       
0.126380011042            -3.7481311865e-07        
0.130606293841            -1.2371337474e-06        
0.134973923087            6.88490701371e-07        
0.139487683247            3.1548892171e-06         
0.144152598859            3.57683208782e-06        
0.148973984915            9.89545274175e-07        
0.153957505338            -3.29987596066e-07       
0.159109240644            -3.98275393856e-07       
0.164435766187            -1.69611363906e-06       
0.16994424276             3.66528534492e-07        
0.175642521783            2.99903501076e-06        
0.181539267978            1.79220840275e-07        
0.187644103297            -9.85303726097e-07       
0.193967776987            -6.75787441117e-07       
0.200522368192            -3.17730638105e-06       
0.207321529552            1.01746871392e-06        
0.214380782974            -4.80253995117e-08       
0.221717882599            -4.88223377218e-07       
0.229353265223            -1.01514669143e-06       
0.23731061592             -1.79001288164e-06       
0.245617587315            -4.65605637652e-07       
0.254306726575            -4.49425941364e-07       
0.263416687468            -1.34912433406e-07       
0.272993840119            -6.26334843283e-07       
0.283094445921            -3.16224641279e-07       
0.293787652248            3.92970322948e-07        
0.305159704215            -2.12091346799e-07       
0.317320011136            -7.21383113987e-08       
0.330410124671            -2.16818312362e-07       
0.344617446166            -8.69365165988e-08       
0.360196921367            -3.89106295672e-07       
0.377506849656            -2.31278934172e-07       
0.397070980458            -3.31407563163e-07       
0.41969264606             -3.33652380666e-07       
0.446679351476            -2.02491230204e-07       
0.480320281328            -2.17665554883e-07       
0.52498231                -1.64685627483e-07       
0.58969176077             -2.04240015716e-07       
0.692646492307            -2.08428044894e-07       
0.855206219202            -2.34121124178e-07       
1.07530012313             -1.53497182027e-07       
1.35370022599             -4.04560545772e-07       
1.70420754248             -1.73053690464e-07       
2.14547018216             -2.69494777428e-07       
2.70098693257             9.9554964507e-09         
3.40034108634             -1.06968438896e-07       
4.28077580236             -1.14090097279e-07       
5.38917743979             2.69846962599e-07        
6.78457242762             2.22819134305e-07        
