k                         CCL lin error            
5.53918802968e-06         -1.14121982738e-05       
6.97342457127e-06         -9.17326404985e-06       
8.7790214e-06             -5.66628745745e-06       
1.10521331311e-05         -2.15240063555e-07       
1.39138112533e-05         1.57373297751e-07        
1.75164505617e-05         1.57089351584e-07        
2.20519047366e-05         1.6230873717e-07         
2.77617032514e-05         1.56278456904e-07        
3.49499136978e-05         1.57090251726e-07        
4.39993344942e-05         1.57354809516e-07        
5.53918802968e-05         1.57231946316e-07        
6.97342457127e-05         1.57218078483e-07        
8.7790214e-05             1.57087669359e-07        
0.000110521331311         1.57138519909e-07        
0.000139138112533         1.57134029974e-07        
0.000175164505617         1.57077595734e-07        
0.000220519047366         1.57057256253e-07        
0.000277617032514         1.56988802027e-07        
0.000349499136978         1.56950161285e-07        
0.000439993344942         1.56846641067e-07        
0.000553918802968         1.56768050036e-07        
0.000697342457127         1.56518099471e-07        
0.00087790214             1.56188711499e-07        
0.00110521331311          1.56167153603e-07        
0.00139138112533          1.55943135388e-07        
0.00175164505617          1.56006646202e-07        
0.00220519047366          1.55746571757e-07        
0.00277617032514          1.55857768027e-07        
0.00349499136978          3.0692634318e-06         
0.00439993344942          -1.02052057861e-07       
0.00553918802968          1.53841903508e-07        
0.00697342457127          1.4824962933e-07         
0.0087790214              1.69277521564e-07        
0.011052133126            1.13296442117e-07        
0.0139138032375           6.5225475427e-08         
0.0175144641311           -8.01889704768e-08       
0.0219424663742           4.7668471225e-07         
0.0262891876658           3.3826603327e-06         
0.029410919766            1.91353189884e-07        
0.0318742287044           -1.3920904535e-07        
0.0340227967953           9.36572976159e-08        
0.0360002201244           1.34890474151e-07        
0.0378782589054           1.87441752116e-08        
0.0396982151671           -7.48527047628e-08       
0.041486404575            -1.67516799178e-07       
0.043260934898            -5.2053321714e-08        
0.0450350532862           -2.16990144077e-08       
0.0468189555416           1.75261817389e-07        
0.0486208350394           3.42995579462e-07        
0.0504475256503           -3.01031046919e-07       
0.0523049139967           4.48959749199e-07        
0.0541982137743           -3.57576905287e-07       
0.0561321539653           -8.69559631801e-07       
0.0581111112751           8.63967901016e-06        
0.0601392052601           2.31473255091e-06        
0.0622203677851           6.73395800813e-07        
0.0643583943723           4.77972088498e-07        
0.0665569824938           6.42675119201e-07        
0.0688197602792           -4.4941349041e-07        
0.0711503080873           -4.60063442058e-07       
0.0735521747234           -5.0749099661e-07        
0.0760288896414           5.92199124578e-08        
0.0785839721738           4.33732633654e-07        
0.0812209386373           -8.62452551272e-07       
0.0839433080328           -7.48938901471e-07       
0.086754606973            1.68890391261e-06        
0.0896583744157           2.30013468771e-06        
0.0926581667498           1.06919393526e-06        
0.0957575637555           4.07344344409e-07        
0.0989601759511           3.53940782053e-07        
0.102269653826            -7.01757132766e-07       
0.105689699459            -3.59174326834e-06       
0.109224081007            -5.97163585495e-06       
0.112876650566            -2.28734804057e-06       
0.116651365894            -1.17019418662e-06       
0.120552316506            -1.0777237941e-06        
0.124583754695            2.06535460589e-06        
0.128750132041            3.53042132445e-06        
0.133056142088            3.01258152941e-06        
0.137506769949            -1.89947712905e-07       
0.142107349765            -2.27870330052e-06       
0.146863631158            -1.19327838381e-06       
0.151781856115            -2.30725345671e-08       
0.156868848117            1.77976965195e-06        
0.162132115871            8.09388617823e-06        
0.167579974655            7.16601018672e-06        
0.173221689233            -7.85470550165e-07       
0.179067643457            -3.54646630076e-06       
0.185129543339            1.20374448896e-07        
0.191420662507            3.60716032823e-07        
0.197956141978            5.33391310236e-06        
0.204753360259            3.13684238672e-06        
0.211832395627            -1.6893681409e-06        
0.219216610607            3.22399322037e-07        
0.226933400672            1.29264189176e-06        
0.235015166726            3.47107051329e-06        
0.243500597465            8.70259540752e-08        
0.252436388334            -1.6924494689e-06        
0.261879587833            5.53680172732e-07        
0.271900865227            -9.0200616241e-07        
0.282589165491            7.23913708709e-07        
0.294058512229            -8.94984147673e-07       
0.306458244647            6.4389024768e-07         
0.319988949868            -8.40648367263e-07       
0.334928249449            -4.9008207089e-07        
0.351674494197            -5.39843439027e-07       
0.370824915832            -6.89456789888e-07       
0.39332459432             -5.37042345958e-07       
0.420772127327            -7.36989765861e-07       
0.456098683114            -5.48550858058e-07       
0.505170682923            -5.47492645628e-07       
0.580280489129            -6.84024816604e-07       
0.702075330446            4.71139990281e-07        
0.879245563102            3.64451448566e-07        
1.10675110538             -1.68727892584e-07       
1.39331602293             4.70940705491e-07        
1.75408094672             4.37404477418e-07        
2.20825707817             3.73092379485e-07        
2.78003095149             3.99187324876e-07        
3.4998516104              -1.13702684297e-07       
4.40605212985             -2.69509088051e-07       
5.54689099195             -4.63194653085e-08       
6.98312202622             -8.94167550541e-08       
