k                         CCL lin error            
9.21791714759e-06         -4.20526402956e-06       
1.16046701409e-05         -3.39569870004e-06       
1.46094141359e-05         -2.05645380206e-06       
1.83921627071e-05         1.20048713937e-07        
2.31543610098e-05         2.6825266732e-07         
2.91496134691e-05         2.67926125725e-07        
3.66971891402e-05         2.68117135241e-07        
4.61990239501e-05         2.66838379952e-07        
5.81611252508e-05         2.6820076197e-07         
7.32205185568e-05         2.68121364654e-07        
9.21791714759e-05         2.68201771253e-07        
0.000116046701409         2.68184672422e-07        
0.000146094141359         2.68203942481e-07        
0.000183921627071         2.68119907077e-07        
0.000231543610098         2.68212272011e-07        
0.000291496134691         2.68116207118e-07        
0.000366971891402         2.68198002304e-07        
0.000461990239501         2.68170112318e-07        
0.000581611252508         2.68172246466e-07        
0.000732205185568         2.68363463449e-07        
0.000921791714759         2.67799456532e-07        
0.00116046701409          2.68660826405e-07        
0.00146094141359          2.67404891065e-07        
0.00183921627071          2.67707959822e-07        
0.00231543610098          2.66556971854e-07        
0.00291496134691          2.67630210139e-07        
0.00366971891402          2.66364341263e-07        
0.00461990239501          2.69293292137e-07        
0.00581611252508          1.1547996768e-07         
0.00732205185568          -2.93299482585e-07       
0.00921791714759          1.88131137902e-07        
0.0116046701409           3.66886743533e-07        
0.0146094141354           2.08870012041e-06        
0.0183921613799           4.49744021005e-07        
0.0231537897213           1.97899882803e-07        
0.0290999348697           5.13052359107e-07        
0.0356295068673           2.81814751671e-07        
0.0405783865067           2.35983096395e-07        
0.0443115145684           7.02361877145e-07        
0.0474850425933           1.13503676561e-07        
0.0503648815651           2.38688304117e-07        
0.0530766251125           2.10573139979e-07        
0.055689691142            3.70755884884e-07        
0.058247020626            1.99275251919e-07        
0.0607774945495           -6.89233583085e-07       
0.0633018548603           3.61741102591e-07        
0.0658358207484           -1.18055309757e-06       
0.0683918580353           2.3884961343e-07         
0.0709802457466           3.03054225097e-07        
0.0736097507808           2.11669912887e-07        
0.0762880718429           5.93789219134e-08        
0.0790221412175           7.0157008816e-08         
0.0818183354992           4.84385942338e-07        
0.0846826260255           8.93402442376e-07        
0.0876206881841           7.3693654311e-07         
0.0906379819307           1.13980135513e-06        
0.0937398116896           1.6838321669e-06         
0.0969313711996           2.59589440213e-07        
0.100217777196            1.45310526689e-08        
0.103604094731            8.19250922376e-08        
0.107095356218            -3.65884149781e-07       
0.110696575793            -2.4999369867e-07        
0.114412760293            2.08166125253e-07        
0.118248917917            -7.09578894741e-08       
0.1222100655              -1.1638483722e-06        
0.126301235258            -6.18588753471e-07       
0.13052748178             4.44625129176e-07        
0.134893890038            5.34360586403e-07        
0.139405585122            1.52655820293e-06        
0.14406774445             4.05329871278e-06        
0.148885613122            1.57471595292e-06        
0.153864523164            4.33702573966e-07        
0.159009917319            -3.84816448125e-07       
0.164327378122            -3.06684913447e-06       
0.169822662964            -6.00331016152e-06       
0.175501745896            -1.46437204229e-06       
0.18137086699             4.38293343394e-07        
0.187436590152            3.36324798706e-06        
0.193705870424            6.40364963997e-06        
0.200186132019            3.96220467981e-06        
0.206885358592            -2.52923092642e-06       
0.213812197648            -4.30265341007e-07       
0.220976081485            -7.08273678551e-06       
0.228387367735            -4.27326634383e-06       
0.236057503488            2.14859456188e-07        
0.243999218125            5.20461580647e-07        
0.252226751584            4.99802032427e-06        
0.260756126859            1.49743450365e-06        
0.269605478336            -3.84234389201e-06       
0.278795451419            8.12608942664e-07        
0.288349694158            9.35971979231e-07        
0.298295468959            8.95402651485e-06        
0.308664422915            1.44191588932e-06        
0.319493570307            -2.76125235356e-06       
0.330826562925            -9.32569855564e-06       
0.342715356773            1.51569902243e-07        
0.355222434049            8.89857174312e-06        
0.368423817727            1.42441635283e-06        
0.382413241726            -8.5080923259e-06        
0.39730804643             1.25369081799e-07        
0.413257720553            1.00645104793e-05        
0.430456628285            -3.64178993848e-06       
0.449163591936            -1.21778066278e-06       
0.469733166833            3.12608313182e-06        
0.492667813062            -4.71809792307e-06       
0.518709501991            6.53699512507e-07        
0.549010582204            -4.86744070849e-07       
0.585475781634            6.3587979473e-08         
0.631502807945            1.01931022715e-07        
0.693706192059            3.99408525957e-07        
0.785905966161            3.21604687087e-07        
0.934566848737            9.74970133784e-08        
1.16251281912             2.76185562119e-07        
1.46274095461             2.76528621291e-07        
1.8414726636              2.24067401221e-07        
2.31827671219             1.49684756961e-07        
2.91853746454             2.62069061686e-07        
3.67422097938             1.61343572002e-08        
4.62557015949             2.30468392474e-07        
5.82324781782             7.24655721534e-07        
7.33103465703             7.58518660929e-08        
9.22922582449             1.06287025693e-08        
