k                         CCL lin error            
4.59994081682e-06         -2.12708353521e-05       
5.79098238704e-06         -1.73992983673e-05       
7.2904148863e-06          -1.08317876021e-05       
9.17808856289e-06         -6.88912404789e-07       
1.15545289235e-05         7.14209515424e-12        
1.45462900831e-05         6.99874388466e-12        
1.8312694233e-05          1.2015700108e-11         
2.30543161283e-05         7.03390196999e-12        
2.90236644255e-05         -6.06731742489e-13       
3.65386286886e-05         1.68557143005e-11        
4.59994081682e-05         7.34111171421e-11        
5.79098238704e-05         1.49236097444e-10        
7.2904148863e-05          1.78326269661e-10        
9.17808856289e-05         9.93981397279e-11        
0.000115545289235         -2.47406365309e-12       
0.000145462900831         1.55872567706e-10        
0.00018312694233          4.93063038479e-10        
0.000230543161283         6.18385002418e-10        
0.000290236644255         4.3463561899e-10         
0.000365386286886         2.26476959054e-10        
0.000459994081682         4.46416358316e-11        
0.000579098238704         3.34434104836e-10        
0.00072904148863          9.53407397255e-10        
0.000917808856289         1.0868577242e-09         
0.00115545289235          4.31840830715e-10        
0.00145462900831          2.98911692362e-10        
0.0018312694233           -2.7282165003e-12        
0.00230543161283          1.30145419613e-10        
0.00290236644255          3.2769878224e-09         
0.00365386286886          2.86934701612e-09        
0.00459994081682          7.13564060454e-09        
0.00579098238704          2.99803045107e-09        
0.0072904148863           1.73304366939e-08        
0.00917808856273          -1.59496944104e-09       
0.0115545283633           -5.73944359677e-08       
0.0145460225083           -2.57523890866e-07       
0.0182873617509           -9.17677997314e-08       
0.0224627551514           4.85215390953e-07        
0.0256802897595           8.51034364893e-08        
0.0280875059596           9.29107811461e-08        
0.0301231046223           -5.50824096665e-08       
0.0319650754148           3.97019438831e-07        
0.0336965861666           -2.7719434006e-07        
0.0353632459411           -1.741628355e-07         
0.036993108171            -6.70454969488e-07       
0.038604959222            -7.5048446628e-07        
0.0402122443264           7.39127457387e-08        
0.0418251233805           -1.02090523321e-06       
0.0434516335901           8.29658531598e-09        
0.0450983880944           -4.43308398678e-07       
0.0467710167527           -5.60779014783e-06       
0.0484744555713           6.12377677056e-08        
0.0502131431052           1.29348845258e-06        
0.0519911574077           2.31347690218e-06        
0.0538123136814           9.60099274451e-07        
0.0556802351665           5.71687612716e-08        
0.057598405322            6.27248531979e-08        
0.0595702066275           -4.27041329629e-07       
0.0615989496244           -1.33984268798e-06       
0.0636878947254           -1.45674200692e-06       
0.0658402686094           -2.86356631195e-07       
0.068059276551            -5.95269886752e-07       
0.0703481117177           -5.08164882844e-09       
0.0727099622661           -2.06288844649e-07       
0.0751480169244           7.3967782024e-07         
0.0776654696631           2.00859230915e-06        
0.0802655239938           6.6397527463e-06         
0.0829513974008           4.51156067747e-06        
0.0857263263865           1.95323992616e-06        
0.0885935725975           1.87654861933e-07        
0.0915564304886           3.96214239675e-10        
0.0946182369758           -3.9133058311e-07        
0.0977823835255           -5.37354429176e-06       
0.101052331125            -2.18114915641e-06       
0.104431628586            3.70488967224e-07        
0.107923934629            -3.78643183401e-06       
0.111533044241            5.25885528541e-06        
0.115262919806            2.65123104416e-06        
0.119117727584            -1.48208606526e-07       
0.123101880186            -2.4971937657e-07        
0.127220085842            -6.48355095226e-07       
0.131477405386            -4.18300353712e-06       
0.135879318174            -4.23908979742e-06       
0.140431798421            8.78139927069e-06        
0.145141403896            5.62854186835e-06        
0.15001537946             -5.98446438835e-07       
0.155061778669            -2.71473358158e-06       
0.160289607657            -1.22831258363e-06       
0.165708996806            5.24390215218e-07        
0.171331407475            4.16731715162e-06        
0.177169883472            -2.14054831107e-06       
0.183239360204            6.33081783575e-06        
0.189557049086            -2.15349405074e-06       
0.196142921276            1.36204935249e-06        
0.203020324169            -9.23951137519e-07       
0.210216777831            7.63977944133e-06        
0.217765019012            -2.79021119365e-06       
0.225704391621            1.6026722111e-06         
0.234082731166            -2.82700318411e-07       
0.242958968429            4.14271064271e-08        
0.252406805413            1.83247644343e-06        
0.262520033186            -4.57139235668e-07       
0.273420441467            1.13586196668e-06        
0.285269964164            -2.1087398194e-07        
0.298290031151            5.83323675866e-08        
0.312793761406            4.00550666619e-08        
0.329242306444            -2.46778728654e-07       
0.348349541671            1.28682914519e-07        
0.371290691087            -8.88647113262e-08       
0.400151980643            4.91488310778e-08        
0.438973776569            1.30515569249e-07        
0.496179052828            4.0956276429e-08         
0.588156436186            1.76174568509e-07        
0.730373985214            4.30194422325e-08        
0.918874746996            -2.14433002401e-07       
1.15678690902             1.64630357199e-07        
1.45630841733             -1.61889277788e-08       
1.83338367399             3.6477212929e-07         
2.30809329675             5.21313774155e-07        
2.90571730407             -6.58453718333e-08       
3.65808135358             -2.27936718084e-07       
4.60525157444             -1.89843265133e-08       
5.79766823476             2.17099182902e-07        
