k                         CCL lin error            
5.66294624707e-06         -9.78438859914e-06       
7.12922693606e-06         -7.86509355058e-06       
8.97516495625e-06         -4.81733803222e-06       
1.12990632385e-05         -5.13953653086e-08       
1.42246778404e-05         2.69984033972e-07        
1.79078084078e-05         2.66431430152e-07        
2.25445950742e-05         2.70879071495e-07        
2.83819636375e-05         2.69627416069e-07        
3.57307752598e-05         2.69988353267e-07        
4.49823809577e-05         2.69078673834e-07        
5.66294624707e-05         2.69882113564e-07        
7.12922693606e-05         2.69882846568e-07        
8.97516495625e-05         2.69890305158e-07        
0.000112990632385         2.69933459762e-07        
0.000142246778404         2.69922675654e-07        
0.000179078084078         2.69984533989e-07        
0.000225445950742         2.70050514615e-07        
0.000283819636375         2.70100363151e-07        
0.000357307752598         2.70100866349e-07        
0.000449823809577         2.700181822e-07          
0.000566294624707         2.69962535346e-07        
0.000712922693606         2.70232823093e-07        
0.000897516495625         2.69310010148e-07        
0.00112990632385          2.66984143161e-07        
0.00142246778404          2.62891304192e-07        
0.00179078084078          2.65687870229e-07        
0.00225445950742          2.65823203944e-07        
0.00283819636375          2.66645699899e-07        
0.00357307752598          3.08512392178e-08        
0.00449823809577          -1.57661109286e-07       
0.00566294624707          2.54189017148e-07        
0.00712922693606          2.72949224863e-07        
0.00897516495625          2.69738516873e-07        
0.01129906323             3.80655487895e-07        
0.0142246661894           1.61735188562e-07        
0.0179051831194           3.96605221761e-07        
0.0224110972169           1.59648548051e-07        
0.0267321783032           4.95513684746e-07        
0.0298266993878           4.14676233364e-07        
0.0322870303817           4.11963013572e-07        
0.0344416996097           -1.20399533501e-07       
0.0364292361525           1.71159386382e-07        
0.0383195291296           2.42853796608e-07        
0.0401530767099           1.67855258537e-06        
0.0419558115285           3.30179045775e-07        
0.043745647375            1.63818203982e-07        
0.0455357311507           -3.15864310031e-07       
0.0473362085796           -1.22571602771e-07       
0.0491552515197           1.53110353538e-07        
0.0509996894418           6.11240173635e-07        
0.0528754152941           8.48865376042e-07        
0.0547876560916           2.61579371984e-07        
0.0567411588645           5.44106916798e-07        
0.0587403216717           2.77890014232e-07        
0.060789287807            3.90161490959e-07        
0.0628920146395           4.7884157846e-07         
0.0650523245363           2.5405824177e-07         
0.0672739428532           4.78224523741e-08        
0.0695605264213           -5.02585524946e-08       
0.0719156849541           -7.15756952495e-07       
0.0743429971414           1.07189029587e-07        
0.0768460227597           2.52713153351e-07        
0.0794283118387           6.1615452229e-08         
0.0820934117289           7.56983918722e-07        
0.0848448727909           1.52597430143e-06        
0.0876862533388           6.09324701402e-07        
0.090621124422            2.08758490818e-07        
0.0936530749919           2.100505563e-07          
0.0967857179824           3.04011526702e-07        
0.100022697816            -1.42238854359e-07       
0.103367699846            -1.12072482568e-06       
0.106824462227            2.45620379152e-07        
0.110396790716            -1.34917633223e-07       
0.114088576904            1.62967118731e-06        
0.117903820365            2.33275009934e-06        
0.121846655261            -9.66461776595e-07       
0.125921381927            6.05572780709e-07        
0.130132504052            3.85587321753e-07        
0.134484772111            -8.98188282501e-07       
0.138983233831            -7.71840372206e-07       
0.143633292656            7.01032126868e-07        
0.148440775341            3.26536038052e-07        
0.153412010176            -1.11840899456e-07       
0.158553917682            1.45198950981e-06        
0.163874116187            2.49932408565e-06        
0.169381045383            -1.59511126715e-06       
0.175084111892            9.98862269062e-07        
0.180993862113            4.56401415902e-07        
0.187122189278            1.30276137034e-07        
0.193482583873            1.69222912023e-06        
0.20009043965             -2.0676287108e-06        
0.206963431703            1.92920383215e-06        
0.214121988994            1.35926618259e-06        
0.22158989226             1.05718611174e-06        
0.229395040479            -8.37072941749e-07       
0.237570447282            1.08650719116e-06        
0.246155556045            3.94373003629e-07        
0.255198004484            2.25360045613e-06        
0.264756035908            9.01692348216e-08        
0.274901861508            6.31881393522e-07        
0.285726456686            3.57344346854e-07        
0.297346581671            5.41753661954e-08        
0.309915365237            7.04978432102e-07        
0.323638811248            4.12467449398e-07        
0.338802580059            4.11268895494e-07        
0.355817499907            -3.0952149331e-07        
0.375301244496            2.91241185442e-07        
0.398234642229            3.88192149556e-07        
0.426283860573            3.11329581185e-07        
0.462519333761            1.7641325431e-07         
0.513114993274            3.46825560834e-07        
0.590986560213            2.25451724173e-07        
0.71713016283             7.87949551771e-08        
0.898820333355            5.47842155394e-07        
1.13142626636             4.45235232194e-07        
1.42438051008             3.31634068258e-07        
1.79318881943             1.96234694587e-07        
2.25749097293             3.88489982075e-07        
2.84201275272             2.02118395968e-07        
3.57788207504             -7.35902826856e-08       
4.50428666467             1.19012789512e-07        
5.67056094416             1.19363801335e-06        
