k                         CCL lin error            
9.78871042772e-06         -4.20918592684e-06       
1.23232563062e-05         -3.59386642419e-06       
1.55140605199e-05         -2.11593793375e-06       
1.95310450286e-05         -1.36400001104e-07       
2.45881289054e-05         3.80394604761e-12        
3.09546203074e-05         -2.89397673957e-12       
3.89695581175e-05         1.85898911096e-12        
4.90597670005e-05         3.57598290761e-12        
6.17625873736e-05         3.16536150249e-12        
7.77544907428e-05         1.08587280148e-11        
9.78871042772e-05         -1.76881468509e-11       
0.000123232563062         2.61509788298e-11        
0.000155140605199         1.09465333122e-11        
0.000195310450286         3.12951528925e-11        
0.000245881289054         7.22072349367e-11        
0.000309546203074         4.54653413168e-12        
0.000389695581175         1.50594912504e-10        
0.000490597670005         2.8911347269e-11         
0.000617625873736         1.55771698699e-10        
0.000777544907428         1.50350452778e-10        
0.000978871042772         9.29519137427e-11        
0.00123232563062          3.54023124743e-11        
0.00155140605199          7.62554446394e-11        
0.00195310450286          5.88620042671e-10        
0.00245881289054          5.63307459082e-10        
0.00309546203074          2.25179667219e-10        
0.00389695581175          1.76949678964e-09        
0.00490597670005          2.68323890724e-11        
0.00617625873736          2.94482572236e-09        
0.00777544907428          1.19711206327e-09        
0.00978871042772          1.60168987452e-09        
0.0123232563062           2.76283748483e-09        
0.0155140605156           3.30278826915e-12        
0.0195310374327           -1.61086984032e-08       
0.0245860368144           -1.36001568807e-08       
0.0308287178952           -2.52702324094e-08       
0.0371101994903           2.62669613563e-09        
0.0416459083999           1.41475559577e-08        
0.0451946096882           6.03051246548e-08        
0.0482756234193           9.97899714877e-09        
0.0511039388158           1.31999538283e-08        
0.0537858563842           1.33425853787e-10        
0.056382095751            -1.39354882069e-08       
0.0589311293183           -7.84564888144e-08       
0.061459315373            -1.69470732725e-08       
0.0639858690269           -3.55696155078e-09       
0.0665255355949           -1.26530534356e-07       
0.0690901343552           -1.66240192102e-08       
0.0716895017751           -1.24543190667e-07       
0.0743320947579           3.72154642998e-09        
0.0770253911967           -6.40460865296e-08       
0.0797761643091           1.9695266597e-08         
0.0825906753917           6.54945481264e-08        
0.0854748121126           2.90858436791e-07        
0.0884341893926           4.3200371987e-08         
0.091474223934            8.13712592789e-08        
0.0946001897752           1.08688144263e-07        
0.0978172599294           1.59652887649e-07        
0.101130537671            -4.58234209441e-09       
0.104545080055            -6.96373673479e-08       
0.108065915613            -4.66011912421e-07       
0.111698057728            -3.50989946694e-07       
0.115446514917            -6.26999512414e-08       
0.119316299047            4.78147033379e-08        
0.123312432399            -1.71704849699e-07       
0.127439954406            3.35290176517e-07        
0.131703928839            1.80481984612e-07        
0.136109452199            3.87322531643e-08        
0.140661664035            4.98089904583e-07        
0.145365759903            3.82310836895e-07        
0.150227007678            -2.24119443345e-07       
0.155250767914            3.1454774497e-10         
0.160442518957            -5.46417200971e-07       
0.165807887518            -1.31965378176e-06       
0.171352685427            -4.91244161018e-07       
0.177082953345            9.49080900816e-08        
0.183005012249            2.79288165724e-07        
0.18912552363             8.66359743478e-07        
0.19545155949             9.9935811088e-07         
0.201990683427            2.00368117163e-08        
0.208751044428            -3.27264396422e-07       
0.215741485363            -8.85432395784e-07       
0.222971668744            -5.56212476289e-07       
0.230452223045            2.528293339e-07          
0.238194913801            -2.28675304179e-07       
0.246212845025            5.32709655673e-06        
0.254520698126            -7.3997878106e-07        
0.263135017791            -1.02580460446e-06       
0.272074557336            -5.18967665463e-08       
0.281360700176            4.1554641569e-07         
0.291017979834            1.83541351251e-06        
0.301074728947            1.80288389239e-06        
0.311563899196            -2.61600008176e-07       
0.322524110714            -1.60797861122e-06       
0.334001013916            1.56149056341e-07        
0.346049083487            7.08513653992e-07        
0.358734020547            -2.20544121311e-07       
0.372136027575            -2.14041982784e-07       
0.386354363284            -1.8523415826e-07        
0.401513821359            5.95188199658e-07        
0.417774182467            7.43708730241e-08        
0.435344409525            -4.37016018449e-08       
0.4545046901              4.24422464001e-07        
0.475642017228            -1.4135026883e-07        
0.499310292032            2.032192051e-08          
0.52633742579             -1.66702204156e-08       
0.558028607526            -3.07077518113e-08       
0.596581342577            -2.13541461513e-09       
0.646002936096            -1.72465431054e-09       
0.714271595491            -2.46302552562e-08       
0.818120208033            5.91416216439e-09        
0.986577677917            5.34495768966e-10        
1.23429576166             -1.046996806e-07         
1.55360261605             8.94089718053e-10        
1.95586762185             8.7729187606e-08         
2.46229144846             -5.68502788962e-08       
3.09984127571             1.71447724843e-07        
3.90246895452             -1.03200553349e-07       
4.91291733559             -1.70268734977e-07       
6.18499647981             8.85936932489e-08        
7.78644924029             1.17532859498e-08        
9.80255881625             -7.01957343638e-08       
