k                         CCL lin error            
6.81591026295e-06         -8.56477143163e-06       
8.58072263454e-06         -6.79318521757e-06       
1.08024897762e-05         -4.17161890422e-06       
1.35995288899e-05         -1.16837346874e-07       
1.71207925079e-05         1.61831034041e-07        
2.15538007582e-05         1.64532409342e-07        
2.71346274953e-05         1.6274561954e-07         
3.41604720934e-05         1.63012638537e-07        
4.30054863973e-05         1.62966290513e-07        
5.41406996721e-05         1.62689353128e-07        
6.81591026295e-05         1.62826575431e-07        
8.58072263454e-05         1.62498375064e-07        
0.000108024897762         1.62662778463e-07        
0.000135995288899         1.62664908278e-07        
0.000171207925079         1.62744979549e-07        
0.000215538007582         1.62949187805e-07        
0.000271346274953         1.62873690005e-07        
0.000341604720934         1.62597377974e-07        
0.000430054863973         1.62557987868e-07        
0.000541406996721         1.62792424059e-07        
0.000681591026295         1.62974485333e-07        
0.000858072263454         1.62528439187e-07        
0.00108024897762          1.61932495613e-07        
0.00135995288899          1.62340229783e-07        
0.00171207925079          1.62783353761e-07        
0.00215538007582          1.62944762642e-07        
0.00271346274953          1.61823960007e-07        
0.00341604720934          1.6089828703e-07         
0.00430054863973          3.58076984989e-06        
0.00541406996721          1.75714932477e-07        
0.00681591026295          1.90715863586e-07        
0.00858072263454          1.24964133754e-07        
0.0108024897761           1.72748352958e-07        
0.0135995287439           -3.08444063085e-07       
0.0171206895517           -7.22182454194e-07       
0.0215404070765           2.43615275708e-07        
0.0267132327607           -2.11939894743e-06       
0.0310079274669           1.94619475694e-07        
0.0341351427355           -2.98925500194e-07       
0.0367246329489           1.59167532089e-06        
0.0390417247436           1.04313576539e-06        
0.0412055453756           1.86106429888e-07        
0.0432794980931           1.46867372272e-07        
0.0453017511075           5.26037930951e-08        
0.0472974507276           -1.31313468181e-07       
0.049284361218            1.32075228443e-06        
0.051275761998            -1.87511675457e-07       
0.0532820619436           2.06546991895e-07        
0.0553117579978           7.72243591355e-07        
0.0573720342174           -3.03314566769e-07       
0.059469152027            2.07278055525e-06        
0.0616087133208           -5.11718572985e-08       
0.0637958429389           3.36228926684e-06        
0.06603531821             1.37499580518e-06        
0.0683316626641           -8.84405613964e-07       
0.070689214834            2.4164209695e-06         
0.0731121793198           1.26963396039e-06        
0.0756046649663           1.2668992795e-06         
0.0781707135198           -1.98687671986e-06       
0.0808143211689           -4.80438290876e-07       
0.0835394547401           -1.07556048352e-06       
0.0863500638995           -2.50265860523e-06       
0.0892500904282           -1.46694462698e-06       
0.0922434754594           -6.98094001009e-07       
0.095334165433            -1.96233976578e-06       
0.0985261174551           5.36609250091e-07        
0.10182330469             3.11732346866e-06        
0.105229722388            3.98295896858e-06        
0.108749395121            3.06923724075e-06        
0.112386385807            2.26444886915e-07        
0.11614480707             -2.35611521701e-07       
0.120028835494            -8.84234174957e-07       
0.124042729324            -5.95903967782e-06       
0.128190850159            -5.12014141519e-06       
0.132477689215            -6.15793709998e-06       
0.136907898719            1.3861863418e-06         
0.141486329078            1.17968030843e-06        
0.146218072496            6.46234810769e-06        
0.151108513825            8.91016548242e-06        
0.156163389581            3.54162834746e-06        
0.161388856239            -8.00223130859e-07       
0.166791569214            -6.9207574751e-07        
0.172378774302            -4.20660350384e-06       
0.178158413819            -3.95803665562e-06       
0.184139250378            6.56839509178e-06        
0.190331012043            3.18009623906e-06        
0.196744563808            1.64800920398e-07        
0.203392111787            -1.58376039873e-06       
0.210287448635            -1.13311937804e-05       
0.217446251391            -2.68238809927e-06       
0.224886446817            2.80054748373e-06        
0.232628664535            1.04908700648e-06        
0.24069680576             -9.93110194987e-07       
0.249118766113            -7.49165871127e-06       
0.257927366627            -6.96275690736e-07       
0.267161570245            3.16516759601e-06        
0.276868096336            3.54478575035e-06        
0.287103600331            4.80308431429e-08        
0.297937672325            -6.25008961512e-06       
0.309457050212            3.61742978702e-07        
0.321771681422            5.19744091524e-06        
0.335023682799            -1.66131417432e-06       
0.349401000216            7.25021044508e-07        
0.365158991369            1.30425417605e-06        
0.382655980081            1.33658255904e-07        
0.402414767539            1.10710308151e-06        
0.425235380327            -3.28633544244e-07       
0.452416229635            2.86315916262e-07        
0.486222685745            1.88683491592e-07        
0.530959439208            -3.16841414248e-07       
0.595501112583            -4.54524043589e-06       
0.697863228982            9.87204127288e-08        
0.860211750465            -4.96140362448e-07       
1.0813700784              6.9937687599e-07         
1.36133615137             -6.08398826239e-08       
1.71382057736             3.07515505335e-07        
2.15757227604             2.35027179763e-07        
2.7162225661              8.52643147878e-09        
3.41952161255             -3.02567123259e-07       
4.30492265421             8.03584802375e-07        
5.4195765252              -4.31970303195e-07       
6.82284260874             7.13267005991e-07        
8.58944994081             5.1539181987e-07         
