k                         CCL lin error            
8.37815986264e-06         -5.08952028561e-06       
1.05474783551e-05         -4.11556308517e-06       
1.32784885316e-05         -2.57965733909e-06       
1.67166266427e-05         -8.72876160965e-08       
2.104498608e-05           8.09385455417e-08        
2.64940677669e-05         8.12066913041e-08        
3.33540551736e-05         8.00705701696e-08        
4.19902676444e-05         8.11334788296e-08        
5.28626149856e-05         8.14375284559e-08        
6.65500893393e-05         8.1282669772e-08         
8.37815986264e-05         8.11212847567e-08        
0.000105474783551         8.12139800779e-08        
0.000132784885316         8.11946064557e-08        
0.000167166266427         8.1192011276e-08         
0.0002104498608           8.1327153765e-08         
0.000264940677669         8.11999440588e-08        
0.000333540551736         8.13874589202e-08        
0.000419902676444         8.12418562952e-08        
0.000528626149856         8.13515798885e-08        
0.000665500893393         8.15287221007e-08        
0.000837815986264         8.12708153959e-08        
0.00105474783551          8.17637474351e-08        
0.00132784885316          8.10644369594e-08        
0.00167166266427          8.18868217384e-08        
0.002104498608            8.12304145416e-08        
0.00264940677669          8.18490003478e-08        
0.00333540551736          8.71824907153e-08        
0.00419902676444          8.95637590203e-08        
0.00528626149856          -5.87228048818e-07       
0.00665500893393          1.2637025028e-07         
0.00837815986264          8.55630264428e-08        
0.0105474783551           -2.71775607741e-08       
0.0132784885315           4.16010416071e-08        
0.016716626084            -5.79447006669e-07       
0.0210446920967           2.67671301966e-07        
0.0264639460872           -1.2311360668e-07        
0.0325951960963           -4.53920334652e-08       
0.0374004320428           5.05253899898e-07        
0.0409690304041           5.865930663e-07          
0.0439715527089           1.82801305029e-07        
0.0466811406923           7.98155846685e-08        
0.0492241533366           1.38311703098e-06        
0.0516693773808           1.35002810869e-06        
0.0540588983463           -4.11263593746e-08       
0.0564207856076           -1.30670267833e-07       
0.0587750631933           9.96556163392e-08        
0.0611368215597           -1.2199304415e-07        
0.0635179709545           5.62586182694e-07        
0.0659282919034           -6.15241289613e-07       
0.0683760964186           1.75390523323e-07        
0.0708686613066           -4.7950361102e-08        
0.0734125217275           -7.23432454508e-08       
0.0760136756206           2.68271833391e-07        
0.0786777293065           9.61273540827e-07        
0.0814100030962           4.62351016139e-07        
0.0842156089788           2.03664607705e-07        
0.087099508363            1.0620263426e-06         
0.0900665552835           5.58782697862e-07        
0.0931215288437           9.5718745988e-08         
0.0962691576043           4.18410987969e-07        
0.0995141379226           8.83455240824e-08        
0.102861147778            -2.04650710849e-06       
0.106314857313            -3.94287388592e-06       
0.109879937108            -8.50661035716e-07       
0.113561065073            2.82264904721e-08        
0.117362932754            -6.95369736146e-07       
0.121290251797            1.61354564684e-06        
0.125347761272            1.58720763747e-06        
0.129540236543            6.6960713426e-07         
0.133872500357            9.36456327145e-08        
0.138349436806            2.30937643129e-06        
0.142976008829            -1.12607534334e-06       
0.147757279895            -2.47959950059e-06       
0.152698440531            2.62837769412e-07        
0.157804840357            -8.88903406224e-07       
0.163082026338            -1.73378565493e-06       
0.168535787979            9.23925684139e-07        
0.174172210319            2.76723667478e-06        
0.179997735647            6.72997798876e-07        
0.186019235091            6.5873764684e-07         
0.192244091444            -1.06841477314e-06       
0.198680294958            -4.5359741906e-06        
0.205336554271            -2.14501815225e-06       
0.212222425265            -6.84307954881e-08       
0.219348461441            1.61560135532e-06        
0.226726390468            6.51196146408e-06        
0.234369322994            4.72114866919e-06        
0.242292001655            2.91600417484e-07        
0.250511100798            -9.98366112777e-07       
0.259045590845            -4.00313670996e-06       
0.267917185988            1.41028520686e-06        
0.27715090051             2.33145453612e-07        
0.286775748378            6.82393324318e-07        
0.296825634225            -5.2517991102e-06        
0.307340503498            -2.93500328191e-06       
0.318367848923            4.00052346554e-07        
0.329964715087            6.38838005923e-06        
0.342200412483            1.33556464561e-07        
0.355160263304            -6.27065578259e-06       
0.368950883352            -2.74798293186e-07       
0.38370781249             4.14706653308e-06        
0.399606845818            -4.10173885767e-06       
0.416881401172            -4.23933074486e-07       
0.435850131939            1.5379724053e-06         
0.456962747787            -2.47573657533e-06       
0.480879971549            3.14039877703e-07        
0.508621589203            -1.03193122985e-06       
0.541860289506            -1.62959095503e-07       
0.583552244561            -2.42941220422e-07       
0.639395246057            2.62663076471e-08        
0.721239077065            1.85542908773e-07        
0.852439485591            1.74643883023e-07        
1.05677446234             -5.57077848654e-07       
1.32931496098             6.30681253311e-07        
1.6734932125              -2.29859496089e-07       
2.10680309228             4.96867110059e-07        
2.65230795051             1.80072499334e-07        
3.3390578788              -5.00367434983e-07       
4.20362481507             1.05122802438e-06        
5.29205010134             -1.77715416102e-08       
6.66229635307             4.73449626084e-07        
8.38733417979             1.98456060175e-08        
