k                         CCL lin error            
5.33991216076e-06         -1.28611115453e-05       
6.72255111593e-06         -1.04901584053e-05       
8.46319043193e-06         -6.75565845794e-06       
1.06545254996e-05         -7.79123240926e-07       
1.34132529021e-05         -3.6962393959e-07        
1.68862849332e-05         -3.68420303217e-07       
2.12585732132e-05         -3.71593924676e-07       
2.67629580366e-05         -3.70710525059e-07       
3.36925679671e-05         -3.70550540612e-07       
4.24164300024e-05         -3.69454937652e-07       
5.33991216076e-05         -3.70440595142e-07       
6.72255111593e-05         -3.70414020527e-07       
8.46319043193e-05         -3.70332007443e-07       
0.000106545254996         -3.70244632818e-07       
0.000134132529021         -3.700465394e-07         
0.000168862849332         -3.69662264492e-07       
0.000212585732132         -3.69070621353e-07       
0.000267629580366         -3.68108157183e-07       
0.000336925679671         -3.66740559687e-07       
0.000424164300024         -3.65008196635e-07       
0.000533991216076         -3.63968351456e-07       
0.000672255111593         -3.66408439742e-07       
0.000846319043193         -3.76367075865e-07       
0.00106545254996          -3.88591527989e-07       
0.00134132529021          -3.91309672867e-07       
0.00168862849332          -3.95893022993e-07       
0.00212585732132          -3.97312015877e-07       
0.00267629580366          -3.97608999139e-07       
0.00336925679671          -4.06114960055e-07       
0.00424164300024          -1.60541195011e-06       
0.00533991216076          -3.92580309158e-07       
0.00672255111593          -4.63377965562e-07       
0.00846319043193          -3.29046759742e-07       
0.0106545254977           -3.16224383702e-07       
0.0134132491067           -4.15223876442e-07       
0.0168851467666           4.96142630605e-07        
0.0211850599908           6.38819205961e-07        
0.0255940861554           2.70623574777e-06        
0.0287972039902           6.15288287766e-07        
0.0312859616742           -1.99515451262e-06       
0.03343848413             -1.20948412412e-08       
0.0354102900579           1.06531146893e-06        
0.0372776137782           -1.21866704346e-06       
0.0390837332745           -1.00808756837e-06       
0.040855946123            -7.75316842169e-07       
0.042612889107            -4.999114567e-07         
0.0443681098139           2.61149387146e-07        
0.0461319796258           -3.63170750337e-06       
0.0479127948585           1.18590903821e-06        
0.0497174478259           -2.28069298592e-06       
0.051551855127            -1.33737316684e-06       
0.0534212415355           -2.80118929647e-08       
0.0553303341561           6.75039191779e-06        
0.0572834986834           -9.57143512025e-07       
0.0592848370687           -1.77691193761e-06       
0.0613382587125           1.88811984035e-09        
0.0634475330313           -1.35485331065e-06       
0.0656163286274           4.0949170071e-08         
0.0678482426409           -1.15134982027e-06       
0.0701468228025           -6.20102432909e-06       
0.0725155840121           -7.51464965243e-07       
0.0749580208106           -1.14957025893e-06       
0.0774776168025           -2.92534601534e-06       
0.0800778518908           -5.33328366108e-06       
0.0827622080424           -5.91877450476e-06       
0.0855341742221           -1.82056650873e-06       
0.0883972510712           5.74997683164e-07        
0.0913549558744           -1.10787515503e-06       
0.0944108283343           4.23140118015e-07        
0.0975684376604           2.74769699063e-06        
0.10083139147             9.21707719769e-07        
0.104203346991            -2.17460914448e-06       
0.107688025056            -1.03911634209e-05       
0.111289227367            -8.14630215301e-06       
0.115010857543            -2.53666243012e-06       
0.118856946418            -5.55411139992e-07       
0.12283168216             1.48712110046e-06        
0.12693944575             8.87596558711e-06        
0.131184852492            1.69908941767e-05        
0.135572800274            1.18243956464e-05        
0.140108525499            -4.20348672418e-06       
0.144797667768            -4.42122568705e-06       
0.149646344712            -3.97625944869e-07       
0.15466123871             -1.95985541145e-06       
0.159849697766            3.45353555123e-06        
0.165219853434            2.56303213035e-05        
0.170780759592            8.408816183e-06          
0.176542556976            -2.04478358117e-06       
0.18251666998             -1.67150484755e-06       
0.188716044263            -1.78094494149e-06       
0.195155436583            6.31696438505e-06        
0.201851772183            1.63812673362e-05        
0.208824590568            9.99486397601e-06        
0.216096608339            -2.15360770189e-06       
0.223694439045            1.51316767121e-07        
0.23164952668             2.1501549756e-06         
0.239999374442            6.34011671018e-06        
0.248789188636            -1.59484939174e-06       
0.258074117701            -1.2016509299e-05        
0.267922363028            -1.73192306183e-06       
0.278419598399            1.04339306746e-05        
0.28967540886             -6.13724271722e-07       
0.301832945699            -1.86071361756e-06       
0.315083891645            4.12671682812e-06        
0.329692566863            -2.40391980116e-06       
0.34603654788             4.42686204548e-07        
0.364678839081            -2.77363487701e-07       
0.386504377461            -2.60723581159e-07       
0.412997665075            -3.59103310008e-07       
0.446854074507            -3.44431363414e-07       
0.493417060568            -2.12547459207e-07       
0.563895341655            -5.39809863231e-07       
0.678191433242            -3.29266006032e-07       
0.847706960435            -4.06234000949e-07       
1.06695826345             -2.499739423e-07         
1.34321884505             -1.28060946572e-07       
1.69101233479             -5.25362393924e-07       
2.12885839993             -5.64797340291e-07       
2.68007393778             -5.88503779155e-07       
3.37401318576             -4.98830485395e-07       
4.24763093928             -3.50751647986e-07       
5.34745052938             -7.13289461047e-07       
6.73204135974             -8.4187114397e-07        
