k                         CCL lin error            
7.10020677101e-06         -7.23894803374e-06       
8.93863073302e-06         -5.8884645517e-06        
1.12530693764e-05         -3.56811041179e-06       
1.41667749987e-05         -8.21531409083e-08       
1.7834913049e-05          1.54150455714e-07        
2.24528252546e-05         1.53732432942e-07        
2.82664322795e-05         1.53116827103e-07        
3.55853298975e-05         1.53250517776e-07        
4.4799276095e-05          1.53515459499e-07        
5.6398947106e-05          1.53598943409e-07        
7.10020677101e-05         1.53499489204e-07        
8.93863073302e-05         1.53150710609e-07        
0.000112530693764         1.53459032079e-07        
0.000141667749987         1.5344157344e-07         
0.00017834913049          1.53510332354e-07        
0.000224528252546         1.53349160922e-07        
0.000282664322795         1.53475627656e-07        
0.000355853298975         1.53678628316e-07        
0.00044799276095          1.53490086812e-07        
0.00056398947106          1.53194045724e-07        
0.000710020677101         1.53445550574e-07        
0.000893863073302         1.53764759573e-07        
0.00112530693764          1.53302926921e-07        
0.00141667749987          1.52700320266e-07        
0.0017834913049           1.53333676201e-07        
0.00224528252546          1.53919688708e-07        
0.00282664322795          1.53251568379e-07        
0.00355853298975          1.52535493604e-07        
0.0044799276095           2.41707265746e-06        
0.0056398947106           -1.20388604211e-08       
0.00710020677101          1.35061843358e-07        
0.00893863073302          1.6199524935e-07         
0.0112530693764           1.34499393143e-07        
0.0141667748022           -2.1954380051e-07        
0.0178347832948           2.18460307937e-08        
0.0224368256747           3.42722709723e-08        
0.0277871114521           -1.2085997038e-06        
0.0321690999636           1.29416672223e-06        
0.0353726039056           3.02272361208e-07        
0.038035030596            2.39977113526e-07        
0.0404220308411           -9.64777684196e-08       
0.0426536723536           1.95478057709e-07        
0.0447941855988           4.19903630423e-07        
0.0468823782962           1.38463751976e-07        
0.0489438886509           5.23529297589e-09        
0.0509968681361           -6.13376570001e-07       
0.0530549102302           -9.75906114668e-07       
0.0551286863955           9.95838605757e-08        
0.0572269194984           -4.47001864082e-08       
0.0593569930948           7.34421307804e-07        
0.0615253488804           5.73698177304e-07        
0.0637377549372           -3.24993920233e-06       
0.0659994919466           1.68044895539e-07        
0.0683154854818           6.19288271322e-08        
0.0706904017679           5.99954895024e-07        
0.073128718016            -1.1891210243e-08        
0.0756347746429           7.43635112631e-07        
0.0782128143196           9.72437679771e-07        
0.0808670112842           8.9433801356e-07         
0.083601493377            -2.61741477109e-07       
0.0864203586071           -8.64888045408e-07       
0.089327687636            -1.07695119914e-06       
0.0923275532732           -2.23926654107e-07       
0.0954240278934           5.23160707313e-07        
0.0986211895574           -8.091891832e-07         
0.101923127539            4.41685713539e-07        
0.10533394791             2.07676932038e-06        
0.108857779802            1.40814797283e-06        
0.112498782938            -2.05034624694e-06       
0.116261157035            1.05049210261e-06        
0.120149153633            1.04579635741e-06        
0.124167090944            -4.49518755266e-07       
0.128319372274            -9.53159430624e-07       
0.1326105086              -9.80448361655e-07       
0.137045145875            7.26617883999e-08        
0.141628097676            3.94671303411e-07        
0.146364383827            2.28529551715e-06        
0.151259275715            5.58945254484e-06        
0.15631834912             3.9160556353e-06         
0.161547545505            4.14598577309e-07        
0.166953242951            -9.98154140339e-08       
0.172542338191            -5.05339319147e-06       
0.178322341574            -5.75427810039e-06       
0.184301487339            -5.95559252245e-07       
0.190488862205            1.52950394292e-06        
0.196894556234            4.36404331541e-07        
0.20352984107             3.82756161675e-07        
0.210407382282            -3.4641291909e-06        
0.217541494631            -7.21072928324e-06       
0.224948452006            -1.36908719606e-06       
0.23264686772             3.31434550543e-07        
0.240658166405            7.53429674587e-06        
0.249007176531            6.95447041954e-07        
0.257722883805            -2.38111418898e-06       
0.266839402035            -1.02276981145e-06       
0.27639724239             5.73363814618e-06        
0.286444998903            8.34313906747e-07        
0.29704162538             -1.08376248626e-06       
0.308259570041            -2.78696285748e-06       
0.320189183266            4.08621293834e-07        
0.332945064988            1.04381602203e-06        
0.346675456398            -4.242403112e-06         
0.361576574692            1.1546077891e-06         
0.37791529354             -5.5516564721e-07        
0.396066565338            -1.41878248761e-06       
0.41657828605             -2.13974315089e-07       
0.440290454244            -6.28394425491e-07       
0.468569509458            7.36946427981e-08        
0.503806235572            -1.94550133364e-07       
0.550557957515            -2.58544165781e-08       
0.618240110212            6.23185746868e-08        
0.725861049389            -4.19643930306e-07       
0.895937810027            5.10134031077e-07        
1.12647244625             3.86625623494e-07        
1.41812028612             -5.89167341249e-08       
1.78530758537             8.93452890241e-07        
2.24756908705             2.95089075998e-07        
2.82952183845             1.92720698143e-07        
3.56215694565             -8.35536023883e-08       
4.48448989968             -1.5561372791e-07        
5.64563829364             -1.78531536663e-07       
7.10743751366             8.75843489652e-08        
8.94773369869             -4.27934206613e-07       
