k                         CCL lin error            
7.55133395918e-06         -6.61631978374e-06       
9.50656621416e-06         -5.28953584196e-06       
1.19680577859e-05         -3.27817746289e-06       
1.50668920765e-05         6.93438649241e-08        
1.89680933119e-05         2.89743797062e-07        
2.38794146836e-05         2.88901520082e-07        
3.00624019639e-05         2.89327629284e-07        
3.7846321772e-05          2.88918315151e-07        
4.76456962217e-05         2.88917715695e-07        
5.99823777361e-05         2.8857593975e-07         
7.55133395918e-05         2.88658820805e-07        
9.50656621416e-05         2.88972606216e-07        
0.000119680577859         2.88924896869e-07        
0.000150668920765         2.88849906039e-07        
0.000189680933119         2.89032527715e-07        
0.000238794146836         2.8902028172e-07         
0.000300624019639         2.8880239883e-07         
0.00037846321772          2.8909815141e-07         
0.000476456962217         2.889363473e-07          
0.000599823777361         2.88591256647e-07        
0.000755133395918         2.88557006169e-07        
0.000950656621416         2.89112776443e-07        
0.00119680577859          2.87536731394e-07        
0.00150668920765          2.87216010013e-07        
0.00189680933119          2.87523362161e-07        
0.00238794146836          2.86138599129e-07        
0.00300624019639          2.86822752188e-07        
0.0037846321772           2.8768791014e-07         
0.00476456962217          6.01466002602e-07        
0.00599823777361          5.46026900194e-08        
0.00755133395918          3.6665202305e-07         
0.00950656621416          2.8311910942e-07         
0.0119680577859           1.90143050422e-07        
0.0150668918383           7.46113364758e-08        
0.0189679411921           -1.13109705629e-08       
0.0238611657207           2.57206240895e-07        
0.029529360787            -1.52329536503e-06       
0.0341400029003           -3.4055994344e-07        
0.0375179361435           6.41480213716e-07        
0.0403305702226           9.39536579335e-07        
0.0428547359317           1.23349920583e-07        
0.0452159835428           1.78001277961e-06        
0.047481651824            5.13506231957e-07        
0.0496925026954           3.16393229413e-07        
0.0518755034861           3.2562749144e-07         
0.0540497681526           -4.22227437136e-07       
0.0562296243016           -1.11211328168e-07       
0.0584263286233           -1.02058840602e-07       
0.0606490886332           2.54646661551e-06        
0.0629057027324           -3.90613733144e-07       
0.0652029780179           -3.64209607487e-08       
0.0675470124288           1.48882892629e-07        
0.0699433906995           9.19630543215e-07        
0.0723973236251           4.73303184917e-07        
0.074913748898            1.073769222e-06          
0.0774974051891           2.16008976066e-06        
0.0801528871578           1.01160584896e-06        
0.0828846865907           -2.96653649058e-06       
0.0856972232859           8.33159948938e-07        
0.0885948682685           -2.54346920051e-07       
0.0915819612458           -7.03052655353e-07       
0.0946628237604           -4.34290495222e-07       
0.0978417691997           2.08952839585e-06        
0.101123110618            -1.47538150249e-06       
0.104511167203            -2.25619660814e-06       
0.108010270121            -1.40848701062e-06       
0.111624768445            4.78498001717e-08        
0.115359035796            9.42050344398e-07        
0.119217478363            2.22807640124e-06        
0.12320454489             4.54779316059e-06        
0.127324739264            6.0967184579e-06         
0.131582636305            -5.98088281664e-07       
0.135982901346            -8.74768109125e-08       
0.140530314237            -1.54768256118e-06       
0.145229798355            -4.60934783957e-06       
0.150086455293            3.58243103823e-07        
0.155105605884            -5.11966348069e-08       
0.160292838337            1.90692108119e-06        
0.165654064339            5.06813496181e-07        
0.171195584137            4.00211781908e-06        
0.176924161873            3.90259242272e-07        
0.182847112685            -5.71621567368e-06       
0.188972403563            -4.93822285794e-06       
0.195308770455            1.88339201114e-06        
0.201865854847            2.5643349733e-06         
0.208654364014            1.3183647371e-05         
0.215686260381            1.45808813574e-05        
0.222974987149            3.05839447569e-07        
0.230535739578            -7.13185827943e-08       
0.238385794429            -7.16814949139e-06       
0.246544914283            1.1110026512e-06         
0.255035849331            8.46250626778e-06        
0.263884967598            4.76242565139e-07        
0.273123056445            -5.12914283426e-06       
0.282786355701            -1.16980974794e-05       
0.292917908692            -5.69411518702e-07       
0.303569356864            1.26275142304e-05        
0.314803364892            2.47369359282e-06        
0.32669696057             -7.40584000848e-06       
0.339346233078            -1.63675923034e-06       
0.352873101891            1.25625850162e-05        
0.367435337435            2.59527812228e-07        
0.383241865144            -4.12402058358e-07       
0.400576996692            3.67463942828e-06        
0.419840444101            -1.81028123813e-07       
0.441616744777            2.12210962145e-06        
0.466802944549            2.1310594834e-07         
0.49686003517             1.38255022969e-07        
0.534347969511            -3.3978072632e-08        
0.584154479064            1.74202665989e-07        
0.656388299122            7.34140477189e-08        
0.771395121601            3.06903764524e-07        
0.952789152093            2.2306247365e-07         
1.1980488614              3.04058306431e-07        
1.50823041101             2.6717420953e-07         
1.89874951642             5.05083795099e-07        
2.39038401682             4.39261076085e-07        
3.00931518272             1.69487186023e-07        
3.78850335562             3.69785454468e-07        
4.76944314706             -9.47658015651e-08       
6.00437317794             -1.120419818e-07         
7.5590579756              8.31135215025e-07        
9.51629017471             -1.36490353711e-07       
