k                         CCL lin error            
8.09279863795e-06         -5.48391852354e-06       
1.01882298578e-05         -4.49568308657e-06       
1.28262214692e-05         -2.80014385258e-06       
1.61472561449e-05         -9.03898659893e-08       
2.03281910916e-05         9.7912061004e-08         
2.5591676341e-05          9.39996702301e-08        
3.22180116761e-05         9.29187389134e-08        
4.05600736166e-05         9.26027877173e-08        
5.10621073801e-05         9.38452611562e-08        
6.42833845606e-05         9.38408935923e-08        
8.09279863795e-05         9.41108792361e-08        
0.000101882298578         9.39600103748e-08        
0.000128262214692         9.4055995533e-08         
0.000161472561449         9.39699172224e-08        
0.000203281910916         9.40143863685e-08        
0.00025591676341          9.41113647341e-08        
0.000322180116761         9.39600849004e-08        
0.000405600736166         9.41611321176e-08        
0.000510621073801         9.41539372892e-08        
0.000642833845606         9.40783245599e-08        
0.000809279863795         9.48613783311e-08        
0.00101882298578          9.39015039025e-08        
0.00128262214692          9.47002806779e-08        
0.00161472561449          9.44550492146e-08        
0.00203281910916          9.39709728151e-08        
0.0025591676341           9.51703834351e-08        
0.00322180116761          9.41523670531e-08        
0.00405600736166          -3.7931010748e-07        
0.00510621073801          6.082870662e-07          
0.00642833845606          5.38749515513e-07        
0.00809279863795          6.45005997993e-07        
0.0101882298578           1.36286767281e-06        
0.0128262214691           -2.39545267936e-08       
0.0161472556367           -3.14879137888e-07       
0.0203279194491           1.00649230181e-07        
0.0255634881982           7.15477284683e-08        
0.031499237365            1.93508912377e-07        
0.0361644551122           3.12501824213e-07        
0.039625066276            2.47117654709e-07        
0.042534341996            3.93351257872e-07        
0.045158628306            9.91270800336e-08        
0.0476209429549           5.28817160019e-07        
0.049988174307            -7.07200782096e-07       
0.0523012114038           8.15520250729e-07        
0.054587307879            1.13329880567e-07        
0.0568658957194           -2.19180250972e-07       
0.0591516128795           1.04318033528e-08        
0.0614560082131           -1.69668528568e-07       
0.0637885624599           -2.80870749786e-07       
0.0661573306402           1.47336733284e-07        
0.0685693628993           -1.2300839374e-07        
0.0710309895509           -6.58843644414e-08       
0.0735480195271           1.28904151828e-07        
0.0761258817027           5.47335044356e-08        
0.0787697273842           8.53559275841e-07        
0.0814845056969           2.86196752681e-07        
0.0842750196108           2.05599847352e-07        
0.087145967862            6.08844632391e-07        
0.0901019764297           6.50420485202e-08        
0.0931476221996           -7.53126387961e-08       
0.0962874507564           1.83388827886e-07        
0.0995259897977           -9.20826322327e-07       
0.102867759359            -1.59706668928e-06       
0.106317279836            -1.26585940425e-06       
0.109879078666            9.99435696142e-08        
0.113557696431            8.50893024014e-08        
0.117357693112            6.43563358338e-07        
0.121283655162            2.09394373228e-06        
0.125340204081            2.18660561089e-06        
0.129532007127            6.2433311222e-07         
0.133863790797            3.21881125349e-07        
0.138340357741            6.37776037537e-07        
0.142966607706            -2.85141820184e-06       
0.147747563167            -3.42048550616e-06       
0.152688400289            1.73285411551e-06        
0.157794485886            3.20101890378e-07        
0.163071421113            1.23280203115e-06        
0.168525092675            3.33650513075e-06        
0.174161732492            4.02360189404e-06        
0.179987986891            1.0445166762e-06         
0.186010996676            9.26067793764e-07        
0.192238489722            -2.74634082684e-06       
0.198678888198            -4.22794121684e-06       
0.205341433123            -1.26274876419e-06       
0.212236329703            1.09680833147e-06        
0.219374917974            4.04328279833e-07        
0.226769874588            1.01750785622e-06        
0.234435453452            -2.62804435254e-06       
0.242387775334            -3.39390901272e-06       
0.250645179909            1.92660268373e-07        
0.259228658266            1.60543602087e-06        
0.268162390316            6.21466142374e-06        
0.277474420519            6.28434941469e-07        
0.287197518376            -4.22255626828e-07       
0.297370289088            -2.23663046292e-06       
0.308038628107            2.18763709277e-06        
0.319257656361            7.37079952297e-07        
0.331094339985            -7.10527146402e-07       
0.343631105313            1.29628812354e-07        
0.356970935357            1.26902251749e-06        
0.371244730732            1.73979821086e-06        
0.38662223781             2.75244043364e-07        
0.403328793609            2.68834202656e-07        
0.421671939643            1.11502070802e-06        
0.442085567359            1.10382968181e-05        
0.465206915424            6.31214218949e-07        
0.492019060709            4.02707668229e-07        
0.524133543393            7.85297998584e-07        
0.564396461697            3.79510244136e-07        
0.61828924436             1.68196355021e-07        
0.697207011993            8.32744934763e-07        
0.823652401686            1.62750152421e-07        
1.02079969649             3.87869748062e-07        
1.28402810293             7.22589833895e-08        
1.61648026963             8.71841873295e-07        
2.03502804863             2.08872829448e-07        
2.56194852412             8.55106315712e-08        
3.22530210073             -9.13769768793e-08       
4.06041477532             1.20504533786e-06        
5.11175934308             1.23061674867e-06        
6.43532373597             -5.97976964402e-07       
8.10159258434             3.43944356965e-07        
