k                         CCL lin error            
5.78086214662e-06         -1.02086445865e-05       
7.27767425846e-06         -8.24701709996e-06       
9.16204906274e-06         -5.04638038255e-06       
1.15343363892e-05         -4.51809177657e-08       
1.45208691885e-05         2.8691534198e-07         
1.82806912228e-05         2.9018302004e-07         
2.30140267255e-05         2.90823093728e-07        
2.89729430725e-05         2.89700853646e-07        
3.64747742884e-05         2.88272463203e-07        
4.59190202411e-05         2.90277170685e-07        
5.78086214662e-05         2.89998089353e-07        
7.27767425846e-05         2.89989146111e-07        
9.16204906274e-05         2.89961991028e-07        
0.000115343363892         2.90084430731e-07        
0.000145208691885         2.9014221049e-07         
0.000182806912228         2.90227433918e-07        
0.000230140267255         2.90249840922e-07        
0.000289729430725         2.90260105906e-07        
0.000364747742884         2.90103682232e-07        
0.000459190202411         2.89850779513e-07        
0.000578086214662         2.89652783132e-07        
0.000727767425846         2.89370353675e-07        
0.000916204906274         2.88039324756e-07        
0.00115343363892          2.86108600513e-07        
0.00145208691885          2.86028293296e-07        
0.00182806912228          2.85152228242e-07        
0.00230140267255          2.84899579288e-07        
0.00289729430725          2.84608822014e-07        
0.00364747742884          5.7381065383e-07         
0.00459190202411          -2.01776911136e-07       
0.00578086214662          -9.03273557767e-08       
0.00727767425846          2.99050816987e-07        
0.00916204906274          2.86880671327e-07        
0.011534336376            -3.08023115375e-07       
0.014520852799            -1.05972411322e-06       
0.0182773063081           1.30190993347e-07        
0.0228541768342           1.00097532514e-06        
0.0271471104691           -1.65273006537e-06       
0.0302185394344           5.58559982403e-07        
0.0326771527932           -5.23632986424e-10       
0.0348381151184           -1.77704602748e-06       
0.0368355205824           4.06348537755e-07        
0.0387376077829           2.69408096364e-07        
0.0405841622928           -1.14594184508e-07       
0.0424007766376           2.65544599003e-08        
0.0442051926648           -8.52929956701e-07       
0.0460104689968           2.17487147398e-07        
0.0478267079656           2.6279040422e-07         
0.0496620636315           1.29418093804e-06        
0.051523363025            -9.72549887272e-07       
0.0534165062856           6.84740819268e-07        
0.0553467339051           9.37694406122e-07        
0.0573188106443           1.22336799898e-06        
0.0593371552706           2.35035208087e-06        
0.0614059339359           -3.24223360628e-06       
0.0635291284638           8.85827199498e-07        
0.0657105868899           -1.00955623468e-06       
0.0679540611807           5.19357377639e-07        
0.0702632355218           2.26102949291e-07        
0.0726417475767           -6.64643030387e-07       
0.0750932044698           6.41680783758e-07        
0.0776211948146           -9.87477169793e-08       
0.080229297823            -3.41728807141e-07       
0.0829210903411           -1.30771767772e-06       
0.0857001525289           -5.24030222674e-07       
0.0885700728224           1.98604917595e-06        
0.0915344527619           9.74217244117e-07        
0.0945969122374           4.99519551784e-07        
0.0977610956834           1.47416930788e-06        
0.101030679739            1.68639455966e-06        
0.104409382884            -8.31255872638e-07       
0.107900977558            -2.49340324402e-06       
0.111509305252            -1.71210596241e-06       
0.115238295088            -9.2443764172e-08        
0.119091986386            1.02585731822e-07        
0.123074555731            3.80628957293e-06        
0.127190349119            7.02857995748e-06        
0.131443919757            5.25968420484e-06        
0.135840072213            1.91409082324e-06        
0.14038391371             2.61336605974e-07        
0.145080913528            3.6584434857e-07         
0.149936971702            -2.05138694861e-06       
0.154958498504            -1.80286481614e-06       
0.160152506632            4.31526887817e-06        
0.16552671854             5.21924502558e-06        
0.171089692096            3.18414956228e-06        
0.176850968675            6.15485159187e-07        
0.18282124909             -1.49870657657e-06       
0.189012604442            -7.32712044859e-07       
0.195438731263            -1.96794714678e-06       
0.20211526349             9.64649267891e-06        
0.209060158117            2.25409855983e-06        
0.21629417752             -2.34272926535e-07       
0.223841500154            -4.94215470122e-06       
0.231730503994            2.79819155402e-06        
0.239994785804            3.8805452337e-07         
0.248674507518            4.78529834342e-07        
0.257818204514            -2.30555166832e-06       
0.267485259062            -6.43662966114e-09       
0.277749353312            9.14626611968e-07        
0.288703401365            1.86326229346e-07        
0.300466779221            -1.58711667208e-06       
0.31319624249             1.4758021779e-06         
0.327102987205            -9.81529442319e-09       
0.342480393831            3.65133235281e-07        
0.359751301354            6.08012705478e-07        
0.379553117736            2.46621075301e-07        
0.402901304866            2.1132087212e-07         
0.431527769521            1.85172659242e-07        
0.468639029932            3.50824043455e-07        
0.52070992759             3.06818963929e-07        
0.601255515696            2.88606612406e-07        
0.73152687819             3.21129828441e-07        
0.91746172828             2.77673243438e-07        
1.15491845104             4.98597150566e-07        
1.45395562333             4.66637992259e-07        
1.83042168133             2.93323852781e-08        
2.30436436892             7.13804397441e-07        
2.90102286207             4.51208047835e-07        
3.65217140125             1.32351413553e-06        
4.59781138526             4.72986980067e-07        
5.78830159154             3.33483584551e-07        
7.28703996472             -5.68990409921e-07       
