k                         CCL lin error            
6.35079611582e-06         -1.0405617632e-05        
7.99517861532e-06         -8.39175828524e-06       
1.00653335307e-05         -5.13836102479e-06       
1.26715041599e-05         -1.85800011975e-07       
1.59524785926e-05         1.51370914467e-07        
2.00829806813e-05         1.53835669974e-07        
2.52829747243e-05         1.52151285335e-07        
3.18293793662e-05         1.5203862693e-07         
4.00708145257e-05         1.52274636265e-07        
5.04461666777e-05         1.53113652006e-07        
6.35079611582e-05         1.5283810886e-07         
7.99517861532e-05         1.52788448072e-07        
0.000100653335307         1.52900872979e-07        
0.000126715041599         1.52922138741e-07        
0.000159524785926         1.53007615973e-07        
0.000200829806813         1.53065875954e-07        
0.000252829747243         1.52950042786e-07        
0.000318293793662         1.52757839685e-07        
0.000400708145257         1.52685285218e-07        
0.000504461666777         1.52838533085e-07        
0.000635079611582         1.53303808934e-07        
0.000799517861532         1.53596847864e-07        
0.00100653335307          1.53445751961e-07        
0.00126715041599          1.52917417731e-07        
0.00159524785926          1.52372446893e-07        
0.00200829806813          1.52468143906e-07        
0.00252829747243          1.53465893312e-07        
0.00318293793662          1.30290932373e-07        
0.00400708145257          5.06447659702e-06        
0.00504461666777          1.79333504627e-07        
0.00635079611582          1.21550605156e-07        
0.00799517861532          1.50094549632e-07        
0.0100653335307           -3.7154614754e-07        
0.0126715041384           1.23196994765e-06        
0.0159524543448           7.53300366371e-07        
0.020078363656            4.159424939e-07          
0.0250796017848           3.91677061799e-07        
0.0296722360204           2.86553882988e-07        
0.0329596268725           5.14876477688e-07        
0.0356075440709           1.46871047825e-06        
0.0379425799821           2.11945536836e-06        
0.0401049203393           1.48049574667e-07        
0.0421664767927           5.48441271552e-07        
0.0441694159109           -6.54499299714e-08       
0.0461409767526           -8.96186538353e-08       
0.0481001052954           1.16225442192e-07        
0.0500607843371           -4.41361439399e-07       
0.0520338559759           6.10632625844e-07        
0.0540280886227           1.71897604655e-07        
0.0560508362045           1.25935806316e-06        
0.0581084636009           -5.43043212114e-08       
0.0602066312519           4.39408535497e-07        
0.0623504912906           8.30052143444e-07        
0.0645448260534           1.96391634203e-06        
0.0667941478611           3.04960580879e-06        
0.069102772039            1.67227986719e-06        
0.0714748709883           1.3119916896e-06         
0.0739145145527           -1.2917219241e-06        
0.0764257002974           -1.33871519986e-06       
0.0790123762651           -1.06562093215e-06       
0.081678458085            9.22343063127e-07        
0.0844278418498           -6.04603049529e-08       
0.0872644138739           -1.7046224069e-06        
0.0901920582414           -4.48804468606e-06       
0.0932146629191           -5.28189156061e-06       
0.0963361251221           -1.26068690535e-06       
0.099560356566            1.12570363581e-06        
0.1028912892              3.73665788034e-07        
0.106332882003            5.26387782043e-06        
0.109889129392            7.71394993944e-06        
0.113564071812            1.13301088264e-05        
0.117361809043            -2.56368346794e-06       
0.121286516768            9.27317782388e-08        
0.125342466947            8.22164184463e-08        
0.129534052558            -4.24974067284e-06       
0.133865817255            -8.97185594362e-06       
0.138342490559            -1.32699871766e-06       
0.142969029234            7.3891475592e-06         
0.147750665602            4.72441735387e-06        
0.152692963654            -7.22299682755e-07       
0.15780188403             1.74659666374e-06        
0.163083859158            -1.12531022725e-05       
0.168545880209            -2.43890006253e-05       
0.174195597957            -1.32468718135e-05       
0.180041440239            -1.65689289333e-06       
0.186092749508            9.81447354092e-08        
0.192359945016            1.17867691726e-05        
0.198854715558            6.68071077966e-07        
0.205590250576            -2.19682202741e-05       
0.212581519963            -9.67777137329e-06       
0.219845616366            -5.98957599259e-07       
0.227402178569            1.23292949607e-05        
0.235273921335            2.08957623967e-05        
0.243487306691            -2.46731110058e-06       
0.252073405678            -1.41012213938e-07       
0.261069020324            -5.20216159469e-06       
0.270518166894            1.81349653447e-05        
0.2804740697              -6.76387137863e-07       
0.291001891013            -1.74310844817e-05       
0.302182546208            -2.75680561532e-06       
0.31411815981             1.90377861081e-05        
0.326940074716            -8.76953797882e-07       
0.340820966079            -6.79931774506e-06       
0.355993806556            8.28975644823e-06        
0.372782774328            -3.52011475253e-06       
0.391656053153            1.08561475444e-06        
0.413321178387            1.46065246216e-06        
0.43890883013             -8.22319704907e-07       
0.470354771411            -1.54766362682e-07       
0.511258825763            -1.96874914829e-06       
0.568918245232            -1.83257944561e-06       
0.658522158553            5.54579805121e-08        
0.803150653282            1.00614417141e-06        
1.00783415684             -1.38801633316e-06       
1.26870310555             -1.11248678848e-06       
1.59720212883             -2.68213304094e-07       
2.01075834739             2.15549490213e-07        
2.5313947805              -3.75412714492e-07       
3.18683721646             -3.48792717102e-07       
4.01199035505             -9.56798027387e-08       
5.05079660985             -2.84722694281e-07       
6.35857620194             1.82368036012e-09        
8.00497316345             6.15153345256e-07        
