k                         CCL lin error            
6.81591026295e-06         -8.92243084098e-06       
8.58072263454e-06         -7.66987636575e-06       
1.08024897762e-05         -5.16613752984e-06       
1.35995288899e-05         -1.71730197955e-07       
1.71207925079e-05         1.43750934326e-07        
2.15538007582e-05         1.47566053069e-07        
2.71346274953e-05         1.46264448157e-07        
3.41604720934e-05         1.46455145003e-07        
4.30054863973e-05         1.45964647161e-07        
5.41406996721e-05         1.45387191414e-07        
6.81591026295e-05         1.45971295362e-07        
8.58072263454e-05         1.45814567828e-07        
0.000108024897762         1.45919611673e-07        
0.000135995288899         1.45933432936e-07        
0.000171207925079         1.46013907385e-07        
0.000215538007582         1.46172022831e-07        
0.000271346274953         1.46141025409e-07        
0.000341604720934         1.45908700061e-07        
0.000430054863973         1.45928518943e-07        
0.000541406996721         1.46154197121e-07        
0.000681591026295         1.46572604707e-07        
0.000858072263454         1.46205053003e-07        
0.00108024897762          1.45597482047e-07        
0.00135995288899          1.46095932886e-07        
0.00171207925079          1.46534374739e-07        
0.00215538007582          1.4666895354e-07         
0.00271346274953          1.4601034264e-07         
0.00341604720934          1.25291317505e-07        
0.00430054863973          2.44487303847e-06        
0.00541406996721          1.84606303571e-07        
0.00681591026295          1.67912675602e-07        
0.00858072263454          1.11858156191e-07        
0.0108024897761           7.14691201891e-07        
0.0135995287439           1.35857147157e-06        
0.0171206895517           2.18388624942e-07        
0.0215404070765           3.08616442503e-07        
0.0267132327607           -2.59721216247e-06       
0.0310079274669           -3.04266068188e-07       
0.0341351427355           -6.75874795497e-07       
0.0367246329489           1.35536773085e-06        
0.0390417247436           1.96620716049e-06        
0.0412055453756           -5.01446256598e-08       
0.0432794980931           -1.97173681394e-07       
0.0453017511075           1.33642572719e-07        
0.0472974507276           -2.22917012352e-07       
0.049284361218            3.40984462155e-07        
0.051275761998            4.68552450741e-07        
0.0532820619436           1.56777593478e-06        
0.0553117579978           2.01679577306e-07        
0.0573720342174           7.52105116685e-07        
0.059469152027            2.03404240443e-06        
0.0616087133208           -6.38760222002e-07       
0.0637958429389           3.26242734503e-06        
0.06603531821             1.97268274766e-06        
0.0683316626641           2.00160924145e-07        
0.070689214834            1.36571179859e-06        
0.0731121793198           4.81397445321e-07        
0.0756046649663           1.92590876248e-06        
0.0781707135198           -1.01426988751e-06       
0.0808143211689           1.15923751554e-07        
0.0835394547401           -1.00181260486e-06       
0.0863500638995           -2.85785850783e-06       
0.0892500904282           -9.15255857872e-07       
0.0922434754594           -6.77023491159e-07       
0.095334165433            -2.5018821938e-06        
0.0985261174551           -1.17178142384e-06       
0.10182330469             3.08618445151e-06        
0.105229722388            3.45453369103e-06        
0.108749395121            3.42389917502e-06        
0.112386385807            6.55669481128e-08        
0.11614480707             -3.98103134505e-07       
0.120028835494            1.38236183767e-08        
0.124042729324            -6.70373550684e-06       
0.128190850159            -3.67020035099e-06       
0.132477689215            -4.52956830361e-06       
0.136907898719            2.34713420334e-06        
0.141486329078            1.72194916705e-06        
0.146218072496            6.18044051722e-06        
0.151108513825            1.00540791084e-05        
0.156163389581            1.45204811786e-06        
0.161388856239            -1.63913456587e-06       
0.166791569214            -7.04819009451e-07       
0.172378774302            -4.9057557523e-06        
0.178158413819            -8.66044835582e-07       
0.184139250378            6.83861092977e-06        
0.190331012043            2.23262521228e-06        
0.196744563808            2.4604432459e-07         
0.203392111787            -1.53497729156e-06       
0.210287448635            -1.1503120212e-05        
0.217446251391            -4.80704003216e-06       
0.224886446817            2.42940455628e-06        
0.232628664535            1.12408201472e-06        
0.24069680576             -1.18583657611e-06       
0.249118766113            -8.78588794167e-06       
0.257927366627            -7.9298733703e-07        
0.267161570245            2.96990091111e-06        
0.276868096336            3.77909923669e-06        
0.287103600331            -2.35852119019e-08       
0.297937672325            -5.88491165e-06          
0.309457050212            2.00835556349e-07        
0.321771681422            5.69006569473e-06        
0.335023682799            -1.60716792838e-07       
0.349401000216            -1.63303559531e-06       
0.365158991369            1.18727259929e-06        
0.382655980081            1.9669412289e-07         
0.402414767539            8.77703169852e-07        
0.425235380327            -1.37752192436e-06       
0.452416229635            2.662270515e-07          
0.486222685745            1.60359249815e-07        
0.530959439208            -9.91932006699e-07       
0.595501112583            -3.70394647691e-06       
0.697863228982            1.37870197167e-07        
0.860211750465            -5.2745647621e-07        
1.0813700784              -9.45497948975e-07       
1.36133615137             1.64352677714e-06        
1.71382057736             -4.90583213243e-08       
2.15757227604             -1.98359960167e-08       
2.7162225661              3.74310151732e-09        
3.41952161255             -5.12701274247e-08       
4.30492265421             -1.01730087939e-06       
5.4195765252              1.16683595179e-06        
6.82284260874             -1.54396457153e-07       
8.58944994081             2.81739566524e-07        
