k                         CCL lin error            
5.54167234235e-06         -1.29679787165e-05       
6.97655213562e-06         -1.03766547387e-05       
8.78295877023e-06         -6.33546956856e-06       
1.10570899866e-05         -8.65732751861e-08       
1.39200515646e-05         4.36756076796e-07        
1.75243066482e-05         3.39082859535e-07        
2.20617949635e-05         3.3508370074e-07         
2.77741543093e-05         3.34784083651e-07        
3.49655886511e-05         3.35175402577e-07        
4.40190680912e-05         3.41781695582e-07        
5.54167234235e-05         3.35115520476e-07        
6.97655213562e-05         3.35131221566e-07        
8.78295877023e-05         3.35168577491e-07        
0.000110570899866         3.35123283484e-07        
0.000139200515646         3.35088188845e-07        
0.000175243066482         3.3560985038e-07         
0.000220617949635         3.34928251737e-07        
0.000277741543093         3.34795742333e-07        
0.000349655886511         3.34664118733e-07        
0.000440190680912         3.34540229335e-07        
0.000554167234235         3.34458509585e-07        
0.000697655213562         3.3390732131e-07         
0.000878295877023         3.32181119003e-07        
0.00110570899866          3.30547497181e-07        
0.00139200515646          3.30590137025e-07        
0.00175243066482          3.29884930984e-07        
0.00220617949635          3.29470532201e-07        
0.00277741543093          3.29262918204e-07        
0.00349655886511          -2.8159046139e-07        
0.00440190680912          4.80707673359e-07        
0.00554167234235          3.41094518218e-07        
0.00697655213562          3.18833794212e-07        
0.00878295877023          -1.9296349852e-07        
0.0110570899765           -2.85221996334e-07       
0.0139200383222           3.99450359621e-07        
0.0175214415152           -7.70292668164e-07       
0.021921029958            2.57106820277e-06        
0.0260971225664           5.94378986672e-07        
0.0290859055534           6.84495235939e-07        
0.0314697400505           8.1013060492e-07         
0.0335609596089           -6.58220075433e-08       
0.0354918092701           5.92979020017e-07        
0.0373292775659           -2.3339958315e-07        
0.0391122935076           1.19034623025e-07        
0.0408658379374           1.93144355639e-07        
0.0426071958189           -2.64116199895e-08       
0.0443490697625           3.51032140999e-07        
0.0461012738292           4.09199989093e-08        
0.0478717204986           -4.46877960104e-07       
0.0496670280899           1.03417767488e-06        
0.0514929115522           1.05336316525e-06        
0.0533544432189           -1.79458065686e-09       
0.0552562321191           3.67706911514e-06        
0.0572025503855           -3.43170611181e-07       
0.0591974241897           6.19688570026e-06        
0.0612447002156           9.30122930533e-07        
0.0633480948438           4.5998726736e-07         
0.0655112308516           9.00206962122e-08        
0.0677376649338           -9.51774446805e-07       
0.0700309083849           -1.63588275455e-06       
0.0723944426481           -4.02659184442e-07       
0.0748317310162           9.67199985839e-08        
0.0773462274905           4.43499802688e-07        
0.0799413836163           -1.10334330266e-06       
0.0826206539932           -7.1710869109e-08        
0.0853875010745           1.43744820049e-06        
0.0882453998227           4.12700650558e-06        
0.0911978427528           2.71562003754e-06        
0.0942483458764           7.40786486016e-07        
0.0974004560471           5.00528228207e-07        
0.100657760198            -4.27671845489e-07       
0.104023896959            -3.81383986688e-06       
0.107502571134            -7.21796329212e-06       
0.111097571528            -5.38930638312e-06       
0.1148127926              -2.26650296019e-06       
0.118652260462            3.97468983997e-07        
0.122620163742            3.21481048765e-06        
0.126720889897            4.48345116715e-06        
0.130959067636            4.11527510755e-06        
0.135339616206            1.52703265127e-06        
0.139867802478            -5.19660988821e-06       
0.144549306956            -3.45706013726e-06       
0.149390300168            2.65571533264e-07        
0.154397531233            9.65993857331e-07        
0.159578430988            8.47676909268e-06        
0.164941232679            1.14793730642e-05        
0.170495114192            -1.84776481153e-06       
0.176250366964            -4.61775080136e-06       
0.182218598376            5.33033047834e-07        
0.188412976591            -1.07589305969e-07       
0.194848529827            1.13687704996e-05        
0.201542516204            3.60308375303e-06        
0.208514886136            1.40176392581e-06        
0.215788867575            -1.13082648294e-07       
0.223391716522            1.45697782381e-06        
0.231355693028            3.55213965392e-06        
0.239719349865            1.45188647274e-06        
0.248529262403            3.11389518123e-08        
0.257842393554            -1.30012086652e-06       
0.267729393241            2.8212112688e-07         
0.27827930793             1.7863534885e-06         
0.289606478916            -3.8476576673e-07        
0.301860949782            1.12477683349e-06        
0.31524471278             -3.11782490307e-08       
0.330038096096            -1.8632917796e-07        
0.346644661394            6.27567506231e-07        
0.365671898327            -3.09049570955e-07       
0.388085918804            2.1830315909e-08         
0.415530934165            9.33638265363e-08        
0.45104349469             3.38308308319e-07        
0.500741476211            2.73545682516e-07        
0.577411233817            4.12288133664e-07        
0.701527004366            1.65399675613e-07        
0.879539431507            5.25722314433e-07        
1.1071682097              4.44774469333e-07        
1.39384154936             1.5394370021e-07         
1.75474254589             4.04364310374e-07        
2.20908998217             1.9448632832e-07         
2.7810795155              5.95707284177e-07        
3.50117167428             3.64753842011e-07        
4.4077139918              3.3826242951e-07         
5.5489831522              -2.60771993594e-08       
6.98575589993             1.7714048697e-06         
8.79454562301             1.952349249e-08          
