k                         CCL lin error            
7.0742258635e-06          -9.36648955148e-06       
8.90592270834e-06         -7.69591999203e-06       
1.1211892413e-05          -4.8693320014e-06        
1.4114936273e-05          -2.59950475041e-07       
1.776965196e-05           5.40896742398e-08        
2.23706664111e-05         5.41446558203e-08        
2.81630004237e-05         5.42688159137e-08        
3.54551169058e-05         5.47496803214e-08        
4.46353476509e-05         5.48636635791e-08        
5.6192573422e-05          5.48142410393e-08        
7.0742258635e-05          5.48258827427e-08        
8.90592270834e-05         5.47983413706e-08        
0.00011211892413          5.44152381039e-08        
0.00014114936273          5.50016855786e-08        
0.0001776965196           5.49447450565e-08        
0.000223706664111         5.48124353387e-08        
0.000281630004237         5.48795565699e-08        
0.000354551169058         5.51389730535e-08        
0.000446353476509         5.50956956272e-08        
0.00056192573422          5.48063814787e-08        
0.00070742258635          5.49243644493e-08        
0.000890592270834         5.59102826557e-08        
0.0011211892413           5.53509794944e-08        
0.0014114936273           5.46896022687e-08        
0.001776965196            5.51383147138e-08        
0.00223706664111          5.61299689702e-08        
0.00281630004237          5.62668121922e-08        
0.00354551169058          -9.23259697231e-08       
0.00446353476509          -2.69019411702e-07       
0.0056192573422           1.38748274187e-07        
0.0070742258635           3.36559404779e-07        
0.00890592270834          1.77915452302e-08        
0.011211892413            5.79339527282e-08        
0.014114936198            3.9135528632e-07         
0.0177695886252           7.36566472973e-07        
0.0223611317415           2.73838914282e-07        
0.0278209429107           -2.60101970758e-08       
0.0325307617015           2.9310999043e-07         
0.0359290878126           3.08346172428e-07        
0.0387142732584           -1.29796575462e-06       
0.0411929609365           -1.79078371974e-06       
0.0435004001223           1.81783818255e-06        
0.0457075736798           2.95911638719e-06        
0.0478567869771           -1.44464991675e-07       
0.0499757030251           1.57131702758e-06        
0.052083747808            2.16846496531e-07        
0.0541953716544           -3.53770386329e-07       
0.0563218540448           4.10886772963e-07        
0.0584723695436           -3.36289122868e-06       
0.060654650993            -2.92782943693e-06       
0.0628754200028           -1.03001778011e-06       
0.065140676315            -3.25145644534e-07       
0.0674558980023           5.19589490224e-07        
0.0698261833062           2.12350704488e-06        
0.0722563530805           1.0452341527e-06         
0.0747510259091           2.04347405859e-06        
0.0773146738111           1.17541394294e-06        
0.0799516638639           5.1252033225e-06         
0.0826662894395           -5.06034813079e-06       
0.0854627936821           1.76859399496e-06        
0.0883453871605           2.30962316277e-07        
0.0913182611601           -1.59073264983e-06       
0.094385597776            -2.34640290146e-06       
0.0975515777577           -4.25604671807e-06       
0.100820386924            -1.90994462823e-06       
0.104196221878            1.63727414444e-06        
0.107683295698            -4.80368039887e-07       
0.111285844239            3.94687073456e-06        
0.115008133664            7.73085653542e-06        
0.118854469811            1.27108880546e-05        
0.122829209983            3.60358008752e-06        
0.126936777754            -6.55572795764e-07       
0.131181681376            -5.20671576656e-06       
0.135568536367            -8.63305401992e-06       
0.14010209288             -1.01196212317e-05       
0.144787268474            -5.77448081121e-06       
0.149629186925            -2.6938218583e-06        
0.15463322382             2.28724323131e-06        
0.159805059738            1.59320658464e-05        
0.16515074198             2.31612712823e-05        
0.170676756037            9.27977917759e-06        
0.176390108229            4.01145632251e-07        
0.182298421358            1.13572566458e-06        
0.188410045713            -9.55781144766e-06       
0.194734188448            -6.55204775709e-06       
0.201281065221            2.19238082959e-05        
0.20806207919             1.34824730479e-05        
0.215090034003            2.37867095622e-06        
0.22237938954             -1.11851892865e-05       
0.229946572003            -3.40146290978e-05       
0.237810353878            -1.49325064484e-05       
0.245992324694            2.6363401023e-06         
0.254517481206            8.70627308764e-06        
0.263414976544            -5.87986392148e-07       
0.272719083877            -1.85798659894e-05       
0.282470453828            -1.21867011048e-06       
0.292717780708            2.27174140717e-05        
0.303520048192            1.54393684433e-05        
0.31494961298             -1.73815890762e-05       
0.327096528332            -1.37142384385e-05       
0.340074749877            2.51567652631e-05        
0.354031283575            -7.54583212168e-07       
0.369160088578            -1.64390587547e-05       
0.385723964842            1.50629195747e-05        
0.404090456876            -2.34814486916e-06       
0.424793659915            -1.89412165999e-06       
0.448646842865            -5.90568186488e-07       
0.47696185061             -7.81871928281e-07       
0.512010447152            -1.18887091557e-06       
0.558073180905            -1.5246486072e-06        
0.623920753143            -8.53788160476e-07       
0.727577550477            -4.34200071179e-08       
0.893359442339            6.28179150156e-07        
1.12241563336             6.34659611916e-07        
1.41299088378             -1.82171789369e-06       
1.77884993857             1.84304024143e-06        
2.23943939132             -2.08906088523e-06       
2.81928715791             -1.57452205204e-06       
3.54927224623             -1.03627205958e-06       
4.46826902416             1.7478749996e-06         
5.62521742125             -2.64515658366e-07       
7.08172915848             -1.96029803356e-08       
8.91536879705             2.77992084241e-07        
