k                         CCL lin error            
7.93887469841e-06         -6.00553745221e-06       
9.99445109889e-06         -4.84318029616e-06       
1.25822684653e-05         -2.98037142233e-06       
1.5840137509e-05          -7.72789727016e-08       
1.99415516364e-05         1.20985546568e-07        
2.51049261057e-05         1.21525976972e-07        
3.16052294357e-05         1.21921483393e-07        
3.97886264821e-05         1.21960447543e-07        
5.00909129787e-05         1.22183498496e-07        
6.30607232489e-05         1.2212373869e-07         
7.93887469841e-05         1.21808951805e-07        
9.99445109889e-05         1.21897814097e-07        
0.000125822684653         1.21900054208e-07        
0.00015840137509          1.21935611418e-07        
0.000199415516364         1.21845969969e-07        
0.000251049261057         1.2198785642e-07         
0.000316052294357         1.21960308432e-07        
0.000397886264821         1.21869147563e-07        
0.000500909129787         1.22109882865e-07        
0.000630607232489         1.21994110467e-07        
0.000793887469841         1.22185460494e-07        
0.000999445109889         1.22213273306e-07        
0.00125822684653          1.21752694203e-07        
0.0015840137509           1.22397816348e-07        
0.00199415516364          1.22496903513e-07        
0.00251049261057          1.21711647402e-07        
0.00316052294357          1.23742498638e-07        
0.00397886264821          -2.34800906629e-07       
0.00500909129787          -4.78910439864e-08       
0.00630607232489          3.10120048132e-07        
0.00793887469841          1.18087012742e-06        
0.00999445109889          1.4757808306e-07         
0.0125822684652           -1.70444686507e-06       
0.0158401371023           6.90103247272e-08        
0.0199413224903           2.64962427881e-07        
0.0250801016617           1.25117710982e-07        
0.0309459102777           3.29428822485e-07        
0.0356017342605           -3.36997514361e-07       
0.0390421161657           3.48298889944e-07        
0.0419262752347           6.48349713198e-07        
0.0445240062865           -2.42065269227e-07       
0.0469592447855           2.92420002518e-08        
0.0492991064369           2.34698062511e-07        
0.0515845001199           -1.12523690744e-06       
0.053842632541            -1.40781140694e-07       
0.0560928680283           -6.22447062976e-08       
0.0583497722118           7.01346256189e-08        
0.0606248225523           1.85131083623e-07        
0.0629274310392           5.79429850255e-07        
0.0652655868243           -1.87206884051e-07       
0.0676462767747           2.12973804905e-08        
0.0700757700652           2.57192036256e-07        
0.0725598161715           -1.58695514496e-07       
0.0751037857845           -1.94572064272e-07       
0.0777127729538           6.23194982915e-07        
0.0803916701942           1.11974683881e-06        
0.0831452242889           9.05878218047e-07        
0.0859780780379           4.74466466337e-07        
0.088894801604            6.74417963979e-07        
0.0918999160757           -4.28951716163e-07       
0.0949979111856           -8.71378947272e-07       
0.0981932586653           1.29377804907e-07        
0.101490422421            1.66534888702e-07        
0.104893866505            -1.07623984194e-06       
0.108408061745            -6.50447854264e-07       
0.112037491775            2.92076764295e-07        
0.115786659195            2.98476623252e-07        
0.119660092531            2.80314599571e-07        
0.123662354647            1.57025350237e-06        
0.127798053245            2.30310024562e-06        
0.132071854103            1.77461825009e-06        
0.136488497663            -3.74537777697e-07       
0.141052819589            -4.07124053691e-07       
0.145769775939            -1.29282162587e-06       
0.150644473578            -2.75219078431e-06       
0.155682206493            -8.51069533394e-08       
0.160888498739            4.09103724242e-07        
0.166269154782            3.68367017192e-07        
0.171830318162            2.90399601902e-06        
0.17757853954             2.65786892379e-06        
0.183520855427            -1.91130625342e-06       
0.189664879245            -1.60371348631e-06       
0.196018906762            -4.35471566257e-07       
0.202592038551            2.62187175372e-07        
0.209394322869            2.85832376978e-06        
0.216436923368            6.42101977355e-06        
0.223732317383            3.64057963944e-07        
0.231294532328            -5.64853326763e-08       
0.239139430124            -4.67737759549e-06       
0.247285052835            -3.04162952705e-06       
0.255752047185            1.8779462386e-06         
0.264564191834            -5.75080206794e-06       
0.273749060151            1.34579622602e-06        
0.28333886388             -3.36104242316e-06       
0.293371541632            -4.36828613732e-07       
0.303892183792            3.2442012744e-06         
0.314954927382            4.9138896872e-06         
0.326625519801            -9.19359815208e-07       
0.338984854477            -5.710773098e-06         
0.352133952187            -3.40431797107e-07       
0.366201150283            2.10937242657e-06        
0.381352766804            -4.91997329128e-06       
0.397809424679            -3.20557530229e-07       
0.415871967201            1.95757203426e-06        
0.435964387322            -2.51443080024e-06       
0.458708585299            1.35476171165e-06        
0.485062457058            1.32356864893e-07        
0.516593195196            1.09416190622e-06        
0.556062019521            1.3170119728e-07         
0.608773117766            4.38085808993e-07        
0.685737221589            5.70648365437e-07        
0.808832694004            1.08228729172e-06        
1.00145647353             1.10828060919e-06        
1.25957604344             -1.13737501827e-06       
1.58569475383             -5.58432405566e-07       
1.99627137214             9.21256592432e-07        
2.5131567592              -2.2519713298e-07        
3.16387690798             1.20667018564e-06        
3.98308503924             -3.11438201113e-07       
5.01440697324             -3.63738805069e-08       
6.31276436369             -2.34112856088e-06       
7.94729947613             1.35174979094e-07        
