k                         CCL lin error            
7.9902899447e-06          -5.92924119637e-06       
1.0059179059e-05          -4.76520493952e-06       
1.26637561391e-05         -2.98274474879e-06       
1.59427244123e-05         -9.03993784983e-08       
2.00707008959e-05         1.09897137997e-07        
2.52675153904e-05         1.07966628266e-07        
3.18099172178e-05         1.07345055767e-07        
4.00463131326e-05         1.09205180842e-07        
5.04153212513e-05         1.08413933309e-07        
6.34691290671e-05         1.08750850697e-07        
7.9902899447e-05          1.08336575699e-07        
0.00010059179059          1.08541914789e-07        
0.000126637561391         1.08403274202e-07        
0.000159427244123         1.08492194985e-07        
0.000200707008959         1.08438031833e-07        
0.000252675153904         1.08605042932e-07        
0.000318099172178         1.08515692437e-07        
0.000400463131326         1.08489276747e-07        
0.000504153212513         1.08695429121e-07        
0.000634691290671         1.08519930128e-07        
0.00079902899447          1.0883595355e-07         
0.0010059179059           1.08893608938e-07        
0.00126637561391          1.08394685918e-07        
0.00159427244123          1.09397916091e-07        
0.00200707008959          1.08625334926e-07        
0.00252675153904          1.08794662744e-07        
0.00318099172178          1.09977218114e-07        
0.00400463131326          -2.94140489452e-07       
0.00504153212513          -1.70415638782e-07       
0.00634691290671          -1.71209758155e-07       
0.0079902899447           1.70619352167e-06        
0.010059179059            -4.39004709931e-07       
0.0126637561389           1.00154304713e-07        
0.0159427235801           5.92734532987e-07        
0.0200703109707           5.76879846791e-07        
0.0252311766975           -6.72739899469e-07       
0.0309742087275           -1.97608937757e-07       
0.0353855908213           1.25808576804e-07        
0.038690968193            8.76859565612e-08        
0.0414888410325           -5.91501200245e-07       
0.0440219256833           -3.38202269522e-07       
0.0464038607685           9.4750464744e-08         
0.0486970565658           2.36093251196e-07        
0.0509399412157           -4.81807693109e-07       
0.0531582693791           -3.74993376267e-08       
0.0553704853413           2.4188151816e-08         
0.0575905340302           8.98460818435e-08        
0.0598294519428           1.14979881188e-06        
0.0620963236789           -4.105465785e-07         
0.0643988857409           -3.12124241331e-09       
0.0667439231518           -3.30196215317e-07       
0.0691375386823           2.96034638879e-07        
0.071585340633            -9.8773743912e-07        
0.0740925767585           1.41853801371e-06        
0.0766642315046           1.6910581152e-06         
0.0793050975959           1.40451224351e-06        
0.0820198292706           3.97904780101e-07        
0.0848129821279           -2.64042495017e-07       
0.0876890430527           -4.9837610694e-07        
0.0906524527115           7.96620662038e-07        
0.0937076224692           -1.14802585727e-06       
0.0968589471476           -3.09937729898e-07       
0.100110814764            -1.86574630572e-07       
0.103467614199            -5.71410364795e-07       
0.106933741613            -2.2331736867e-07        
0.110513606361            4.1105493368e-07         
0.114211637102            1.11044638608e-06        
0.11803228875             -1.33753566773e-07       
0.121980050931            5.68024195314e-07        
0.126059458553            7.50995948943e-07        
0.130275105129            5.27947600237e-07        
0.134631659453            -5.27015536561e-07       
0.139133886252            2.86514857007e-07        
0.14378667143             -7.08978604441e-07       
0.148595052529            -7.30895969473e-08       
0.153564255069            1.11279636808e-06        
0.158699735472            1.5644935685e-06         
0.164007231351            2.41509219049e-07        
0.169492820077            3.70141213561e-07        
0.175162986681            6.40897244884e-07        
0.181024702424            -2.91384299506e-06       
0.187085515661            -2.17221808873e-06       
0.193353657074            -4.17696473515e-08       
0.199838161959            3.39977957672e-07        
0.206549012963            2.11301303946e-06        
0.213497307764            3.37860063818e-06        
0.220695457468            1.31744024183e-07        
0.228157423354            -3.71080187789e-07       
0.235899002004            -1.24829838132e-07       
0.243938172162            1.15748982703e-06        
0.252295521222            1.80081192847e-05        
0.260994775605            -5.96669077676e-07       
0.270063468244            1.81923047166e-07        
0.27953378941             -2.53979062619e-06       
0.289443686015            5.37724296933e-07        
0.299838302903            2.07306559534e-06        
0.310771902771            7.67636791018e-07        
0.322310468663            5.50486879329e-07        
0.334535300557            -7.0712899977e-07        
0.347548094392            1.05688792713e-07        
0.361478291765            2.04462380416e-07        
0.376494015143            -1.13278186517e-06       
0.392818865638            1.40127759989e-06        
0.410758698863            6.90011616623e-07        
0.430746191183            5.00527376006e-07        
0.453418884782            4.74281490208e-07        
0.479764304765            4.10362365057e-07        
0.511409377858            4.66790086113e-07        
0.551244765185            3.77692772011e-07        
0.604874148879            3.88068090791e-07        
0.683984715022            3.88164378722e-07        
0.811252985667            5.5525417152e-07         
1.00774191312             6.71650971016e-07        
1.2678622923              -1.78124352444e-07       
1.59613382867             1.88245066077e-07        
2.00941341399             -1.18743853085e-06       
2.52970160966             -1.1479220102e-06        
3.18470564066             6.68268905558e-07        
4.00930686011             -1.19972705304e-07       
5.04741828988             -1.66810765204e-06       
6.35432314908             -2.12191537231e-06       
7.99961888713             1.73532092104e-07        
