k                         CCL lin error            
9.6612327357e-06          -3.48539103744e-06       
1.21627714002e-05         -2.77376428427e-06       
1.53120219936e-05         -1.6341526233e-06        
1.92766935937e-05         1.30515150538e-07        
2.42679194205e-05         2.50608101333e-07        
3.05515004498e-05         2.51883107804e-07        
3.84620602847e-05         2.51948457344e-07        
4.84208650824e-05         2.51876187687e-07        
6.09582575132e-05         2.52040579007e-07        
7.67418994421e-05         2.52037317919e-07        
9.6612327357e-05          2.51923637643e-07        
0.000121627714002         2.52073262795e-07        
0.000153120219936         2.52020749125e-07        
0.000192766935937         2.52043666918e-07        
0.000242679194205         2.52002904291e-07        
0.000305515004498         2.52018925092e-07        
0.000384620602847         2.52103434587e-07        
0.000484208650824         2.51941096932e-07        
0.000609582575132         2.52152180723e-07        
0.000767418994421         2.5190445142e-07         
0.00096612327357          2.51303544891e-07        
0.00121627714002          2.52346850975e-07        
0.00153120219936          2.51464206489e-07        
0.00192766935937          2.51382746259e-07        
0.00242679194205          2.50671035614e-07        
0.00305515004498          2.51602499241e-07        
0.00384620602847          2.50657827777e-07        
0.00484208650824          2.51884970806e-07        
0.00609582575132          1.73042088617e-07        
0.00767418994421          3.06042317465e-07        
0.0096612327357           2.90824488449e-07        
0.0121627714002           2.450850262e-07          
0.0153120219931           1.73878595162e-06        
0.0192766921023           2.78399813624e-07        
0.0242672890632           2.10437651425e-07        
0.0304974993886           2.81525792281e-08        
0.0373184841432           2.53645107676e-07        
0.042474121803            5.53957220897e-07        
0.0463689376201           -2.85818469193e-08       
0.049682942535            2.49981205069e-07        
0.05269174376             2.20116626286e-07        
0.0555257609201           3.12792862672e-07        
0.0582571783813           2.45003947667e-07        
0.0609306928579           1.23084228358e-07        
0.0635763891008           2.58877981867e-07        
0.0662158868188           2.07564510077e-07        
0.0688655787769           -3.72519728014e-09       
0.0715384706321           2.09408467174e-07        
0.0742452905856           -1.22094866817e-07       
0.07699519162             1.97636900889e-07        
0.0797962137429           -1.64128794185e-07       
0.0826555983051           2.17751011367e-07        
0.0855800075448           1.10523157008e-07        
0.0885756813464           3.12519819955e-07        
0.091648551162            7.29583292129e-07        
0.0948043239382           1.24593410513e-07        
0.0980485445584           5.49704870862e-07        
0.101386642594            1.10412465136e-06        
0.104823967416            3.11849963618e-07        
0.108365814597            2.52237802086e-07        
0.112017445755            3.49127906695e-08        
0.11578410354             -4.44206332384e-07       
0.11967102307             -5.01304046445e-07       
0.123683440973            2.66934481662e-07        
0.127826602982            1.95999174757e-07        
0.132105770985            -3.81964747098e-07       
0.136526230347            8.91242514238e-07        
0.141093298291            5.4452548514e-07         
0.14581233411             4.44092111079e-07        
0.150688751957            2.50327316918e-06        
0.155728036944            1.92077459842e-06        
0.1609357653              1.56274564543e-07        
0.166317629312            2.92761851716e-07        
0.171879467779            -9.15123873544e-07       
0.177627302745            -2.77726466271e-06       
0.183567383291            -8.21370293611e-07       
0.189706237228            4.6048048938e-07         
0.196050731648            7.27444765623e-07        
0.202608143404            3.90760287978e-06        
0.209386240825            3.92938289247e-06        
0.216393378248            4.60644989012e-07        
0.223638605357            3.08114848424e-07        
0.231131793825            -2.87983538413e-06       
0.23888378451             -3.35345004559e-06       
0.246906559335            7.26022867634e-07        
0.255213443264            1.17652748467e-06        
0.263819343411            1.78101360906e-06        
0.272741034494            -1.93043569956e-07       
0.281997502833            -3.94260307213e-06       
0.291610365077            -6.4545651135e-08        
0.301604383386            9.8801326355e-07         
0.312008106536            7.4727195878e-06         
0.322854677354            1.98216364275e-06        
0.334182862706            -1.54850481381e-06       
0.346038385388            -7.50963195749e-06       
0.358475671914            -1.88561007909e-07       
0.371560182977            7.07104188083e-06        
0.385371575825            1.31738385928e-06        
0.400008079809            -6.50092799295e-06       
0.415592683743            3.99339024208e-08        
0.432282103038            7.70320900559e-06        
0.450280144667            -3.19408837901e-06       
0.469858278556            -1.98922513952e-07       
0.491388505355            3.53457885653e-06        
0.515398212261            -4.00057827121e-06       
0.542666548167            2.81324068804e-07        
0.574404306599            2.84586490485e-08        
0.61261425902             3.64477596261e-07        
0.660872100502            2.85955029658e-07        
0.726145238197            4.36377377532e-07        
0.82299606261             4.29860088669e-07        
0.979226253597            5.15421157746e-07        
1.2184109586              6.87739922376e-07        
1.53310766327             8.15318343843e-07        
1.93005919273             2.97161503935e-07        
2.42980054542             2.85909527012e-07        
3.05893765222             2.27774008942e-07        
3.85097434347             1.62691361426e-07        
4.84808946116             -1.06810828438e-07       
6.10338302131             6.00088469826e-07        
7.68370398344             -3.09870206456e-07       
9.67321020146             8.22559962348e-09        
