k                         CCL lin error            
8.02144068915e-06         -5.12024749984e-06       
1.00983955228e-05         -4.17406665126e-06       
1.2713126742e-05          -2.67091143067e-06       
1.60048783188e-05         -2.87212896783e-07       
2.01489480282e-05         -1.23691037732e-07       
2.53660226937e-05         -1.2366494798e-07        
3.19339305652e-05         -1.23531081767e-07       
4.0202436687e-05          -1.24409705327e-07       
5.06118691613e-05         -1.23845813699e-07       
6.37165682256e-05         -1.23461790495e-07       
8.02144068915e-05         -1.23860235787e-07       
0.000100983955228         -1.23877551174e-07       
0.00012713126742          -1.23838005995e-07       
0.000160048783188         -1.23844049817e-07       
0.000201489480282         -1.23822226314e-07       
0.000253660226937         -1.2364626247e-07        
0.000319339305652         -1.23614028425e-07       
0.00040202436687          -1.23349193014e-07       
0.000506118691613         -1.22751395691e-07       
0.000637165682256         -1.22551014909e-07       
0.000802144068915         -1.21698289956e-07       
0.00100983955228          -1.22363206225e-07       
0.0012713126742           -1.25731855126e-07       
0.00160048783188          -1.30157156926e-07       
0.00201489480282          -1.33008703743e-07       
0.00253660226937          -1.33758783241e-07       
0.00319339305652          -1.34448679488e-07       
0.0040202436687           -1.36481316143e-07       
0.00506118691613          -1.32518901326e-07       
0.00637165682256          3.91811728422e-06        
0.00802144068915          -9.32406980571e-08       
0.0100983955228           -9.93043034174e-08       
0.0127131267414           -1.8668433787e-07        
0.0160048767911           -1.08571356751e-07       
0.0201483370125           -1.50517407713e-07       
0.0253159921123           -4.7984969357e-07        
0.030920915027            -2.12720563047e-08       
0.0351240760047           -1.37631731921e-07       
0.0383135695059           -9.03318439903e-08       
0.0410348558095           -2.6485676013e-07        
0.0435091829266           -1.05973065563e-07       
0.0458418460737           -4.35782559792e-08       
0.0480913651183           -2.35315019014e-07       
0.0502940844559           -1.97586749545e-07       
0.0524745232483           -2.16757568386e-07       
0.0546503342163           -2.47870417383e-07       
0.0568349228851           -1.86035247973e-07       
0.059038938921            -2.17286407067e-07       
0.0612711771042           -1.31628138933e-07       
0.0635391482803           -1.84431134986e-07       
0.0658494556079           -1.82131514858e-07       
0.0682080506386           -7.78741658304e-08       
0.0706204123192           1.61397447071e-07        
0.0730916748827           -8.44913711303e-08       
0.0756267208354           -8.28573918124e-08       
0.0782302494877           3.9122892821e-08         
0.0809068279528           -1.01858970851e-07       
0.0836609293365           -2.22105566186e-07       
0.0864969614217           -1.18838206295e-09       
0.0894192882329           -3.77931978995e-07       
0.0924322462532           -6.11284760712e-07       
0.0955401566632           -4.28953560172e-07       
0.0987473346995           -1.85179814597e-08       
0.102058097052            -2.01353505012e-07       
0.105476768105            -7.39611726556e-08       
0.109007685739            4.73478612777e-07        
0.11265520739             2.42267685311e-07        
0.116423716994            -1.09983810245e-07       
0.120317633462            -1.13548731936e-07       
0.124341421297            -2.94376042221e-07       
0.128499603965            -7.07291746083e-07       
0.132796780625            -7.17118223102e-07       
0.13723764682             -2.25560254614e-07       
0.141827019735            -1.78480277596e-07       
0.146569868651            -2.72539696332e-07       
0.151471351231            4.81153109475e-07        
0.156536856358            1.21019331309e-06        
0.161772054281            -3.94920875057e-08       
0.167182954992            -2.76442869375e-07       
0.172775975893            -6.92846586732e-07       
0.17855802008             -8.26106087533e-07       
0.184536566878            -8.77801395404e-07       
0.190719776732            -2.72872959978e-08       
0.197116613117            2.11857575011e-07        
0.203736984932            3.37965727671e-07        
0.210591913854            2.09273495018e-07        
0.217693732512            -5.43833377513e-07       
0.22505632114             -1.9217112046e-07        
0.232695392855            3.50255192379e-07        
0.240628841013            9.74085900485e-08        
0.248877166742            6.02619758412e-07        
0.25746401115             -2.50695713949e-07       
0.266416825901            -1.71234568307e-07       
0.275767728945            -2.57262257714e-07       
0.285554611594            8.23875435317e-08        
0.29582259198             -2.93318723984e-07       
0.306625954087            -3.75229639862e-07       
0.318030780505            -6.97023585086e-08       
0.330118597542            1.79345347064e-07        
0.342991533441            -2.74668089883e-07       
0.356779800212            -1.97057782239e-07       
0.371652855391            9.41407787444e-09        
0.387836601052            -5.93027668469e-08       
0.40564089836             -2.35950996206e-07       
0.425505557543            -3.19524232549e-08       
0.448081279136            -2.11547336899e-07       
0.474381042988            -1.68493940698e-07       
0.506084088427            -1.26608000058e-07       
0.546196388438            -1.08463254366e-07       
0.600591459937            -2.25702642679e-07       
0.681557294548            -1.72569767232e-07       
0.812328545994            1.83750671629e-08        
1.01158896415             -1.37721520423e-07       
1.27294255019             -7.04461611454e-09       
1.60253344353             -6.54529358184e-09       
2.0174700631              -3.65505195101e-07       
2.53984432997             -1.4414839417e-07        
3.197474569               -2.78151800702e-07       
4.02538198848             4.1262052184e-08         
5.06765567748             -1.100432314e-08         
6.3798005106              -1.94343734544e-07       
8.03169298497             -6.84914935524e-07       
