k                         CCL lin error            
8.73060191409e-06         -4.33283650387e-06       
1.09911766099e-05         -3.43147634719e-06       
1.38370715397e-05         -2.10465878411e-06       
1.74198409862e-05         8.7102253124e-08         
2.19302804869e-05         2.54051813051e-07        
2.76085873927e-05         2.52835843846e-07        
3.47571522525e-05         2.53650267135e-07        
4.37566622122e-05         2.5557537369e-07         
5.50863739943e-05         2.52091716089e-07        
6.9349636065e-05          2.53423820477e-07        
8.73060191409e-05         2.52995408978e-07        
0.000109911766099         2.53443833629e-07        
0.000138370715397         2.53565563527e-07        
0.000174198409862         2.5346557841e-07         
0.000219302804869         2.53371520828e-07        
0.000276085873927         2.53526492013e-07        
0.000347571522525         2.53347270614e-07        
0.000437566622122         2.53596656366e-07        
0.000550863739943         2.53295583506e-07        
0.00069349636065          2.53556715657e-07        
0.000873060191409         2.53311193428e-07        
0.00109911766099          2.53721390711e-07        
0.00138370715397          2.52799129805e-07        
0.00174198409862          2.5256727503e-07         
0.00219302804869          2.52287949995e-07        
0.00276085873927          2.51976654638e-07        
0.00347571522525          2.52461742532e-07        
0.00437566622122          2.52572611992e-07        
0.00550863739943          1.76702943291e-07        
0.0069349636065           4.9085473593e-07         
0.00873060191409          2.4395740586e-07         
0.0109911766099           1.18886999172e-06        
0.013837071538            -1.22153865077e-08       
0.0174198373063           3.4708162227e-07         
0.0219290876012           -7.06644740727e-08       
0.0275264135009           1.10398465753e-07        
0.0333605585446           2.44681537014e-07        
0.0376284521363           1.08374212647e-06        
0.0409233884605           3.41692903298e-07        
0.0437630014822           3.48457620399e-07        
0.0463590986629           1.66827525742e-07        
0.0488146847911           -9.52948454157e-08       
0.0511879038545           2.80073232839e-07        
0.0535152779806           2.0189493416e-07         
0.0558216618012           2.26931457687e-07        
0.0581250758513           2.56438600143e-07        
0.0604392857076           3.02925846216e-07        
0.0627752822211           2.82408576516e-07        
0.06514218149             -1.83361996613e-07       
0.0675477981413           -1.89346221531e-07       
0.0699990247306           7.32965579029e-08        
0.0725020908783           7.94474578255e-08        
0.0750627449385           2.11708062657e-06        
0.0776863840991           2.70787450284e-07        
0.0803781491519           2.90747498269e-08        
0.0831429944341           3.03361553247e-07        
0.0859857399256           8.11572744083e-09        
0.0889111102813           3.68580279712e-07        
0.0919237641561           4.32518865645e-07        
0.095028316249            3.56891994483e-07        
0.0982293538855           7.71036619132e-08        
0.101531449542            9.14896124423e-07        
0.104939170452            -4.36473331619e-07       
0.108457086238            -1.18109411809e-08       
0.112089775426            2.41386381753e-07        
0.11584183158             1.44074234009e-07        
0.119717869794            1.19508455187e-06        
0.123722534201            5.98936897318e-07        
0.127860507189            3.07326027441e-07        
0.132136520957            4.28174200044e-07        
0.136555372068            -1.48262562722e-07       
0.141121939629            -7.0039495905e-07        
0.145841207747            -3.22775614338e-07       
0.150718292902            1.45619776364e-07        
0.155758476888            4.26106600978e-07        
0.160967246027            1.09791098643e-06        
0.166350337404            2.0287027302e-06         
0.171913792956            5.88701464987e-07        
0.177664022384            3.61678561132e-07        
0.18360787607             -5.7874429774e-08        
0.189752729409            -1.07059479568e-06       
0.19610658036             -1.02663088486e-06       
0.202678162495            4.59943180988e-07        
0.209477076455            2.32762360843e-07        
0.216513943605            1.06671205703e-06        
0.223800586783            8.9368055287e-07         
0.231350244528            -1.88381042773e-07       
0.239177827201            1.46655162714e-07        
0.247300226091            3.92641053881e-07        
0.255736690267            8.55693741212e-07        
0.264509291033            1.46676532875e-06        
0.273643500949            5.12363829268e-08        
0.283168924462            -1.94553772037e-07       
0.29312023181             -8.18375513156e-07       
0.303538369303            7.89988516283e-08        
0.314472151277            2.72508846983e-07        
0.325980388246            1.36282210676e-07        
0.338134782995            1.28514034739e-07        
0.35102395043             2.82316193113e-07        
0.364759122292            6.38765314455e-07        
0.379482448409            2.54469790735e-07        
0.395379426765            2.01928332561e-07        
0.412698138777            5.42206301296e-07        
0.431780174869            2.48720026599e-07        
0.453112628547            4.8908676789e-07         
0.477420236912            3.14194072495e-07        
0.505839117584            2.64652677455e-07        
0.540268881224            1.43454967175e-07        
0.584145131432            3.90839661893e-07        
0.644252204834            3.54098070864e-07        
0.73481749181             1.83729576756e-07        
0.881595149598            3.18118161004e-07        
1.10095178503             1.43215475046e-07        
1.38563611995             3.07070447772e-07        
1.74440909006             4.37659731249e-07        
2.19608092676             8.512112755e-08          
2.76470208506             1.61597001855e-07        
3.48055371092             6.59653016658e-07        
4.38175751379             2.46785280633e-07        
5.51630588244             6.17392040148e-07        
6.94461765463             9.87860133446e-07        
8.7427556406              -4.40637649354e-07       
