k                         CCL lin error            
5.19842301631e-06         -1.15287240925e-05       
6.5444268365e-06          -9.29727823074e-06       
8.23894525009e-06         -5.81399057406e-06       
1.03722175417e-05         -1.01996563215e-07       
1.30578482399e-05         2.84894813064e-07        
1.64388569726e-05         2.74522054338e-07        
2.06952947836e-05         2.80904980874e-07        
2.60538325077e-05         2.80399114133e-07        
3.27998318186e-05         2.80070824881e-07        
4.1292541779e-05          2.80281294632e-07        
5.19842301631e-05         2.80140186935e-07        
6.5444268365e-05          2.80159720052e-07        
8.23894525009e-05         2.80168828396e-07        
0.000103722175417         2.80203773087e-07        
0.000130578482399         2.80150118399e-07        
0.000164388569726         2.80146567028e-07        
0.000206952947836         2.80077505765e-07        
0.000260538325077         2.79911216664e-07        
0.000327998318186         2.79725979698e-07        
0.00041292541779          2.79551782332e-07        
0.000519842301631         2.79500653083e-07        
0.00065444268365          2.7919729569e-07         
0.000823894525009         2.77655700293e-07        
0.00103722175417          2.75587092806e-07        
0.00130578482399          2.75737889732e-07        
0.00164388569726          2.74822130265e-07        
0.00206952947836          2.74788024043e-07        
0.00260538325077          2.75515489704e-07        
0.00327998318186          3.59626395095e-07        
0.0041292541779           -4.30561769368e-07       
0.00519842301631          3.20035537704e-08        
0.0065444268365           2.78328388652e-07        
0.00823894525009          3.90717103797e-07        
0.0103722175405           1.51272664001e-06        
0.0130578456016           8.37770964632e-08        
0.0164379915429           -3.44321688887e-08       
0.0206350930363           3.20549944773e-07        
0.0250203406616           4.92676387551e-07        
0.0282320437178           5.16053967545e-07        
0.0307091582682           2.71771368778e-07        
0.0328427891329           3.54070586475e-07        
0.0347928578898           2.49616918969e-07        
0.0366370423859           4.34347203218e-08        
0.0384191520666           -1.17783742397e-07       
0.0401666876349           2.57045592576e-08        
0.0418983551657           2.75866051978e-07        
0.0436277118935           -2.99370867006e-07       
0.0453651105235           1.85170942372e-06        
0.0471188146214           -7.29890388538e-07       
0.0488956765217           2.6709864661e-07         
0.0507015690287           2.39814683645e-07        
0.0525416710485           7.55821787807e-07        
0.0544206626427           -6.9516295972e-07        
0.0563428617484           -9.64372768552e-06       
0.0583123220759           4.6654474414e-06         
0.0603329044147           -1.34239209096e-06       
0.0624083292528           -1.07284604212e-06       
0.0645422159703           3.32333050182e-07        
0.0667381122033           1.66985292892e-06        
0.0689995159029           -1.15739439932e-06       
0.07132989192             -2.01592074893e-06       
0.0737326844789           -1.50857135066e-06       
0.0762113265988           7.45007572631e-08        
0.0787692473171           2.94155581855e-07        
0.0814098774312           1.83819298846e-07        
0.0841366543885           1.39602755849e-06        
0.0869530268967           3.83300885981e-06        
0.0898624597894           5.48103957601e-06        
0.0928684396625           3.79297674119e-06        
0.0959744817782           7.75059287881e-07        
0.0991841387295           3.65662991159e-07        
0.102501011348            -1.48964551998e-07       
0.105928762333            -9.05547744436e-07       
0.109471133092            -3.90728909132e-06       
0.113131964253            -3.88764088011e-06       
0.11691522038             1.68811253782e-06        
0.12082501937             4.48389805994e-06        
0.124865667131            8.77748384091e-07        
0.129041698146            2.5528670407e-07         
0.133357922661            -1.42294571592e-08       
0.137819481373            -2.45269764263e-06       
0.142431908682            -9.17504315246e-06       
0.147201205858            -5.06491594517e-06       
0.152133925827            3.31315639122e-06        
0.157237271765            2.05719912719e-06        
0.162519212335            4.11984051307e-07        
0.167988617228            3.28875653387e-07        
0.173655417819            -7.73332493696e-06       
0.179530799208            -1.61211184201e-06       
0.185627431991            -1.33512946097e-06       
0.191959754788            2.77787695164e-06        
0.198544322446            4.01508805403e-07        
0.205400240068            -2.19773643921e-06       
0.212549710664            -4.47616640484e-06       
0.220018735089            2.33986011095e-07        
0.227838019037            1.41142987114e-06        
0.236044165927            -5.8870753293e-07        
0.244681271394            -2.483744866e-06         
0.253803092866            5.7947418493e-07         
0.263476060559            -3.36796620008e-07       
0.273783549784            6.85874205144e-07        
0.284832096679            -1.72968280755e-06       
0.296760703502            4.86894827744e-07        
0.30975523486             2.23624554877e-08        
0.32407155666             5.00569566091e-07        
0.340074425786            1.82750820677e-07        
0.358306380588            1.72869733574e-07        
0.379617577986            -2.71599531054e-07       
0.405428794165            3.50450698524e-07        
0.438308105491            2.41674308854e-07        
0.48332371198             1.95070650851e-07        
0.551103335355            3.64932534135e-07        
0.660938474538            1.94880794659e-07        
0.825272518562            1.63558058216e-07        
1.03866334897             1.51312666142e-07        
1.30759700634             3.00470349345e-07        
1.64616709549             2.29885161726e-07        
2.07240158857             3.13166556927e-07        
2.6089990233              6.81305857983e-07        
3.28453516977             2.21111707584e-07        
4.13498479116             2.32975333835e-07        
5.20563743097             -3.82763224185e-07       
6.55350924644             3.85736895482e-07        
