k                         CCL lin error            
4.80780215569e-06         -1.85825499868e-05       
6.05266430868e-06         -1.48371562778e-05       
7.61985290726e-06         -9.3679772907e-06        
9.59282645908e-06         -6.10243679898e-07       
1.20766530003e-05         1.03861503123e-11        
1.52036053515e-05         1.2612609512e-08         
1.91402051278e-05         2.03722312214e-11        
2.40960906224e-05         1.57392143254e-11        
3.03351808094e-05         1.59617883922e-11        
3.81897299923e-05         3.81009901368e-12        
4.80780215569e-05         9.29789612958e-12        
6.05266430868e-05         3.34207844602e-11        
7.61985290726e-05         1.23649293502e-10        
9.59282645908e-05         2.64525643397e-10        
0.000120766530003         3.93388005848e-10        
0.000152036053515         4.09324441483e-10        
0.000191402051278         2.58113562136e-10        
0.000240960906224         5.73602977931e-11        
0.000303351808094         5.82099908319e-12        
0.000381897299923         1.83055056318e-10        
0.000480780215569         7.02734288046e-10        
0.000605266430868         1.04258280322e-09        
0.000761985290726         1.29673377379e-09        
0.000959282645908         9.11904005299e-10        
0.00120766530003          3.09945393742e-10        
0.00152036053515          1.38872231214e-10        
0.00191402051278          1.37959684747e-11        
0.00240960906224          1.91482458255e-10        
0.00303351808094          3.43682946775e-09        
0.00381897299923          4.24573148973e-09        
0.00480780215569          1.22497908501e-08        
0.00605266430868          1.46695799201e-08        
0.00761985290726          9.94095816282e-09        
0.00959282645888          -3.63288558705e-09       
0.0120766523474           -2.67480289739e-06       
0.0152033022497           -1.53573345585e-07       
0.0191121678978           -3.92472086284e-06       
0.0234559573898           -5.26893849839e-07       
0.0267875474462           1.1508649505e-06         
0.0292856446174           -1.33458158855e-06       
0.0314011739756           -4.37436015722e-07       
0.0333169728681           9.02587012754e-07        
0.0351187257664           7.27404310604e-07        
0.0368535230626           4.94327422822e-09        
0.0385503744041           -2.36661854279e-08       
0.04022872956             -2.45420434812e-07       
0.0419025218065           -1.23559781062e-06       
0.043582288175            -3.04970389183e-06       
0.0452763698471           -1.41248572488e-06       
0.0469916340851           -8.64975840124e-07       
0.0487339300428           -1.07023659927e-07       
0.0505083882305           -1.32316948028e-06       
0.0523196238252           -4.91137249263e-06       
0.054171878494            1.49910075507e-07        
0.0560691215512           1.35650870661e-06        
0.0580151234118           2.2662689063e-06         
0.0600135096711           -3.35643035454e-06       
0.0620678013224           1.39686928522e-06        
0.0641814448615           1.00179743153e-06        
0.0663578348946           1.25512213726e-07        
0.0686003311343           -1.24545328485e-06       
0.0709122711801           -3.39446038454e-06       
0.073296980158            -7.07656886998e-06       
0.0757577780789           -5.42739836989e-06       
0.0782979856332           -3.97078674749e-06       
0.0809209290433           -2.57205673306e-07       
0.0836299445386           4.00825945868e-08        
0.0864283829771           1.71561884104e-06        
0.0893196151135           6.74302227778e-06        
0.0923070380005           8.21870472075e-06        
0.0953940829993           3.24441288343e-06        
0.098584225869            -5.70138039049e-06       
0.1018809994              -6.25611250896e-06       
0.105288009056            -3.04423031722e-06       
0.108808952093            -6.98209666653e-08       
0.112447640626            -4.81609532887e-07       
0.11620802915             5.07025276981e-06        
0.120094247045            1.39330485918e-05        
0.124110636655            1.56157682742e-05        
0.12826179763             1.0912704285e-05         
0.132552638349            -2.68271401735e-06       
0.136988435405            -4.42519837709e-06       
0.141574902403            -4.43853369789e-07       
0.146318269652            -4.76245945908e-06       
0.151225376746            5.0246466223e-06         
0.156303780662            2.43175609535e-05        
0.161561882726            1.11540897195e-05        
0.167009078861            -9.42011456091e-06       
0.172655938876            -4.02977970068e-06       
0.178514422409            -3.99775569776e-07       
0.184598141637            2.87384397761e-06        
0.190922684317            1.53664839996e-05        
0.197506015532            8.15335437254e-06        
0.204368983334            -1.2225046848e-05        
0.211535963312            -5.16446893832e-07       
0.21903569147             1.68714494836e-06        
0.22690235628             9.80207617944e-06        
0.235177053522            -1.40148099042e-06       
0.243909758543            -9.83050678391e-07       
0.253162052146            -3.34082137635e-06       
0.263010970498            -2.85544533344e-07       
0.273554576951            -4.97256744199e-06       
0.284920253314            -4.17086286098e-07       
0.297277438476            8.50286712768e-06        
0.310857938096            -6.01195096089e-07       
0.325989736564            7.19946031208e-08        
0.343156225821            4.42390435464e-08        
0.363106372296            -9.29996207412e-08       
0.387074516517            -2.25451739192e-07       
0.417254719303            3.34968210616e-08        
0.457902206148            8.56240536322e-08        
0.517893602503            1.04823229743e-07        
0.614428964944            5.90206207701e-08        
0.763362087972            -2.27564393635e-07       
0.960414635253            -1.90298799857e-07       
1.20908285346             2.66899654443e-07        
1.522145112               1.7457428953e-07         
1.91626716193             -4.4040270084e-06        
2.41243742595             -1.4897334639e-07        
3.03707877989             1.07718661052e-06        
3.82345565362             3.70634438128e-07        
4.81344548321             -9.83179737063e-08       
6.0597688371              1.77156533316e-07        
