k                         CCL lin error            
5.26435635826e-06         -1.42234278613e-05       
6.62743199616e-06         -1.18663842362e-05       
8.3434425549e-06          -7.18105024139e-06       
1.05037718542e-05         -4.71771762446e-07       
1.3223465307e-05          5.86598946499e-12        
1.66473565069e-05         -7.06093336489e-14       
2.09577801457e-05         1.08751958974e-11        
2.63842820003e-05         1.12172316921e-11        
3.32158430821e-05         2.16234217485e-11        
4.18162689302e-05         3.63118976835e-11        
5.26435635826e-05         6.17069744363e-11        
6.62743199616e-05         9.99959693825e-11        
8.3434425549e-05          7.05223758801e-10        
0.000105037718542         5.77832026779e-10        
0.00013223465307          2.98041981082e-10        
0.000166473565069         3.46994592015e-10        
0.000209577801457         3.91152522536e-10        
0.000263842820003         3.60145220493e-10        
0.000332158430821         3.203261349e-10          
0.000418162689302         3.74181193362e-10        
0.000526435635826         4.27492003838e-10        
0.000662743199616         3.16581336298e-10        
0.00083434425549          2.31549805204e-10        
0.00105037718542          1.29821978246e-10        
0.0013223465307           4.46488337604e-11        
0.00166473565069          9.06728321177e-12        
0.00209577801457          1.59934777766e-12        
0.00263842820003          2.09407408983e-11        
0.00332158430821          1.804209663e-10          
0.00418162689302          -9.87116854733e-09       
0.00526435635826          -3.91832262989e-09       
0.00662743199616          5.27913832688e-09        
0.0083434425549           -1.01064355244e-07       
0.0105037718519           8.81906834174e-08        
0.0132234609132           -4.19933032208e-08       
0.0166460942542           1.17020228685e-06        
0.020879106056            1.07064211485e-06        
0.025178945265            -2.46211174196e-09       
0.0282925454365           -4.50243302217e-07       
0.0307202554616           -4.20652083405e-07       
0.0328240529236           -1.13334201775e-07       
0.0347532898341           -1.13504816702e-07       
0.0365814978616           -2.03984201696e-07       
0.0383505510106           -1.93722851991e-07       
0.0400869216883           -1.04407845176e-06       
0.0418087153014           -6.86262036687e-08       
0.043529112062            -8.18029235141e-09       
0.0452582142633           2.23338554398e-08        
0.0470041113116           -4.13325284517e-07       
0.0487735296268           -3.36077142173e-07       
0.0505722478612           3.16222741852e-07        
0.0524053723663           2.11155971832e-07        
0.0542775257245           6.2702002895e-07         
0.0561929791393           4.99436603808e-07        
0.0581557473739           3.44521467312e-08        
0.0601696579815           -3.07374333108e-07       
0.0622384024379           6.99920552386e-07        
0.0643655742486           -9.61804672714e-07       
0.066554697508            -8.37320618096e-07       
0.0688092483574           -3.83849026157e-05       
0.071132671116            -2.24179378789e-07       
0.0735283904172           -1.18719460349e-06       
0.0759998203792           -3.23551377785e-07       
0.0785503716507           -2.06109543118e-08       
0.081183457034            3.94820841975e-07        
0.0839024963075           8.53172881272e-07        
0.0867109208117           2.23467684775e-07        
0.0896121783311           -4.97007546484e-08       
0.0926097387809           1.42656706254e-08        
0.095707101194            -4.05863263445e-07       
0.0989078024955           -2.64482821523e-06       
0.102215428547            -4.75367659229e-07       
0.105633627937            -2.34245604284e-06       
0.109166128993            1.06742207861e-06        
0.112816760505            4.52491740619e-08        
0.116589476638            3.79392786581e-07        
0.120488386577            6.78125315993e-07        
0.124517789443            1.15272596985e-06        
0.12868221513             -2.53708726472e-06       
0.132986471795            -2.41128150625e-06       
0.137435700872            -8.84400636694e-08       
0.142035440705            1.27743387697e-07        
0.146791700165            -2.26709454879e-07       
0.151711043967            1.35680334116e-06        
0.15680069192             1.46032856965e-06        
0.162068634983            -1.79620157125e-06       
0.167523771847            3.98550530744e-07        
0.173176070919            -4.10305491141e-08       
0.179036764106            -1.33020233858e-07       
0.185118580842            9.53660760374e-07        
0.191436033636            -2.69488511266e-06       
0.198005770265            3.49962830121e-06        
0.204847013218            -2.7397885541e-06        
0.211982114695            3.04672710997e-07        
0.219437266689            -7.51315155131e-07       
0.227243422151            2.12876357913e-06        
0.23543750799             -1.10979734747e-06       
0.244064048596            5.81043976119e-07        
0.253177378181            -1.10003088595e-06       
0.262844716141            2.08561167096e-08        
0.273150538777            1.21768397473e-06        
0.284202953001            5.31208821331e-08        
0.296143261088            1.73356785189e-07        
0.309160799495            7.74071940336e-08        
0.323516866582            5.39182302231e-08        
0.33958509126             -1.27561595284e-07       
0.357923265052            -9.65940454175e-08       
0.379409438956            3.51660559143e-08        
0.405519271006            -7.0116756918e-08        
0.438937926525            -7.57713717856e-08       
0.485000090438            -7.17008114108e-08       
0.554895888533            -2.62235606093e-07       
0.668269015465            -4.71484327196e-09       
0.835696388579            4.07839398805e-07        
1.05186560318             4.02726760213e-08        
1.32421861694             1.24891176558e-07        
1.66709246534             -1.13050684538e-07       
2.09874506842             -3.69532436478e-08       
2.64216349952             -2.65722380311e-09       
3.32628677166             -2.49382435973e-06       
4.18754694375             2.62572227586e-08        
5.27180926057             1.56804117895e-07        
6.63681464427             1.96307956775e-07        
