# Matter power spectrum P(k) at redshift z=1
# for k=1.141e-05 to 11.4217 h/Mpc,
# number of wavenumbers equal to 122
#    1:k (h/Mpc)              2:P (Mpc/h)^3        
       1.140997483013e-05       1.224630220282e+01 
       1.436430726158e-05       1.520947522030e+01 
       1.808359143443e-05       1.888962483708e+01 
       2.276589279330e-05       2.346020122382e+01 
       2.866056095967e-05       2.913662362032e+01 
       3.608150850840e-05       3.618638572722e+01 
       4.542392795710e-05       4.494163453947e+01 
       5.718533720870e-05       5.581472623868e+01 
       7.199207419405e-05       6.931749461700e+01 
       9.063265165066e-05       8.608502834183e+01 
       1.140997483013e-04       1.069049172592e+02 
       1.436430726158e-04       1.327530470899e+02 
       1.808359143443e-04       1.648369862629e+02 
       2.276589279330e-04       2.046478577621e+02 
       2.866056095967e-04       2.540209444617e+02 
       3.608150850840e-04       3.152039220358e+02 
       4.542392795710e-04       3.909291093474e+02 
       5.718533720870e-04       4.844822943772e+02 
       7.199207419405e-04       5.997561705692e+02 
       9.063265165066e-04       7.412729793208e+02 
       1.140997483013e-03       9.141575363249e+02 
       1.436430726158e-03       1.124021493795e+03 
       1.808359143443e-03       1.376659223748e+03 
       2.276589279330e-03       1.677430976321e+03 
       2.866056095967e-03       2.030293082088e+03 
       3.608150850840e-03       2.436472420351e+03 
       4.542392795710e-03       2.892611000545e+03 
       5.718533720870e-03       3.388515146240e+03 
       7.199207419405e-03       3.898787173422e+03 
       9.063265165066e-03       4.401420574286e+03 
       1.140997483013e-02       4.847428916812e+03 
       1.436430726158e-02       5.178711997795e+03 
       1.808359143440e-02       5.327396494889e+03 
       2.276589261614e-02       5.230437483499e+03 
       2.866042527516e-02       4.859720026564e+03 
       3.606263472188e-02       4.266916774419e+03 
       4.479302688626e-02       3.634685965452e+03 
       5.216846938203e-02       3.228166760004e+03 
       5.751471706676e-02       2.997320807869e+03 
       6.192105602138e-02       2.833816197606e+03 
       6.585414869137e-02       2.699770389907e+03 
       6.952180255145e-02       2.579557524618e+03 
       7.303391326153e-02       2.465779549703e+03 
       7.645633462985e-02       2.354864481483e+03 
       7.983230364159e-02       2.245185608342e+03 
       8.319228102165e-02       2.136547538629e+03 
       8.655898584181e-02       2.029557042078e+03 
       8.995019197534e-02       1.925233401383e+03 
       9.338038456484e-02       1.824996352565e+03 
       9.686179308424e-02       1.730150327272e+03 
       1.004050632241e-01       1.641905067820e+03 
       1.040197092437e-01       1.561100636520e+03 
       1.077144273507e-01       1.488103329398e+03 
       1.114973179674e-01       1.422704841226e+03 
       1.153760464049e-01       1.364180742119e+03 
       1.193579607569e-01       1.311295020137e+03 
       1.234501793675e-01       1.262396625348e+03 
       1.276596562075e-01       1.215660210520e+03 
       1.319932299430e-01       1.169317522695e+03 
       1.364576608174e-01       1.121932537532e+03 
       1.410596583816e-01       1.072658610375e+03 
       1.458059023809e-01       1.021417959059e+03 
       1.507030586244e-01       9.689631702187e+02 
       1.557577913431e-01       9.166916275844e+02 
       1.609767733315e-01       8.663043456425e+02 
       1.663666950303e-01       8.194147807988e+02 
       1.719342736209e-01       7.771037075532e+02 
       1.776862631475e-01       7.396260841862e+02 
       1.836294666499e-01       7.064326367738e+02 
       1.897707512655e-01       6.762212742493e+02 
       1.961170672477e-01       6.473209662961e+02 
       2.026754718373e-01       6.183248995435e+02 
       2.094531589173e-01       5.884438601569e+02 
       2.164574953868e-01       5.578095558987e+02 
       2.236960652038e-01       5.274189220203e+02 
       2.311767220799e-01       4.985551849325e+02 
       2.389076518784e-01       4.722510500908e+02 
       2.468974458664e-01       4.487910590697e+02 
       2.551551861407e-01       4.275028117443e+02 
       2.636905447765e-01       4.073592847204e+02 
       2.725138985868e-01       3.876630153743e+02 
       2.816364618334e-01       3.681157610448e+02 
       2.910704398475e-01       3.488852003287e+02 
       3.008292073413e-01       3.305834851728e+02 
       3.109275162753e-01       3.137191713736e+02 
       3.213817395875e-01       2.982111551465e+02 
       3.322101589922e-01       2.836890328812e+02 
       3.434333075933e-01       2.696888602445e+02 
       3.550743814622e-01       2.560348531430e+02 
       3.671597389461e-01       2.429878658560e+02 
       3.797195128106e-01       2.307160793637e+02 
       3.927883691242e-01       2.192365712468e+02 
       4.064064592246e-01       2.083487238466e+02 
       4.206206289119e-01       1.978619639417e+02 
       4.354859749764e-01       1.878120225537e+02 
       4.510678777247e-01       1.782782114520e+02 
       4.674446965887e-01       1.692216761041e+02 
       4.847114064138e-01       1.605309955958e+02 
       5.029845957088e-01       1.521774910560e+02 
       5.224094825047e-01       1.441666943055e+02 
       5.431699974632e-01       1.364497539294e+02 
       5.655036690582e-01       1.289822734365e+02 
       5.897242836868e-01       1.217221339227e+02 
       6.162576295737e-01       1.146351729437e+02 
       6.457002636509e-01       1.076555867250e+02 
       6.789209469614e-01       1.007215760715e+02 
       7.172460654306e-01       9.374615931219e+01 
       7.628221850063e-01       8.660561386384e+01 
       8.193815215482e-01       7.912586485141e+01 
       8.939885018056e-01       7.103251211596e+01 
       1.001167095752e+00       6.191974238625e+01 
       1.170581431700e+00       5.142624453071e+01 
       1.440378359505e+00       4.030152311135e+01 
       1.810266583585e+00       3.069082680223e+01 
       2.278932038720e+00       2.304662817038e+01 
       2.869005235569e+00       1.697868538485e+01 
       3.611863597512e+00       1.220558888645e+01 
       4.547066866842e+00       8.528921533784e+00 
       5.724418027795e+00       5.780477579650e+00 
       7.206615322924e+00       3.800160858978e+00 
       9.072591163054e+00       2.429477767494e+00 
       1.142171556599e+01       1.516528354097e+00 
