# Matter power spectrum P(k) at redshift z=1.5
# for k=1.0604e-05 to 10.6167 h/Mpc,
# number of wavenumbers equal to 122
#    1:k (h/Mpc)              2:P (Mpc/h)^3        
       1.060396419339e-05       1.138239867891e+01 
       1.334959998882e-05       1.425027812927e+01 
       1.680615066321e-05       1.784072789319e+01 
       2.115769014435e-05       2.233579312309e+01 
       2.663595377759e-05       2.796336766714e+01 
       3.353267907799e-05       3.500873550554e+01 
       4.221514181682e-05       4.382900850481e+01 
       5.314571479569e-05       5.487114760958e+01 
       6.690649088426e-05       6.869450648311e+01 
       8.423028158816e-05       8.599890790564e+01 
       1.060396419339e-04       1.076595942843e+02 
       1.334959998882e-04       1.347705362153e+02 
       1.680615066321e-04       1.686977997063e+02 
       2.115769014435e-04       2.111446959277e+02 
       2.663595377759e-04       2.642301528046e+02 
       3.353267907799e-04       3.305808200813e+02 
       4.221514181682e-04       4.134354020765e+02 
       5.314571479569e-04       5.167561430392e+02 
       6.690649088426e-04       6.453373777195e+02 
       8.423028158816e-04       8.048958585389e+02 
       1.060396419339e-03       1.002123250947e+03 
       1.334959998882e-03       1.244667756505e+03 
       1.680615066321e-03       1.540937421672e+03 
       2.115769014435e-03       1.899620436055e+03 
       2.663595377759e-03       2.328775389499e+03 
       3.353267907799e-03       2.834331728848e+03 
       4.221514181682e-03       3.417929271961e+03 
       5.314571479569e-03       4.066043456437e+03 
       6.690649088426e-03       4.773393372557e+03 
       8.423028158816e-03       5.501169203071e+03 
       1.060396419339e-02       6.193953611980e+03 
       1.334959998882e-02       6.771861216959e+03 
       1.680615066279e-02       7.131692054526e+03 
       2.115768880185e-02       7.166037442384e+03 
       2.663535609214e-02       6.811560544790e+03 
       3.347925292264e-02       6.130107584518e+03 
       4.103541773255e-02       5.413369637608e+03 
       4.679212987559e-02       4.982541591881e+03 
       5.112295914649e-02       4.719829908627e+03 
       5.479835832422e-02       4.524834660825e+03 
       5.813057370957e-02       4.359995463071e+03 
       6.126657083117e-02       4.208207399700e+03 
       6.428737456129e-02       4.060511724215e+03 
       6.724301385758e-02       3.912142958446e+03 
       7.016708969652e-02       3.761099517594e+03 
       7.308370665708e-02       3.607011203752e+03 
       7.601111511447e-02       3.450790544450e+03 
       7.896377658818e-02       3.294323115271e+03 
       8.195360744380e-02       3.140141748035e+03 
       8.499076495212e-02       2.991051962578e+03 
       8.808416416368e-02       2.849624351127e+03 
       9.124182906716e-02       2.718249963494e+03 
       9.447113769045e-02       2.598463793592e+03 
       9.777899700404e-02       2.490996392681e+03 
       1.011719699706e-01       2.395458516013e+03 
       1.046563691110e-01       2.310620041170e+03 
       1.082383261016e-01       2.234048251721e+03 
       1.119238438745e-01       2.162742632649e+03 
       1.157188357471e-01       2.093291143569e+03 
       1.196291548382e-01       2.022444991032e+03 
       1.236606161883e-01       1.947700015522e+03 
       1.278190134471e-01       1.867774421831e+03 
       1.321101316168e-01       1.783026554985e+03 
       1.365397570984e-01       1.695396825789e+03 
       1.411136861205e-01       1.608022326665e+03 
       1.458377325334e-01       1.524439402168e+03 
       1.507177358774e-01       1.447837383032e+03 
       1.557595706006e-01       1.380159151133e+03 
       1.609691572696e-01       1.321454818530e+03 
       1.663524766039e-01       1.270077084303e+03 
       1.719155871518e-01       1.222858924750e+03 
       1.776646474191e-01       1.176294975018e+03 
       1.836059432587e-01       1.127751417029e+03 
       1.897459213364e-01       1.075873170639e+03 
       1.960912295018e-01       1.021726381261e+03 
       2.026487649355e-01       9.681967753117e+02 
       2.094257310026e-01       9.185065594593e+02 
       2.164297038531e-01       8.744105099033e+02 
       2.236687099636e-01       8.357862033338e+02 
       2.311513160436e-01       8.009544512674e+02 
       2.388867330502e-01       7.674644361913e+02 
       2.468849364847e-01       7.332749721981e+02 
       2.551568057328e-01       6.980906261748e+02 
       2.637142859807e-01       6.633286010748e+02 
       2.725705772680e-01       6.308160877312e+02 
       2.817403565927e-01       6.016101160933e+02 
       2.912400407831e-01       5.751923709534e+02 
       3.010881002516e-01       5.499233530547e+02 
       3.113054369764e-01       5.247733772593e+02 
       3.219158444565e-01       4.998192892228e+02 
       3.329465734387e-01       4.760389135270e+02 
       3.444290356733e-01       4.540903226565e+02 
       3.563996899385e-01       4.336150759651e+02 
       3.689011718319e-01       4.138329213605e+02 
       3.819837541218e-01       3.944214976845e+02 
       3.957072622341e-01       3.758123946113e+02 
       4.101436270680e-01       3.582333494837e+02 
       4.253803472232e-01       3.414276857999e+02 
       4.415252765316e-01       3.251137965352e+02 
       4.587133893846e-01       3.092835285231e+02 
       4.771165779534e-01       2.940465113614e+02 
       4.969582414529e-01       2.792548830654e+02 
       5.185357191388e-01       2.647324364163e+02 
       5.422560899727e-01       2.504910486670e+02 
       5.686958387470e-01       2.363669450842e+02 
       5.987055106946e-01       2.222103715327e+02 
       6.336046713828e-01       2.078335842084e+02 
       6.755715732367e-01       1.929324822221e+02 
       7.284856830161e-01       1.770662781986e+02 
       7.998866886190e-01       1.595298369658e+02 
       9.055169372176e-01       1.392985463183e+02 
       1.075685787951e+00       1.156870968269e+02 
       1.337337065677e+00       9.129463968115e+01 
       1.682646059655e+00       7.030822355064e+01 
       2.118314269814e+00       5.299797276202e+01 
       2.666799639102e+00       3.883461521942e+01 
       3.357301833822e+00       2.751572348249e+01 
       4.226592593662e+00       1.880923693946e+01 
       5.320964821462e+00       1.242415053939e+01 
       6.698697829001e+00       7.964701452288e+00 
       8.433160922860e+00       4.981719084035e+00 
       1.061672058754e+01       3.055649730171e+00 
