# Matter power spectrum P(k) at redshift z=2
# for k=8.43452e-06 to 10.6315 h/Mpc,
# number of wavenumbers equal to 123
#    1:k (h/Mpc)              2:P (Mpc/h)^3        
       8.434523632870e-06       2.330148276867e+01 
       1.061843613780e-05       2.908791284588e+01 
       1.336781908739e-05       3.631123409771e+01 
       1.682908714938e-05       4.532821026811e+01 
       2.118656546965e-05       5.658413645218e+01 
       2.667230565839e-05       7.063476310720e+01 
       3.357844338448e-05       8.817362217935e+01 
       4.227275566522e-05       1.100659923229e+02 
       5.321824633351e-05       1.373910822374e+02 
       6.699780268038e-05       1.714942484479e+02 
       8.434523632870e-05       2.140512852266e+02 
       1.061843613780e-04       2.671469281356e+02 
       1.336781908739e-04       3.333694718015e+02 
       1.682908714938e-04       4.159223073544e+02 
       2.118656546965e-04       5.187506684639e+02 
       2.667230565839e-04       6.466765152504e+02 
       3.357844338448e-04       8.055250022316e+02 
       4.227275566522e-04       1.002211066696e+03 
       5.321824633351e-04       1.244737231994e+03 
       6.699780268038e-04       1.542043873561e+03 
       8.434523632870e-04       1.903665298645e+03 
       1.061843613780e-03       2.339150288674e+03 
       1.336781908739e-03       2.857062871777e+03 
       1.682908714938e-03       3.463116014655e+03 
       2.118656546965e-03       4.157403302932e+03 
       2.667230565839e-03       4.931305411989e+03 
       3.357844338448e-03       5.764008991204e+03 
       4.227275566522e-03       6.618990657727e+03 
       5.321824633351e-03       7.438770876099e+03 
       6.699780268038e-03       8.155280130148e+03 
       8.434523632870e-03       8.676293207936e+03 
       1.061843613780e-02       8.902285252012e+03 
       1.336781908739e-02       8.735974222738e+03 
       1.682908712144e-02       8.112148599208e+03 
       2.118653382650e-02       7.050463639001e+03 
       2.666625147078e-02       5.721376679735e+03 
       3.331066114537e-02       4.479165892117e+03 
       3.941993386041e-02       3.740316039281e+03 
       4.379265406157e-02       3.383602037854e+03 
       4.731349390223e-02       3.157472261570e+03 
       5.041770752756e-02       2.980903749121e+03 
       5.329202325941e-02       2.824321396410e+03 
       5.603218272757e-02       2.674863646419e+03 
       5.869430675335e-02       2.526987033972e+03 
       6.131463961513e-02       2.378947507533e+03 
       6.391838588568e-02       2.231380432551e+03 
       6.652414444008e-02       2.086137979561e+03 
       6.914633467426e-02       1.945811671175e+03 
       7.179661673401e-02       1.813207430405e+03 
       7.448476881149e-02       1.690835211599e+03 
       7.721925326758e-02       1.580618457691e+03 
       8.000759531815e-02       1.483711214595e+03 
       8.285664397911e-02       1.400285351062e+03 
       8.577275633479e-02       1.329580409009e+03 
       8.876193027594e-02       1.269810910460e+03 
       9.182990163376e-02       1.218477709243e+03 
       9.498221610542e-02       1.172484916435e+03 
       9.822428294855e-02       1.128547069262e+03 
       1.015614152570e-01       1.083644519319e+03 
       1.049988602306e-01       1.035471545855e+03 
       1.085418219316e-01       9.828887413989e+02 
       1.121954784139e-01       9.261469511507e+02 
       1.159649947018e-01       8.670116083440e+02 
       1.198555328291e-01       8.080343445259e+02 
       1.238722599671e-01       7.521892612055e+02 
       1.280203555582e-01       7.020152993099e+02 
       1.323050182941e-01       6.589649733802e+02 
       1.367314737347e-01       6.230961840517e+02 
       1.413049833296e-01       5.931130371169e+02 
       1.460308555930e-01       5.667128650914e+02 
       1.509144601636e-01       5.412415628311e+02 
       1.559612454767e-01       5.145388584310e+02 
       1.611767607720e-01       4.856916500442e+02 
       1.665666831582e-01       4.550269786314e+02 
       1.721368504681e-01       4.246091941951e+02 
       1.778933006588e-01       3.963332745447e+02 
       1.838423185579e-01       3.715742013347e+02 
       1.899904908293e-01       3.504655811522e+02 
       1.963447701500e-01       3.318441952234e+02 
       2.029125497557e-01       3.141571118847e+02 
       2.097017497587e-01       2.965148720946e+02 
       2.167209169705e-01       2.787074073720e+02 
       2.239793404136e-01       2.610442023162e+02 
       2.314871853053e-01       2.444276509283e+02 
       2.392556490961e-01       2.295533070201e+02 
       2.472971441924e-01       2.161731823820e+02 
       2.556255133915e-01       2.037048587821e+02 
       2.642562859058e-01       1.916157855718e+02 
       2.732069843389e-01       1.797357118805e+02 
       2.824974963337e-01       1.684868842605e+02 
       2.921505292135e-01       1.580541633545e+02 
       3.021921723114e-01       1.484289523754e+02 
       3.126526006511e-01       1.393551578219e+02 
       3.235669664534e-01       1.305941891427e+02 
       3.349765435480e-01       1.222638300716e+02 
       3.469302172969e-01       1.144624785797e+02 
       3.594864541714e-01       1.071182737143e+02 
       3.727159491696e-01       1.001021083085e+02 
       3.867052504218e-01       9.342503937228e+01 
       4.015618243781e-01       8.709300298410e+01 
       4.174212990120e-01       8.104909281378e+01 
       4.344580956194e-01       7.526793023526e+01 
       4.529015077976e-01       6.971655331096e+01 
       4.730608715712e-01       6.437620959705e+01 
       4.953665803105e-01       5.919565624818e+01 
       5.204401396792e-01       5.413894244691e+01 
       5.492206497362e-01       4.915746745775e+01 
       5.832085660649e-01       4.418485119889e+01 
       6.249721371202e-01       3.913524749099e+01 
       6.792861256305e-01       3.388799588909e+01 
       7.558273210808e-01       2.829230015556e+01 
       8.747415756559e-01       2.226300799025e+01 
       1.066705532597e+00       1.630739922774e+01 
       1.338515799281e+00       1.163772094770e+01 
       1.684977190184e+00       8.407212440575e+00 
       2.121259992886e+00       6.142710370867e+00 
       2.670508109571e+00       4.508342980641e+00 
       3.361970521541e+00       3.299115635824e+00 
       4.232470123271e+00       2.389783466958e+00 
       5.328364192845e+00       1.702488275438e+00 
       6.708013085667e+00       1.186648194099e+00 
       8.444888136194e+00       8.064529748372e-01 
       1.063148427441e+01       5.335727384981e-01 
