# Matter power spectrum P(k) at redshift z=2
# for k=8.94476e-06 to 11.2722 h/Mpc,
# number of wavenumbers equal to 123
#    1:k (h/Mpc)              2:P (Mpc/h)^3        
       8.944764124605e-06       1.546899863210e+01 
       1.126079085897e-05       1.927309742948e+01 
       1.417649576926e-05       2.401266768815e+01 
       1.784715077411e-05       2.991773324197e+01 
       2.246823163765e-05       3.727485371764e+01 
       2.828582776671e-05       4.644100237475e+01 
       3.560974736915e-05       5.786083051903e+01 
       4.483001587059e-05       7.208812191381e+01 
       5.643764619063e-05       8.981240965556e+01 
       7.105078697123e-05       1.118919518513e+02 
       8.944764124605e-05       1.393943937453e+02 
       1.126079085897e-04       1.736466482074e+02 
       1.417649576926e-04       2.162954945073e+02 
       1.784715077411e-04       2.693800959152e+02 
       2.246823163765e-04       3.354166572239e+02 
       2.828582776671e-04       4.174932466424e+02 
       3.560974736915e-04       5.193686253070e+02 
       4.483001587059e-04       6.455621177664e+02 
       5.643764619063e-04       8.014126845263e+02 
       7.105078697123e-04       9.930781431143e+02 
       8.944764124605e-04       1.227445166027e+03 
       1.126079085897e-03       1.511915388463e+03 
       1.417649576926e-03       1.853937614342e+03 
       1.784715077411e-03       2.260126942753e+03 
       2.246823163765e-03       2.734713437360e+03 
       2.828582776671e-03       3.277545472047e+03 
       3.560974736915e-03       3.881502859483e+03 
       4.483001587059e-03       4.529188432507e+03 
       5.643764619063e-03       5.189370129268e+03 
       7.105078697123e-03       5.813622133436e+03 
       8.944764124605e-03       6.332809481465e+03 
       1.126079085897e-02       6.658155795034e+03 
       1.417649576922e-02       6.687585826988e+03 
       1.784715058257e-02       6.332234321971e+03 
       2.246809652456e-02       5.574106388200e+03 
       2.826825075651e-02       4.548040431324e+03 
       3.505673590644e-02       3.604213988045e+03 
       4.069281819804e-02       3.100027085350e+03 
       4.479677524347e-02       2.858534544807e+03 
       4.819505636341e-02       2.709360238457e+03 
       5.123585924351e-02       2.596513779463e+03 
       5.407551886562e-02       2.496843029819e+03 
       5.679724159193e-02       2.398877640772e+03 
       5.945111693897e-02       2.296744642895e+03 
       6.207014531184e-02       2.187894923244e+03 
       6.467763939370e-02       2.072064555547e+03 
       6.729102624403e-02       1.950733937592e+03 
       6.992396580523e-02       1.826486383381e+03 
       7.258760892106e-02       1.702709733385e+03 
       7.529138348738e-02       1.583061987751e+03 
       7.804350659706e-02       1.471034738784e+03 
       8.085132981727e-02       1.369593321577e+03 
       8.372157866002e-02       1.280853782246e+03 
       8.666052258529e-02       1.205876464933e+03 
       8.967409798438e-02       1.144561903118e+03 
       9.276799846984e-02       1.095644378097e+03 
       9.594774188956e-02       1.056780721964e+03 
       9.921872042828e-02       1.024688474677e+03 
       1.025862382150e-01       9.954921872365e+02 
       1.060555395917e-01       9.651491959252e+02 
       1.096318303676e-01       9.301651457468e+02 
       1.133202938313e-01       8.882716241608e+02 
       1.171261029242e-01       8.390156852040e+02 
       1.210544297368e-01       7.839499870397e+02 
       1.251104533241e-01       7.263161523761e+02 
       1.292993667390e-01       6.702172861098e+02 
       1.336263841081e-01       6.196204591562e+02 
       1.380967485404e-01       5.773241358855e+02 
       1.427157416280e-01       5.443232744061e+02 
       1.474886952842e-01       5.195755373134e+02 
       1.524210066531e-01       5.002056467901e+02 
       1.575181568164e-01       4.824731885765e+02 
       1.627857340207e-01       4.626267461395e+02 
       1.682294621515e-01       4.381202948355e+02 
       1.738552351907e-01       4.090684302865e+02 
       1.796691584240e-01       3.780664383206e+02 
       1.856775972152e-01       3.487008028870e+02 
       1.918872342464e-01       3.237060462338e+02 
       1.983051362537e-01       3.040958999308e+02 
       2.049388314717e-01       2.889744015652e+02 
       2.117963992633e-01       2.757909212269e+02 
       2.188865737717e-01       2.617074641809e+02 
       2.262188639129e-01       2.454247442936e+02 
       2.338036926760e-01       2.276976807721e+02 
       2.416525595506e-01       2.106164897244e+02 
       2.497782310282e-01       1.961363795777e+02 
       2.581949656268e-01       1.844618314929e+02 
       2.669187818728e-01       1.742185184457e+02 
       2.759677803604e-01       1.638177750251e+02 
       2.853625346335e-01       1.526082336811e+02 
       2.951265706257e-01       1.414452770582e+02 
       3.052869613320e-01       1.314527671113e+02 
       3.158750731756e-01       1.228880208192e+02 
       3.269275145844e-01       1.149408918552e+02 
       3.384873577784e-01       1.069090817998e+02 
       3.506057352291e-01       9.895816175530e+01 
       3.633439584466e-01       9.163644192506e+01 
       3.767763783876e-01       8.498427653926e+01 
       3.909943206365e-01       7.863565301637e+01 
       4.061116144516e-01       7.238690992181e+01 
       4.222725477976e-01       6.648718377034e+01 
       4.396636257202e-01       6.098427052564e+01 
       4.585314963459e-01       5.562821711232e+01 
       4.792112747629e-01       5.048074034734e+01 
       5.021732022058e-01       4.554855106568e+01 
       5.281033694743e-01       4.072312143862e+01 
       5.580516802195e-01       3.601258993829e+01 
       5.937220861353e-01       3.132861694159e+01 
       6.380875141004e-01       2.661541380053e+01 
       6.967971643154e-01       2.177352080467e+01 
       7.814975230748e-01       1.671539936432e+01 
       9.158310091626e-01       1.154453708930e+01 
       1.128886811634e+00       7.033001319694e+00 
       1.419120837792e+00       4.052842682740e+00 
       1.786530382374e+00       2.307537721606e+00 
       2.249108369237e+00       1.303546376494e+00 
       2.831459679849e+00       7.311809191988e-01 
       3.564596543433e+00       4.074973986006e-01 
       4.487561171321e+00       2.257725082035e-01 
       5.649504795557e+00       1.244141249474e-01 
       7.112305151180e+00       6.822305751329e-02 
       8.953861691255e+00       3.723948465510e-02 
       1.127224401681e+01       2.024157144704e-02 
