# Matter power spectrum P(k) at redshift z=1
# for k=8.05533e-06 to 10.1551 h/Mpc,
# number of wavenumbers equal to 123
#    1:k (h/Mpc)              2:P (Mpc/h)^3        
       8.055330139216e-06       4.465366779814e+01 
       1.014105981265e-05       5.579626861972e+01 
       1.276683790067e-05       6.971929987664e+01 
       1.607249666141e-05       8.711636452482e+01 
       2.023407447803e-05       1.088539312258e+02 
       2.547319054452e-05       1.360145378812e+02 
       3.206884689598e-05       1.699501416017e+02 
       4.037228628428e-05       2.123486991499e+02 
       5.082569713551e-05       2.653168991736e+02 
       6.398576169605e-05       3.314820175088e+02 
       8.055330139216e-05       4.141169879641e+02 
       1.014105981265e-04       5.172918102074e+02 
       1.276683790067e-04       6.460536709485e+02 
       1.607249666141e-04       8.066343800107e+02 
       2.023407447803e-04       1.006676626467e+03 
       2.547319054452e-04       1.255456711355e+03 
       3.206884689598e-04       1.564059211323e+03 
       4.037228628428e-04       1.945430180104e+03 
       5.082569713551e-04       2.414213316706e+03 
       6.398576169605e-04       2.986281284666e+03 
       8.055330139216e-04       3.677892508720e+03 
       1.014105981265e-03       4.504250412816e+03 
       1.276683790067e-03       5.476815967440e+03 
       1.607249666141e-03       6.599008831913e+03 
       2.023407447803e-03       7.861008353214e+03 
       2.547319054452e-03       9.233973719956e+03 
       3.206884689598e-03       1.066486829136e+04 
       4.037228628428e-03       1.207200885730e+04 
       5.082569713551e-03       1.334433525906e+04 
       6.398576169605e-03       1.434267458781e+04 
       8.055330139216e-03       1.491953251988e+04 
       1.014105981265e-02       1.491427301760e+04 
       1.276683790067e-02       1.418826029758e+04 
       1.607249665965e-02       1.266739067608e+04 
       2.023407056172e-02       1.043342598417e+04 
       2.547189114978e-02       7.834695474151e+03 
       3.197760205344e-02       5.509907210774e+03 
       3.879065763291e-02       4.152008976750e+03 
       4.378619339626e-02       3.637191678180e+03 
       4.763552136493e-02       3.393211129567e+03 
       5.094932599065e-02       3.230689205599e+03 
       5.397715065110e-02       3.089679769639e+03 
       5.684006307939e-02       2.945839812476e+03 
       5.960628695190e-02       2.789270209334e+03 
       6.231862243918e-02       2.617788527821e+03 
       6.500616863231e-02       2.433753923871e+03 
       6.769000705750e-02       2.242423648312e+03 
       7.038623104407e-02       2.050716431669e+03 
       7.310768282818e-02       1.865832363965e+03 
       7.586500896067e-02       1.694398631593e+03 
       7.866733221509e-02       1.541871335042e+03 
       8.152269604870e-02       1.411663777890e+03 
       8.443836805921e-02       1.305425969331e+03 
       8.742105265484e-02       1.222728723339e+03 
       9.047704331709e-02       1.161383966451e+03 
       9.361233349247e-02       1.117603858429e+03 
       9.683269841822e-02       1.086207945415e+03 
       1.001437560671e-01       1.061048504536e+03 
       1.035510128052e-01       1.035742299791e+03 
       1.070598976934e-01       1.004297014422e+03 
       1.106757882733e-01       9.624417600116e+02 
       1.144040299635e-01       9.085816309404e+02 
       1.182499507081e-01       8.442776982647e+02 
       1.222188722052e-01       7.739956146782e+02 
       1.263161188304e-01       7.037576552326e+02 
       1.305470252318e-01       6.397300240355e+02 
       1.349169434841e-01       5.864186101142e+02 
       1.394312506357e-01       5.458545782797e+02 
       1.440953574442e-01       5.173354674438e+02 
       1.489147190768e-01       4.977495805665e+02 
       1.538948485351e-01       4.822337516927e+02 
       1.590413335581e-01       4.655736727917e+02 
       1.643598577459e-01       4.438318285535e+02 
       1.698562266513e-01       4.157588982493e+02 
       1.755363995872e-01       3.835996949414e+02 
       1.814065279207e-01       3.513712331572e+02 
       1.874730006596e-01       3.231438513195e+02 
       1.937424982038e-01       3.010570283533e+02 
       2.002220552365e-01       2.844506284659e+02 
       2.069191338871e-01       2.709178515407e+02 
       2.138417085168e-01       2.578830763404e+02 
       2.209983637908e-01       2.433342307133e+02 
       2.283984081176e-01       2.267932141216e+02 
       2.360520051015e-01       2.099271662927e+02 
       2.439703264015e-01       1.948800016792e+02 
       2.521657303785e-01       1.824254749907e+02 
       2.606519722215e-01       1.720549815463e+02 
       2.694444529796e-01       1.623099280790e+02 
       2.785605172476e-01       1.520976649694e+02 
       2.880198123833e-01       1.417558042730e+02 
       2.978447264003e-01       1.319812105120e+02 
       3.080609275697e-01       1.234084274836e+02 
       3.186980370079e-01       1.157693838966e+02 
       3.297904772401e-01       1.083708512232e+02 
       3.413785566455e-01       1.010476147611e+02 
       3.535098745633e-01       9.414563151839e+01 
       3.662411691107e-01       8.782305468101e+01 
       3.796407868214e-01       8.188084587336e+01 
       3.937920425873e-01       7.617971968417e+01 
       4.087978820224e-01       7.075851267211e+01 
       4.247874958715e-01       6.562944873795e+01 
       4.419259415161e-01       6.077364504494e+01 
       4.604285439632e-01       5.610345423460e+01 
       4.805831703724e-01       5.164401883319e+01 
       5.027860219105e-01       4.734888054097e+01 
       5.276017697594e-01       4.317920140431e+01 
       5.558700415390e-01       3.910672306076e+01 
       5.889060252461e-01       3.508166273089e+01 
       6.289066084349e-01       3.103840663795e+01 
       6.798404475926e-01       2.689924013470e+01 
       7.495353459742e-01       2.255533185751e+01 
       8.544044828405e-01       1.791474520401e+01 
       1.024319772376e+00       1.317919981268e+01 
       1.278823649725e+00       9.227562871780e+00 
       1.609476540019e+00       6.509776695255e+00 
       2.026206603932e+00       4.667507471956e+00 
       2.550842976427e+00       3.382166017537e+00 
       3.211321044520e+00       2.459205863908e+00 
       4.042813668376e+00       1.781041869158e+00 
       5.089600862267e+00       1.275711137959e+00 
       6.407427861397e+00       8.981526976486e-01 
       8.066473758951e+00       6.186177852930e-01 
       1.015508879871e+01       4.156798367511e-01 
