# Matter power spectrum P(k) at redshift z=1.5
# for k=9.5026e-06 to 11.9786 h/Mpc,
# number of wavenumbers equal to 123
#    1:k (h/Mpc)              2:P (Mpc/h)^3        
       9.502599121193e-06       1.676945344684e+01 
       1.196306351176e-05       2.097722103264e+01 
       1.506060465787e-05       2.624076664482e+01 
       1.896017792077e-05       3.282495868046e+01 
       2.386944979660e-05       4.106109364665e+01 
       3.004985691448e-05       5.136350427956e+01 
       3.783052849042e-05       6.425032127266e+01 
       4.762581365820e-05       8.036936766889e+01 
       5.995734707168e-05       1.005303500456e+02 
       7.548182785230e-05       1.257448461355e+02 
       9.502599121193e-05       1.572756962185e+02 
       1.196306351176e-04       1.966975500192e+02 
       1.506060465787e-04       2.459702090753e+02 
       1.896017792077e-04       3.075257467632e+02 
       2.386944979660e-04       3.843686534548e+02 
       3.004985691448e-04       4.801846909818e+02 
       3.783052849042e-04       5.994476293653e+02 
       4.762581365820e-04       7.475031049599e+02 
       5.995734707168e-04       9.305973365117e+02 
       7.548182785230e-04       1.155812041138e+03 
       9.502599121193e-04       1.430870779066e+03 
       1.196306351176e-03       1.763765179305e+03 
       1.506060465787e-03       2.162026351513e+03 
       1.896017792077e-03       2.631342872608e+03 
       2.386944979660e-03       3.173574205244e+03 
       3.004985691448e-03       3.784329323617e+03 
       3.783052849042e-03       4.450121040257e+03 
       4.762581365820e-03       5.145465258993e+03 
       5.995734707168e-03       5.826533934059e+03 
       7.548182785230e-03       6.445221982755e+03 
       9.502599121193e-03       6.929517093284e+03 
       1.196306351176e-02       7.201163892580e+03 
       1.506060465786e-02       7.181577999178e+03 
       1.896017790134e-02       6.812302920197e+03 
       2.386942495647e-02       6.091800129307e+03 
       3.004461205460e-02       5.123145115462e+03 
       3.757813634723e-02       4.146902969849e+03 
       4.468456671035e-02       3.501868295682e+03 
       4.976943624088e-02       3.166852561582e+03 
       5.383280489522e-02       2.945754671971e+03 
       5.740099822735e-02       2.770612828095e+03 
       6.069743302648e-02       2.616781412914e+03 
       6.383555468519e-02       2.473536920420e+03 
       6.688140318786e-02       2.336113143046e+03 
       6.987741057772e-02       2.202738507283e+03 
       7.285296606868e-02       2.073363885662e+03 
       7.582968520324e-02       1.948821343667e+03 
       7.882427966336e-02       1.830488570545e+03 
       8.185023101152e-02       1.719715056732e+03 
       8.491882153452e-02       1.617705161417e+03 
       8.803979784424e-02       1.525311956629e+03 
       9.122181388319e-02       1.442839945317e+03 
       9.447273568766e-02       1.369884722157e+03 
       9.779985630731e-02       1.305540122508e+03 
       1.012100504546e-01       1.248300656539e+03 
       1.047098875773e-01       1.196238823146e+03 
       1.083057155354e-01       1.147262504581e+03 
       1.120037230431e-01       1.099320342774e+03 
       1.158099864971e-01       1.050749975823e+03 
       1.197305051683e-01       1.000500899667e+03 
       1.237712276595e-01       9.484126978331e+02 
       1.279380718156e-01       8.950866054459e+02 
       1.322369398005e-01       8.418757514714e+02 
       1.366737297366e-01       7.905065855257e+02 
       1.412543450940e-01       7.426389142596e+02 
       1.459847028824e-01       6.994378253712e+02 
       1.508707416093e-01       6.613220013003e+02 
       1.559184299146e-01       6.278213966078e+02 
       1.611337767580e-01       5.977285358452e+02 
       1.665228440128e-01       5.695267362630e+02 
       1.720917623067e-01       5.417293491371e+02 
       1.778467509398e-01       5.134454435143e+02 
       1.837941427058e-01       4.846407984609e+02 
       1.899404144408e-01       4.558024969741e+02 
       1.962922241374e-01       4.282910169815e+02 
       2.028564554830e-01       4.030527231408e+02 
       2.096402707347e-01       3.803916134414e+02 
       2.166511729218e-01       3.599941362095e+02 
       2.238970784983e-01       3.410210592226e+02 
       2.313864017570e-01       3.226084831229e+02 
       2.391281525866e-01       3.045328701357e+02 
       2.471320495256e-01       2.870380112994e+02 
       2.554086505737e-01       2.703440383429e+02 
       2.639695048933e-01       2.547242164629e+02 
       2.728273294292e-01       2.403982167145e+02 
       2.819962156568e-01       2.270648951393e+02 
       2.914918732335e-01       2.143597121775e+02 
       3.013319194077e-01       2.021973096380e+02 
       3.115362258276e-01       1.905474783514e+02 
       3.221273381588e-01       1.795899248922e+02 
       3.331309890716e-01       1.693439554580e+02 
       3.445767323012e-01       1.596745167250e+02 
       3.564987355131e-01       1.505251301815e+02 
       3.689367840217e-01       1.417631483274e+02 
       3.819375681846e-01       1.334879960712e+02 
       3.955563579892e-01       1.256623244411e+02 
       4.098592146015e-01       1.182461053084e+02 
       4.249259598850e-01       1.111487756810e+02 
       4.408542372217e-01       1.044111222119e+02 
       4.577651788380e-01       9.798276078559e+01 
       4.758114980518e-01       9.182014809560e+01 
       4.951893472843e-01       8.591531821804e+01 
       5.161562167419e-01       8.022727664628e+01 
       5.390588902107e-01       7.472379552941e+01 
       5.643788797886e-01       6.936375158590e+01 
       5.928097907344e-01       6.410459036701e+01 
       6.253964933913e-01       5.889042248960e+01 
       6.638021989716e-01       5.365347647524e+01 
       7.108606781101e-01       4.828955272435e+01 
       7.718122349983e-01       4.265966868503e+01 
       8.572272218887e-01       3.655909802538e+01 
       9.891833968928e-01       2.981530631314e+01 
       1.202701434938e+00       2.281781999953e+01 
       1.508158313731e+00       1.693408585310e+01 
       1.898488444320e+00       1.258311748761e+01 
       2.390054338773e+00       9.339639601448e+00 
       3.008900141722e+00       6.875058614846e+00 
       3.787980849965e+00       4.986233920825e+00 
       4.768785351411e+00       3.543749854462e+00 
       6.003545062283e+00       2.458209494019e+00 
       7.558015439759e+00       1.660225085408e+00 
       9.514977699845e+00       1.090578053666e+00 
       1.197864721899e+01       6.971251709747e-01 
