# Matter power spectrum P(k) at redshift z=2.5
# for k=1.0937e-05 to 10.9483 h/Mpc,
# number of wavenumbers equal to 122
#    1:k (h/Mpc)              2:P (Mpc/h)^3        
       1.093697345639e-05       3.629172339779e+00 
       1.376883381237e-05       4.542312682851e+00 
       1.733393477717e-05       5.685204885560e+00 
       2.182213097736e-05       7.115651593308e+00 
       2.747243522690e-05       8.905994043228e+00 
       3.458574683101e-05       1.114676359896e+01 
       4.354087557144e-05       1.395124861056e+01 
       5.481471470865e-05       1.746119710740e+01 
       6.900763728697e-05       2.185393555077e+01 
       8.687546818844e-05       2.735123314467e+01 
       1.093697345639e-04       3.423031453349e+01 
       1.376883381237e-04       4.283747561125e+01 
       1.733393477717e-04       5.360479980686e+01 
       2.182213097736e-04       6.707044386164e+01 
       2.747243522690e-04       8.390279834150e+01 
       3.458574683101e-04       1.049283908679e+02 
       4.354087557144e-04       1.311624773991e+02 
       5.481471470865e-04       1.638396087381e+02 
       6.900763728697e-04       2.044389751988e+02 
       8.687546818844e-04       2.546965728790e+02 
       1.093697345639e-03       3.165948500646e+02 
       1.376883381237e-03       3.923208943474e+02 
       1.733393477717e-03       4.841760862590e+02 
       2.182213097736e-03       5.943756528144e+02 
       2.747243522690e-03       7.246899282481e+02 
       3.458574683101e-03       8.759026593989e+02 
       4.354087557144e-03       1.047122208736e+03 
       5.481471470865e-03       1.234863047635e+03 
       6.900763728697e-03       1.431987954719e+03 
       8.687546818844e-03       1.626672656279e+03 
       1.093697345639e-02       1.801279650138e+03 
       1.376883381237e-02       1.932274420534e+03 
       1.733393477714e-02       1.991414183048e+03 
       2.182213082881e-02       1.951362269037e+03 
       2.747231750228e-02       1.799008115813e+03 
       3.456890963378e-02       1.556388343854e+03 
       4.296383105722e-02       1.302811189047e+03 
       5.010790221199e-02       1.147218084166e+03 
       5.527756023803e-02       1.064715969127e+03 
       5.953000149085e-02       1.009278564543e+03 
       6.332179106420e-02       9.650090676818e+02 
       6.685555312943e-02       9.253817900575e+02 
       7.023815676114e-02       8.872353808837e+02 
       7.353352010993e-02       8.489837966457e+02 
       7.678354919095e-02       8.099464745361e+02 
       8.001773356257e-02       7.700414236841e+02 
       8.325804736306e-02       7.295992455934e+02 
       8.652166802474e-02       6.892323101827e+02 
       8.982258502832e-02       6.497124087351e+02 
       9.317260236979e-02       6.118635769366e+02 
       9.658199010009e-02       5.764572457918e+02 
       1.000599227310e-01       5.441214740804e+02 
       1.036147828105e-01       5.152693674933e+02 
       1.072543761540e-01       4.900402263282e+02 
       1.109860873839e-01       4.682818608653e+02 
       1.148169940306e-01       4.495444571827e+02 
       1.187539511710e-01       4.331218567386e+02 
       1.228036546848e-01       4.181153896074e+02 
       1.269726887283e-01       4.035438113025e+02 
       1.312675614187e-01       3.884827077109e+02 
       1.356947316624e-01       3.722262123826e+02 
       1.402606293616e-01       3.544374794035e+02 
       1.449716707632e-01       3.352383324762e+02 
       1.498342704029e-01       3.152009485962e+02 
       1.548548508955e-01       2.952160482200e+02 
       1.600398516863e-01       2.762753802745e+02 
       1.653957377958e-01       2.592266826007e+02 
       1.709290095368e-01       2.445613321153e+02 
       1.766462141491e-01       2.322769665937e+02 
       1.825539602766e-01       2.218919581496e+02 
       1.886589361972e-01       2.125501490895e+02 
       1.949679327078e-01       2.033017090549e+02 
       2.014878715599e-01       1.934115829504e+02 
       2.082258403470e-01       1.825979429251e+02 
       2.151891347554e-01       1.711350062246e+02 
       2.223853091269e-01       1.597654602292e+02 
       2.298222363416e-01       1.493307338348e+02 
       2.375081781270e-01       1.402972812467e+02 
       2.454518670603e-01       1.325967523630e+02 
       2.536626017506e-01       1.257790594364e+02 
       2.621503570097e-01       1.192621607601e+02 
       2.709259112575e-01       1.125533928573e+02 
       2.800009939962e-01       1.055497171327e+02 
       2.893884569761e-01       9.860990813516e+01 
       2.991024737150e-01       9.218230927333e+01 
       3.091587734116e-01       8.650270139018e+01 
       3.195749171163e-01       8.146860866632e+01 
       3.303706264501e-01       7.669389318071e+01 
       3.415681784249e-01       7.192101025151e+01 
       3.531928843341e-01       6.719113723680e+01 
       3.652736767476e-01       6.269960359107e+01 
       3.778438370721e-01       5.861858095357e+01 
       3.909419080231e-01       5.486040920840e+01 
       4.046128523821e-01       5.125924772507e+01 
       4.189095442326e-01       4.773565428421e+01 
       4.338947157038e-01       4.439255380858e+01 
       4.496435380590e-01       4.127178438445e+01 
       4.662471023821e-01       3.832767508847e+01 
       4.838172022380e-01       3.549951874832e+01 
       5.024930442358e-01       3.278972029944e+01 
       5.224508880104e-01       3.022059534707e+01 
       5.439182699019e-01       2.776952691523e+01 
       5.671956431949e-01       2.540210111640e+01 
       5.926904897745e-01       2.312812038488e+01 
       6.209733582086e-01       2.092642694730e+01 
       6.528744972844e-01       1.877866491546e+01 
       6.896603014482e-01       1.666781783553e+01 
       7.333778665765e-01       1.456751549537e+01 
       7.875814101838e-01       1.244514840177e+01 
       8.589876482781e-01       1.025696694417e+01 
       9.613894249703e-01       7.958811794911e+00 
       1.123022236225e+00       5.581909728963e+00 
       1.380831206787e+00       3.454882562448e+00 
       1.735241803748e+00       2.013464020975e+00 
       2.184478630317e+00       1.157810597427e+00 
       2.750095421501e+00       6.602065463485e-01 
       3.462165010856e+00       3.736274775907e-01 
       4.358607511991e+00       2.100001193591e-01 
       5.487161756882e+00       1.172986007545e-01 
       6.907927374364e+00       6.514654364483e-02 
       8.696565314416e+00       3.599344648538e-02 
       1.094832706965e+01       1.979141523878e-02 
