# Matter power spectrum P(k) at redshift z=1
# for k=1.01046e-05 to 10.1156 h/Mpc,
# number of wavenumbers equal to 122
#    1:k (h/Mpc)              2:P (Mpc/h)^3        
       1.010455554853e-05       2.602916933061e+01 
       1.272088175493e-05       3.237200690178e+01 
       1.601464130171e-05       4.026040871349e+01 
       2.016123889549e-05       5.007099875691e+01 
       2.538149597878e-05       6.227203535069e+01 
       3.195341027704e-05       7.744582145055e+01 
       4.022696019125e-05       9.631633877286e+01 
       5.064274242400e-05       1.197835693587e+02 
       6.375543536052e-05       1.489659786249e+02 
       8.026333771536e-05       1.852529679176e+02 
       1.010455554853e-04       2.303693271703e+02 
       1.272088175493e-04       2.864539077273e+02 
       1.601464130171e-04       3.561545766859e+02 
       2.016123889549e-04       4.427407675277e+02 
       2.538149597878e-04       5.502330184813e+02 
       3.195341027704e-04       6.835449008356e+02 
       4.022696019125e-04       8.486257597686e+02 
       5.064274242400e-04       1.052582460384e+03 
       6.375543536052e-04       1.303747338102e+03 
       8.026333771536e-04       1.611653251419e+03 
       1.010455554853e-03       1.986871070425e+03 
       1.272088175493e-03       2.440611014349e+03 
       1.601464130171e-03       2.983834686857e+03 
       2.016123889549e-03       3.625617231123e+03 
       2.538149597878e-03       4.370814727295e+03 
       3.195341027704e-03       5.216905487632e+03 
       4.022696019125e-03       6.150136644885e+03 
       5.064274242400e-03       7.141273175313e+03 
       6.375543536052e-03       8.127580365286e+03 
       8.026333771536e-03       9.061195920094e+03 
       1.010455554853e-02       9.839380910175e+03 
       1.272088175493e-02       1.035193098805e+04 
       1.601464130170e-02       1.048319310987e+04 
       2.016123881333e-02       1.013950369310e+04 
       2.538142179222e-02       9.300022751012e+03 
       3.194161047227e-02       8.082114906636e+03 
       3.978253579508e-02       6.804990198635e+03 
       4.664629624021e-02       5.949403968601e+03 
       5.158552456909e-02       5.457751836245e+03 
       5.561753762347e-02       5.107199015521e+03 
       5.919832617007e-02       4.820097510438e+03 
       6.252769841015e-02       4.565981483477e+03 
       6.570996396310e-02       4.330940130867e+03 
       6.880705546949e-02       4.108309062626e+03 
       7.185935515852e-02       3.895447248923e+03 
       7.489515738777e-02       3.691536987776e+03 
       7.793547053065e-02       3.496933576865e+03 
       8.099666743285e-02       3.312748055487e+03 
       8.409204759358e-02       3.139967988857e+03 
       8.723280750900e-02       2.979564058083e+03 
       9.042866968538e-02       2.832127946475e+03 
       9.368830497335e-02       2.697560058185e+03 
       9.701962449261e-02       2.575007068941e+03 
       1.004299863004e-01       2.463100685071e+03 
       1.039263445691e-01       2.359779272892e+03 
       1.075153589210e-01       2.262813184882e+03 
       1.112034754810e-01       2.169607338445e+03 
       1.149969874272e-01       2.078099395460e+03 
       1.189020804259e-01       1.986679892075e+03 
       1.229248667820e-01       1.894501415411e+03 
       1.270714111138e-01       1.801814368467e+03 
       1.313477496852e-01       1.709575717741e+03 
       1.357599050767e-01       1.619478330124e+03 
       1.403138975751e-01       1.533494648608e+03 
       1.450157544651e-01       1.453186569621e+03 
       1.498715182788e-01       1.379522531280e+03 
       1.548872549737e-01       1.312468820810e+03 
       1.600690629626e-01       1.251081779777e+03 
       1.654230838820e-01       1.193781986746e+03 
       1.709555159717e-01       1.138846695855e+03 
       1.766726309171e-01       1.084878854900e+03 
       1.825807950035e-01       1.031243799071e+03 
       1.886864954233e-01       9.783092673010e+02 
       1.949963725795e-01       9.267620263236e+02 
       2.015172592421e-01       8.780934162548e+02 
       2.082562274439e-01       8.331060364506e+02 
       2.152206440551e-01       7.916692319963e+02 
       2.224182360712e-01       7.531541483359e+02 
       2.298571667869e-01       7.166009670860e+02 
       2.375461242378e-01       6.811735904991e+02 
       2.454944235820e-01       6.468831986606e+02 
       2.537121254983e-01       6.141645105841e+02 
       2.622101732175e-01       5.831940462856e+02 
       2.710005515302e-01       5.540668634120e+02 
       2.800964720710e-01       5.268404636553e+02 
       2.895125904479e-01       5.011248347319e+02 
       2.992652624652e-01       4.765366656005e+02 
       3.093728489204e-01       4.531170068204e+02 
       3.198560814569e-01       4.308097851073e+02 
       3.307385060111e-01       4.097387074316e+02 
       3.420470259645e-01       3.898281657587e+02 
       3.538125748354e-01       3.708892259923e+02 
       3.660709592427e-01       3.528903016004e+02 
       3.788639284566e-01       3.356780201237e+02 
       3.922405495420e-01       3.193352854161e+02 
       4.062590007360e-01       3.037555903316e+02 
       4.209889465804e-01       2.888790254864e+02 
       4.365147369952e-01       2.746013721845e+02 
       4.529397970892e-01       2.609403661579e+02 
       4.703927772523e-01       2.477989234164e+02 
       4.890363729832e-01       2.351103425658e+02 
       5.090803132207e-01       2.228331316108e+02 
       5.308010770367e-01       2.108877849525e+02 
       5.545728927965e-01       1.991951150798e+02 
       5.809185090195e-01       1.876606362456e+02 
       6.105964332280e-01       1.761713379055e+02 
       6.447595546547e-01       1.645782232950e+02 
       6.852633801321e-01       1.526822549992e+02 
       7.353123554855e-01       1.401720824272e+02 
       8.009255828011e-01       1.265764071324e+02 
       8.944060325044e-01       1.111680186549e+02 
       1.041130650251e+00       9.316712419427e+01 
       1.276405805904e+00       7.346868177606e+01 
       1.603276053467e+00       5.588690331352e+01 
       2.018325886971e+00       4.174183907545e+01 
       2.540921403102e+00       3.049861550338e+01 
       3.198830523517e+00       2.169783974038e+01 
       4.027089034078e+00       1.498361872319e+01 
       5.069804720559e+00       1.003194667732e+01 
       6.382505995546e+00       6.521279099364e+00 
       8.035098988721e+00       4.130176161053e+00 
       1.011559030318e+01       2.559468629701e+00 
