# Matter power spectrum P(k) at redshift z=2
# for k=8.76879e-06 to 11.0505 h/Mpc,
# number of wavenumbers equal to 123
#    1:k (h/Mpc)              2:P (Mpc/h)^3        
       8.768793068384e-06       1.717254295440e+01 
       1.103925642455e-05       2.142515269285e+01 
       1.389760044018e-05       2.673085622516e+01 
       1.749604235711e-05       3.335041224617e+01 
       2.202621232919e-05       4.160912353106e+01 
       2.772935842679e-05       5.191279315541e+01 
       3.490919397623e-05       6.476759302231e+01 
       4.394807140193e-05       8.080481579945e+01 
       5.532734388724e-05       1.008116173275e+02 
       6.965299918672e-05       1.257691689772e+02 
       8.768793068384e-05       1.568998055554e+02 
       1.103925642455e-04       1.957249913759e+02 
       1.389760044018e-04       2.441359562257e+02 
       1.749604235711e-04       3.044785606710e+02 
       2.202621232919e-04       3.796529496915e+02 
       2.772935842679e-04       4.732262019510e+02 
       3.490919397623e-04       5.895516693583e+02 
       4.394807140193e-04       7.338812453197e+02 
       5.532734388724e-04       9.124469807537e+02 
       6.965299918672e-04       1.132480180398e+03 
       8.768793068384e-04       1.402134705881e+03 
       1.103925642455e-03       1.730262391417e+03 
       1.389760044018e-03       2.125916484152e+03 
       1.749604235711e-03       2.597415247570e+03 
       2.202621232919e-03       3.150520342659e+03 
       2.772935842679e-03       3.786180741753e+03 
       3.490919397623e-03       4.497461696854e+03 
       4.394807140193e-03       5.263142398825e+03 
       5.532734388724e-03       6.051523901964e+03 
       6.965299918672e-03       6.804427363614e+03 
       8.768793068384e-03       7.439051276908e+03 
       1.103925642455e-02       7.846386928781e+03 
       1.389760044014e-02       7.898240186210e+03 
       1.749604212151e-02       7.479950763568e+03 
       2.202605553846e-02       6.564517850307e+03 
       2.770990594465e-02       5.319501446476e+03 
       3.432313298399e-02       4.187987941364e+03 
       3.974786959620e-02       3.600218260569e+03 
       4.371181719484e-02       3.324890594182e+03 
       4.700486815683e-02       3.159913106058e+03 
       4.995659928336e-02       3.038561822803e+03 
       5.271585747241e-02       2.932685357865e+03 
       5.536222220576e-02       2.828073105478e+03 
       5.794375488197e-02       2.717116585001e+03 
       6.049219708965e-02       2.596308869152e+03 
       6.303001576161e-02       2.464977531519e+03 
       6.557403268684e-02       2.324717038380e+03 
       6.813745135516e-02       2.178687764665e+03 
       7.073106267075e-02       2.031154232361e+03 
       7.336399949441e-02       1.886910950271e+03 
       7.604422877371e-02       1.750674605901e+03 
       7.877888364866e-02       1.626568785931e+03 
       8.157449397130e-02       1.517738121936e+03 
       8.443715006160e-02       1.425967164877e+03 
       8.737262123303e-02       1.351625961636e+03 
       9.038644284456e-02       1.293541879779e+03 
       9.348398092946e-02       1.249153317768e+03 
       9.667048052199e-02       1.214555415751e+03 
       9.995110193532e-02       1.184883378436e+03 
       1.033309480313e-01       1.154832334124e+03 
       1.068150847242e-01       1.119461106982e+03 
       1.104085564290e-01       1.075173089519e+03 
       1.141163978129e-01       1.020593145737e+03 
       1.179436429718e-01       9.570313457314e+02 
       1.218953330022e-01       8.882638841032e+02 
       1.259765228344e-01       8.196033019600e+02 
       1.301922881345e-01       7.565822864436e+02 
       1.345477330384e-01       7.035130357351e+02 
       1.390479994594e-01       6.624516082402e+02 
       1.436982786933e-01       6.327950976671e+02 
       1.485038260334e-01       6.113366129209e+02 
       1.534699791061e-01       5.935082274844e+02 
       1.586021806257e-01       5.735787523900e+02 
       1.639060062798e-01       5.474512893267e+02 
       1.693871984601e-01       5.143964002873e+02 
       1.750517065875e-01       4.772404360497e+02 
       1.809057348276e-01       4.406484943516e+02 
       1.869557980753e-01       4.089352115128e+02 
       1.932087872156e-01       3.844906951206e+02 
       1.996720448469e-01       3.667832921901e+02 
       2.063534529154e-01       3.525484166169e+02 
       2.132615340588e-01       3.376473496034e+02 
       2.204055689351e-01       3.194752108705e+02 
       2.277957324456e-01       2.982662137057e+02 
       2.354432525986e-01       2.769269742009e+02 
       2.433605968717e-01       2.586611320515e+02 
       2.515616923969e-01       2.444285889443e+02 
       2.600621882537e-01       2.327921519636e+02 
       2.688797707821e-01       2.211549814021e+02 
       2.780345464002e-01       2.080205666462e+02 
       2.875495113135e-01       1.942379797101e+02 
       2.974511343236e-01       1.816641758123e+02 
       3.077700885869e-01       1.712247104559e+02 
       3.185421819998e-01       1.619073841445e+02 
       3.298095560737e-01       1.524044165870e+02 
       3.416222531885e-01       1.425798027442e+02 
       3.540402976767e-01       1.333787306992e+02 
       3.671365069071e-01       1.252244873110e+02 
       3.810003610159e-01       1.175167591412e+02 
       3.957434437933e-01       1.097322434755e+02 
       4.115072770614e-01       1.022775828899e+02 
       4.284749111609e-01       9.539491477245e+01 
       4.468886133669e-01       8.863814356363e+01 
       4.670778501222e-01       8.203140472763e+01 
       4.895054485798e-01       7.570124908617e+01 
       5.148475920779e-01       6.942038009365e+01 
       5.441407370947e-01       6.321681877218e+01 
       5.790704544251e-01       5.695807571880e+01 
       6.225849359676e-01       5.054049607439e+01 
       6.803020050700e-01       4.377727730341e+01 
       7.638253082598e-01       3.645385308199e+01 
       8.965963818889e-01       2.854409997916e+01 
       1.106508230472e+00       2.101275770622e+01 
       1.391199055402e+00       1.530034666694e+01 
       1.751384951825e+00       1.125140015096e+01 
       2.204862920316e+00       8.314012994600e+00 
       2.775757959863e+00       6.128080542267e+00 
       3.494472232662e+00       4.473368826817e+00 
       4.399279894507e+00       3.213331643746e+00 
       5.538365252790e+00       2.259641574472e+00 
       6.972388756536e+00       1.549968292938e+00 
       8.777717386511e+00       1.035033785688e+00 
       1.105049147543e+01       6.725450909529e-01 
