# Matter power spectrum P(k) at redshift z=1
# for k=8.16564e-06 to 10.2906 h/Mpc,
# number of wavenumbers equal to 123
#    1:k (h/Mpc)              2:P (Mpc/h)^3        
       8.165644720543e-06       3.520825429464e+01 
       1.027993764237e-05       4.389083097186e+01 
       1.294167472965e-05       5.471446620854e+01 
       1.629260318832e-05       6.820716622407e+01 
       2.051117217806e-05       8.502693002157e+01 
       2.582203588065e-05       1.059939224939e+02 
       3.250801715441e-05       1.321302292632e+02 
       4.092516888272e-05       1.647093618441e+02 
       5.152173508843e-05       2.053176323530e+02 
       6.486202156255e-05       2.559300965855e+02 
       8.165644720543e-05       3.190040124522e+02 
       1.027993764237e-04       3.975930924481e+02 
       1.294167472965e-04       4.954854816526e+02 
       1.629260318832e-04       6.173672588875e+02 
       2.051117217806e-04       7.690102447878e+02 
       2.582203588065e-04       9.574768038011e+02 
       3.250801715441e-04       1.191323767462e+03 
       4.092516888272e-04       1.480772663553e+03 
       5.152173508843e-04       1.837798301584e+03 
       6.486202156255e-04       2.276080490726e+03 
       8.165644720543e-04       2.810753530825e+03 
       1.027993764237e-03       3.457793575317e+03 
       1.294167472965e-03       4.232591477821e+03 
       1.629260318832e-03       5.147593127214e+03 
       2.051117217806e-03       6.208656258543e+03 
       2.582203588065e-03       7.410290575055e+03 
       3.250801715441e-03       8.729886823229e+03 
       4.092516888272e-03       1.012051533881e+04 
       5.152173508843e-03       1.149684515439e+04 
       6.486202156255e-03       1.275518428394e+04 
       8.165644720543e-03       1.373212383056e+04 
       1.027993764237e-02       1.423148785238e+04 
       1.294167472963e-02       1.403789290074e+04 
       1.629260307071e-02       1.298037337153e+04 
       2.051108035595e-02       1.106538459185e+04 
       2.580906243218e-02       8.652976849995e+03 
       3.206822354456e-02       6.545854305694e+03 
       3.737768763003e-02       5.482581569177e+03 
       4.122261402654e-02       5.021981024720e+03 
       4.438809008447e-02       4.762831351910e+03 
       4.721194768137e-02       4.578180936224e+03 
       4.984433933938e-02       4.417297156057e+03 
       5.236455201581e-02       4.254983983212e+03 
       5.482004674711e-02       4.078702800163e+03 
       5.724195949715e-02       3.883176067593e+03 
       5.965221176959e-02       3.668302836661e+03 
       6.206714507655e-02       3.437742294655e+03 
       6.449953821291e-02       3.197994727690e+03 
       6.695980148660e-02       2.957224508389e+03 
       6.945672115492e-02       2.724072501591e+03 
       7.199794340622e-02       2.506641864765e+03 
       7.459030010091e-02       2.311850298808e+03 
       7.724003437803e-02       2.144366866448e+03 
       7.995296063427e-02       2.006628630436e+03 
       8.273458015051e-02       1.898483197080e+03 
       8.559016592180e-02       1.817336140943e+03 
       8.852482558803e-02       1.758260447969e+03 
       9.154354846824e-02       1.714248811789e+03 
       9.465124086073e-02       1.676920032834e+03 
       9.785275257670e-02       1.637315934044e+03 
       1.011528968895e-01       1.587365932855e+03 
       1.045564655602e-01       1.521503889205e+03 
       1.080682402518e-01       1.438090783215e+03 
       1.116930014150e-01       1.340222122264e+03 
       1.154355355749e-01       1.234875902112e+03 
       1.193006418499e-01       1.131125550628e+03 
       1.232931384718e-01       1.037951995665e+03 
       1.274178700361e-01       9.617682977306e+02 
       1.316797161861e-01       9.050804351521e+02 
       1.360836024225e-01       8.661552193772e+02 
       1.406345137128e-01       8.392818681679e+02 
       1.453375115775e-01       8.166036576576e+02 
       1.501977553162e-01       7.895188506122e+02 
       1.552205280484e-01       7.519334361858e+02 
       1.604112682470e-01       7.034612741934e+02 
       1.657756074721e-01       6.491732677344e+02 
       1.713194150560e-01       5.968144541964e+02 
       1.770488505667e-01       5.526804899910e+02 
       1.829704249926e-01       5.196938412723e+02 
       1.890910717597e-01       4.964870580167e+02 
       1.954182289305e-01       4.777921147004e+02 
       2.019599342622e-01       4.573241520482e+02 
       2.087249352398e-01       4.316826224288e+02 
       2.157228167888e-01       4.018707133891e+02 
       2.229641501508e-01       3.723606911589e+02 
       2.304606674309e-01       3.477109285076e+02 
       2.382254676897e-01       3.288654600512e+02 
       2.462732622674e-01       3.132730373672e+02 
       2.546206694601e-01       2.973577974201e+02 
       2.632865719719e-01       2.792632023635e+02 
       2.722925550955e-01       2.605513576926e+02 
       2.816634498706e-01       2.437709702535e+02 
       2.914280143535e-01       2.298984739446e+02 
       3.016197988560e-01       2.173455300494e+02 
       3.122782595653e-01       2.044552164644e+02 
       3.234502124977e-01       1.912881517095e+02 
       3.351917614676e-01       1.790933558259e+02 
       3.475708983856e-01       1.682134787740e+02 
       3.606710767741e-01       1.578862833168e+02 
       3.745962266518e-01       1.475213211343e+02 
       3.894779600347e-01       1.376431728657e+02 
       4.054862049673e-01       1.284965474093e+02 
       4.228453885906e-01       1.195212735507e+02 
       4.418599543150e-01       1.107923980662e+02 
       4.629562958174e-01       1.024102951823e+02 
       4.867550991743e-01       9.411664782307e+01 
       5.142034987966e-01       8.593614500923e+01 
       5.468332937839e-01       7.768924877813e+01 
       5.873056839600e-01       6.924801218123e+01 
       6.406533083729e-01       6.036602228761e+01 
       7.172161035027e-01       5.074816919059e+01 
       8.381401692994e-01       4.027955961968e+01 
       1.030886620412e+00       3.005286217042e+01 
       1.295540515501e+00       2.207649125184e+01 
       1.630944807839e+00       1.634026879145e+01 
       2.053237695488e+00       1.212859585471e+01 
       2.584873111212e+00       8.963090630262e+00 
       3.254162445968e+00       6.550113811687e+00 
       4.096747797336e+00       4.705692148614e+00 
       5.157499907778e+00       3.308051911557e+00 
       6.492907695227e+00       2.268474568193e+00 
       8.174086493956e+00       1.514920766368e+00 
       1.029056520544e+01       9.849663517952e-01 
