# Matter power spectrum P(k) at redshift z=2.5
# for k=1.03663e-05 to 10.379 h/Mpc,
# number of wavenumbers equal to 122
#    1:k (h/Mpc)              2:P (Mpc/h)^3        
       1.036634038797e-05       7.335209939763e+00 
       1.305044934172e-05       9.094987119058e+00 
       1.642954231163e-05       1.127694133653e+01 
       2.068356832026e-05       1.398234878794e+01 
       2.603906976495e-05       1.733677250672e+01 
       3.278124662658e-05       2.149588127906e+01 
       4.126914440849e-05       2.665265772278e+01 
       5.195477461886e-05       3.304631271059e+01 
       6.540718603172e-05       4.097331490820e+01 
       8.234276860928e-05       5.080099784751e+01 
       1.036634038797e-04       6.298430972580e+01 
       1.305044934172e-04       7.808634473137e+01 
       1.642954231163e-04       9.680333193111e+01 
       2.068356832026e-04       1.199947210425e+02 
       2.603906976495e-04       1.487187653571e+02 
       3.278124662658e-04       1.842734003131e+02 
       4.126914440849e-04       2.282409760573e+02 
       5.195477461886e-04       2.825332136508e+02 
       6.540718603172e-04       3.494295031688e+02 
       8.234276860928e-04       4.315981377503e+02 
       1.036634038797e-03       5.320881176708e+02 
       1.305044934172e-03       6.542786178691e+02 
       1.642954231163e-03       8.017594602824e+02 
       2.068356832026e-03       9.780451439923e+02 
       2.603906976495e-03       1.186104085834e+03 
       3.278124662658e-03       1.427568164347e+03 
       4.126914440849e-03       1.701722372814e+03 
       5.195477461886e-03       2.002814742514e+03 
       6.540718603172e-03       2.322950665303e+03 
       8.234276860928e-03       2.644081251246e+03 
       1.036634038797e-02       2.939798621204e+03 
       1.305044934172e-02       3.174039423108e+03 
       1.642954231117e-02       3.302859099546e+03 
       2.068356690795e-02       3.283353577376e+03 
       2.603845296647e-02       3.094449316739e+03 
       3.272697137499e-02       2.769070368493e+03 
       4.008899916265e-02       2.436703531924e+03 
       4.568112641407e-02       2.235466049030e+03 
       4.989458966410e-02       2.109845717435e+03 
       5.347384844731e-02       2.014879422032e+03 
       5.672059607203e-02       1.933925345406e+03 
       5.977711346222e-02       1.859504740945e+03 
       6.272195631916e-02       1.787803635459e+03 
       6.560367982340e-02       1.716872236432e+03 
       6.845492123618e-02       1.645861893630e+03 
       7.129910885220e-02       1.574658455383e+03 
       7.415399052143e-02       1.503670000511e+03 
       7.703363600114e-02       1.433639703806e+03 
       7.994964342662e-02       1.365500068048e+03 
       8.291190220065e-02       1.300244127156e+03 
       8.592909482857e-02       1.238779066259e+03 
       8.900903796895e-02       1.181815074792e+03 
       9.215892054308e-02       1.129773229833e+03 
       9.538547368592e-02       1.082699401011e+03 
       9.869509421923e-02       1.040266665503e+03 
       1.020939355957e-01       1.001739060767e+03 
       1.055879755514e-01       9.660851649630e+02 
       1.091830667532e-01       9.320750272193e+02 
       1.128849748380e-01       8.984431450376e+02 
       1.166994070091e-01       8.640921008341e+02 
       1.206320335399e-01       8.282952216166e+02 
       1.246885039981e-01       7.908597958723e+02 
       1.288744596377e-01       7.521920550418e+02 
       1.331955431726e-01       7.132261507022e+02 
       1.376574069847e-01       6.752098973870e+02 
       1.422657207225e-01       6.393996274099e+02 
       1.470261791765e-01       6.067541920656e+02 
       1.519445112850e-01       5.776606061551e+02 
       1.570264910915e-01       5.518455874852e+02 
       1.622779514654e-01       5.284312289655e+02 
       1.677048013815e-01       5.061666820289e+02 
       1.733130475503e-01       4.838683977985e+02 
       1.791088211881e-01       4.608214274706e+02 
       1.850984107194e-01       4.369815008899e+02 
       1.912883012237e-01       4.129973725303e+02 
       1.976852214731e-01       3.899421808971e+02 
       2.042961994719e-01       3.687966196572e+02 
       2.111286275117e-01       3.499119353657e+02 
       2.181903379098e-01       3.328619638269e+02 
       2.254896908226e-01       3.168903979109e+02 
       2.330356758363e-01       3.012856147731e+02 
       2.408380294616e-01       2.856116578756e+02 
       2.489073712320e-01       2.699895034997e+02 
       2.572553618593e-01       2.550063046009e+02 
       2.658948879073e-01       2.411483615362e+02 
       2.748402787673e-01       2.284946410780e+02 
       2.841075634822e-01       2.167328222103e+02 
       2.937147773103e-01       2.053500872678e+02 
       3.036823310855e-01       1.941718377680e+02 
       3.140334607308e-01       1.833866042091e+02 
       3.247947802093e-01       1.732319275926e+02 
       3.359969694745e-01       1.637948532798e+02 
       3.476756407115e-01       1.548529204728e+02 
       3.598724430608e-01       1.462275398779e+02 
       3.726364907869e-01       1.379044860616e+02 
       3.860262368632e-01       1.300236560004e+02 
       4.001119703966e-01       1.225523273591e+02 
       4.149792044101e-01       1.153970331065e+02 
       4.307333614764e-01       1.085117667578e+02 
       4.475063967121e-01       1.019040047816e+02 
       4.654663916019e-01       9.556675552280e+01 
       4.848318450267e-01       8.944365990047e+01 
       5.058936559265e-01       8.349826304521e+01 
       5.290502196202e-01       7.771544045929e+01 
       5.548659516450e-01       7.203885955893e+01 
       5.841740007823e-01       6.642302272123e+01 
       6.182677280429e-01       6.079961429794e+01 
       6.592837299123e-01       5.507951987649e+01 
       7.110307238248e-01       4.912812664976e+01 
       7.809180088860e-01       4.275538989525e+01 
       8.844217420049e-01       3.573568618417e+01 
       1.051247912371e+00       2.811933260862e+01 
       1.307355115179e+00       2.105685705740e+01 
       1.644961495195e+00       1.569420964339e+01 
       2.070873128908e+00       1.173397760005e+01 
       2.607074783719e+00       8.737113055015e+00 
       3.282112695666e+00       6.430708861080e+00 
       4.131935076946e+00       4.648816479554e+00 
       5.201798068251e+00       3.284610451580e+00 
       6.548675775142e+00       2.260611405334e+00 
       8.244294346928e+00       1.512682391507e+00 
       1.037895165566e+01       9.838111640519e-01 
