k                         pk_lin                   
7.87206951893e-06         121.026642384            
9.9103483608e-06          150.31107642             
1.24763893911e-05         186.681372378            
1.57068436519e-05         231.852073865            
1.97737446125e-05         287.951351573            
2.4893669579e-05          357.623501021            
3.13392732258e-05         444.151553116            
3.94538074512e-05         551.611716307            
4.96694007923e-05         685.064202252            
6.2530070846e-05          850.789173423            
7.87206951893e-05         1056.57758537            
9.9103483608e-05          1312.08839802            
0.000124763893911         1629.28439057            
0.000157068436519         2022.95859655            
0.000197737446125         2511.36060278            
0.00024893669579          3116.925034              
0.000313392732258         3867.0918218             
0.000394538074512         4795.18985664            
0.000496694007923         5941.33318985            
0.00062530070846          7353.23856698            
0.000787206951893         9086.75000179            
0.00099103483608          11205.0762871            
0.00124763893911          13778.054311             
0.00157068436519          16877.9537418            
0.00197737446125          20571.9288789            
0.0024893669579           24910.3703834            
0.00313392732258          29909.4255532            
0.00394538074512          35525.6567526            
0.00496694007923          41618.9817849            
0.0062530070846           47913.3047214            
0.00787206951893          53942.1747624            
0.0099103483608           58997.542477             
0.0124763893911           62123.1341019            
0.0157068435578           62246.7662735            
0.0197736675418           58581.8656618            
0.0248823519189           51432.5129869            
0.0309421352873           43237.9685668            
0.0361351247793           38023.2719368            
0.0398871635896           35332.0617519            
0.0429677178131           33622.5267424            
0.0457118457261           32336.8966755            
0.0482677722884           31235.2869905            
0.0507134768942           30193.0414254            
0.0530955143436           29140.8677634            
0.0554443653709           28037.8520146            
0.0577814563881           26867.1257126            
0.0601227391027           25629.4261706            
0.0624806737525           24337.9099431            
0.0648654015006           23017.3295774            
0.0672854744134           21699.2185148            
0.0697483295909           20418.4907494            
0.0722606080267           19209.244813             
0.0748283753056           18101.0665227            
0.0774572780181           17117.194448             
0.0801526567627           16268.1168394            
0.0829196290246           15554.4375879            
0.085763150643            14964.0122165            
0.0886880617463           14472.5245645            
0.0916991212244           14045.2479396            
0.0948010326401           13641.0312921            
0.0979984637099           13217.7509056            
0.101296060976            12739.5742097            
