# Matter power spectrum P(k) at redshift z=0
# for k=1.33489e-05 to 0.182247 h/Mpc,
# number of wavenumbers equal to 64
#    1:k (h/Mpc)              2:P (Mpc/h)^3        
       1.334887347100e-05       2.307277954944e+01 
       1.680523603146e-05       2.891808774767e+01 
       2.115653869121e-05       3.624421235015e+01 
       2.663450418397e-05       4.542629405425e+01 
       3.353085414774e-05       5.693446440361e+01 
       4.221284436575e-05       7.135786807465e+01 
       5.314282247615e-05       8.943480225418e+01 
       6.690284966969e-05       1.120903245679e+02 
       8.422569757062e-05       1.404833246067e+02 
       1.060338709977e-04       1.760652527939e+02 
       1.334887347100e-04       2.206532066317e+02 
       1.680523603146e-04       2.765205705662e+02 
       2.115653869121e-04       3.465087068152e+02 
       2.663450418397e-04       4.341632895010e+02 
       3.353085414774e-04       5.438983509465e+02 
       4.221284436575e-04       6.811894919586e+02 
       5.314282247615e-04       8.527946258486e+02 
       6.690284966969e-04       1.066996012373e+03 
       8.422569757062e-04       1.333851401926e+03 
       1.060338709977e-03       1.665431391684e+03 
       1.334887347100e-03       2.075987723293e+03 
       1.680523603146e-03       2.581928407443e+03 
       2.115653869121e-03       3.201359175058e+03 
       2.663450418397e-03       3.953293919863e+03 
       3.353085414774e-03       4.855794233400e+03 
       4.221284436575e-03       5.922922860885e+03 
       5.314282247615e-03       7.160317491711e+03 
       6.690284966969e-03       8.558820488324e+03 
       8.422569757062e-03       1.008536901582e+04 
       1.060338709977e-02       1.167357813678e+04 
       1.334887347100e-02       1.321105848142e+04 
       1.680523603146e-02       1.452809050013e+04 
       2.115653869117e-02       1.539864593676e+04 
       2.663450397759e-02       1.557100418212e+04 
       3.353069591062e-02       1.486040264834e+04 
       4.219081393372e-02       1.332955928846e+04 
       5.240581415472e-02       1.152445377954e+04 
       6.103746502642e-02       1.034901590793e+04 
       6.729394965565e-02       9.707295436590e+03 
       7.245017704891e-02       9.273395321825e+03 
       7.705246714730e-02       8.928542697167e+03 
       8.134407298199e-02       8.620848572569e+03 
       8.545362407118e-02       8.324497519677e+03 
       8.945819559424e-02       8.024939448918e+03 
       9.340838972410e-02       7.714962032263e+03 
       9.733985471272e-02       7.392384051357e+03 
       1.012791779424e-01       7.058572329733e+03 
       1.052471590638e-01       6.717792938734e+03 
       1.092607487605e-01       6.376140294915e+03 
       1.133342578352e-01       6.040911554470e+03 
       1.174801435592e-01       5.719716216122e+03 
       1.217095390805e-01       5.419426263957e+03 
       1.260326201791e-01       5.145640038473e+03 
       1.304588653886e-01       4.901803884414e+03 
       1.349972440321e-01       4.688994446899e+03 
       1.396563541934e-01       4.505348445641e+03 
       1.444445250781e-01       4.346344873668e+03 
       1.493698935234e-01       4.205142972426e+03 
       1.544404614209e-01       4.073146365283e+03 
       1.596641388795e-01       3.941111414826e+03 
       1.650487766776e-01       3.800757995930e+03 
       1.706021907059e-01       3.646284684846e+03 
       1.763321805394e-01       3.475669253223e+03 
       1.822465438990e-01       3.291641320284e+03 
