k                         CCL nl error             
9.8265814856e-06          -3.70166917447e-06       
1.23709331433e-05         -3.02533873515e-06       
1.55740821017e-05         -2.06272144562e-06       
1.96066077232e-05         -1.85319451153e-07       
2.46832567018e-05         -5.85600439993e-08       
3.10743791078e-05         -5.85631119611e-08       
3.91203255145e-05         -5.85562832334e-08       
4.92495719078e-05         -5.8555445603e-08        
6.20015375948e-05         -5.85542081389e-08       
7.80553112484e-05         -5.85436736235e-08       
9.8265814856e-05          -5.85499245165e-08       
0.000123709331433         -5.85269117349e-08       
0.000155740821017         -5.85249450141e-08       
0.000196066077232         -5.85044290359e-08       
0.000246832567018         -5.84372516219e-08       
0.000310743791078         -5.8495810028e-08        
0.000391203255145         -5.83107622908e-08       
0.000492495719078         -5.83157215678e-08       
0.000620015375948         -5.81841459187e-08       
0.000780553112484         -5.78925766256e-08       
0.00098265814856          -5.79310830724e-08       
0.00123709331433          -5.88229303525e-08       
0.00155740821017          -5.5854241528e-08        
0.00196066077232          -6.45936264342e-08       
0.00246832567018          -6.94452714791e-09       
0.00310743791078          -5.86441635022e-08       
0.00391203255145          -0.00609275896904        
0.00492495719078          -0.00765842663705        
0.00620015375948          -0.00959988965835        
0.00780553112484          -0.0119699345316         
0.0098265814856           -0.0147790457907         
0.0123709331433           -0.0179287311489         
0.0155740821009           -0.0210914258758         
0.0196066055715           -0.0235309799352         
0.0246824271588           -0.0238866829663         
0.0310084715738           -0.0199399955577         
0.0378254389699           -0.0099703732262         
0.0429122669228           0.00177310297219         
0.0467839010206           0.0134272967224          
0.0500931325755           0.0252954837553          
0.053104985458            0.0375612596038          
0.0559460678023           0.0502812972815          
0.0586869376353           0.0634527270978          
0.0613715030888           0.0770221726442          
0.0640294313516           0.090917314724           
0.0666821077946           0.105071009541           
0.0693457892249           0.119432491797           
0.0720334017804           0.133977123928           
0.0747556283171           0.148749648412           
0.0775215981167           0.163835827846           
0.0803393417339           0.179406746279           
0.0832161007621           0.195695798374           
0.0861585444732           0.213007241027           
0.0891729246631           0.231641632679           
0.0922651882746           0.251908172839           
0.0954410604175           0.27404059393            
0.0987061061633           0.298153828157           
0.102065776821            0.324175839094           
0.105525444698            0.351818743526           
0.109090429231            0.380558851233           
0.112766016643            0.409716457264           
0.11655747477             0.438533893297           
0.120470064415            0.466395608627           
0.124509048325            0.492977549765           
0.128679698775            0.518424891738           
0.132987304652            0.543415769005           
0.137437178839            0.569065035193           
0.142034666729            0.59667388635            
0.146785156593            0.627293364875           
0.151694092595            0.661344508797           
0.156766991167            0.698233142303           
0.1620094615              0.736465876159           
0.16742723088             0.773713335645           
0.173026175605            0.807610344311           
0.178812358256            0.837060641193           
0.184792072096            0.862819727394           
0.190971893466            0.887157418702           
0.197358743126            0.912783291929           
0.203959957645            0.941615224772           
0.210783372156            0.973563148623           
0.21783741608             1.00605918657            
0.22513122385             1.03535307323            
0.23267476318             1.05875737858            
0.240478984175            1.07631418999            
0.248555993508            1.09095391934            
0.256919259155            1.10636436611            
0.265583852884            1.12363662379            
0.274566739879            1.14041894049            
0.283887127937            1.15282591447            
0.293566892759            1.15886974018            
0.303631101512            1.16042480503            
0.314108664765            1.16064883447            
0.325033158101            1.16061121244            
0.336443870908            1.15789004719            
0.348387163614            1.1501400372             
0.360918250146            1.137978266              
0.37410357673             1.12371752225            
0.388024053005            1.1076002578             
0.402779527517            1.08822469802            
0.418495124132            1.0655024171             
0.435330437893            1.04089708282            
0.453493262588            1.01484921615            
0.473260758905            0.987455050561           
0.495013347694            0.960101340992           
0.519291418677            0.934263507976           
0.546895254524            0.912289810353           
0.579072184903            0.897957232819           
0.617892983212            0.898016732229           
0.667071062387            0.924979422439           
0.733875651518            1.00417158905            
0.83352342707             1.18754318429            
0.994591481422            1.55061176304            
1.23922118247             2.05947678087            
1.55944224457             2.55143276925            
1.96321462877             2.98229343936            
2.47154077219             3.36848819922            
3.11148548439             3.73380338566            
3.91712814473             4.10052412571            
4.93137216266             4.48729038432            
6.20822973058             4.90972565848            
