k                         CCL nl error             
9.15076277141e-06         -5.19217874908e-06       
1.15201277902e-05         -4.46312454215e-06       
1.45029816222e-05         -2.68486131967e-06       
1.8258172111e-05          -2.68681250791e-07       
2.29856768435e-05         -1.04668054124e-07       
2.89372526855e-05         -1.0472025785e-07        
3.64298427533e-05         -1.04348272433e-07       
4.58624547898e-05         -1.04713733907e-07       
5.77374097822e-05         -1.05116565736e-07       
7.26870923859e-05         -1.04703835379e-07       
9.15076277141e-05         -1.06379386116e-07       
0.000115201277902         -1.04684901197e-07       
0.000145029816222         -1.04631057187e-07       
0.00018258172111          -1.04633194046e-07       
0.000229856768435         -1.0424412977e-07        
0.000289372526855         -1.04513090911e-07       
0.000364298427533         -1.04253471384e-07       
0.000458624547898         -1.04214527899e-07       
0.000577374097822         -1.03792227733e-07       
0.000726870923859         -1.03601462066e-07       
0.000915076277141         -1.02558635231e-07       
0.00115201277902          -1.02757374692e-07       
0.00145029816222          -9.93190775418e-08       
0.0018258172111           -1.06818755349e-07       
0.00229856768435          -7.79859572792e-08       
0.00289372526855          -1.56645377791e-07       
0.00364298427533          -0.00467322784907        
0.00458624547898          -0.00587410457479        
0.00577374097822          -0.0073672551368         
0.00726870923859          -0.00920189203533        
0.00915076277141          -0.0114082119155         
0.0115201277902           -0.0139631572082         
0.0145029816194           -0.0167314853888         
0.0182581666609           -0.0193836249497         
0.0229840656121           -0.0213043321937         
0.0288344100915           -0.0214610458526         
0.0348146563242           -0.0189541445186         
0.0391543398121           -0.0152698043414         
0.0425301308393           -0.0112446865713         
0.045451738621            -0.00695496129574        
0.0481290176561           -0.00241551189012        
0.0506649869841           0.00235002422885         
0.0531181909525           0.00731242420526         
0.0555255844893           0.0124353275887          
0.0579124125653           0.0176897400384          
0.0602970352041           0.0230516011519          
0.0626935135883           0.0285120290907          
0.0651130994546           0.0340854276199          
0.0675651431607           0.0398082563614          
0.0700576734376           0.0457502654105          
0.0725977817893           0.0520049935897          
0.0751918854515           0.0586886882778          
0.0778459119732           0.0659242343244          
0.0805654315406           0.0738384201674          
0.0833557534445           0.0825256879477          
0.0862219973163           0.0920443195948          
0.0891691462119           0.102385851867           
0.0922020863918           0.113462142513           
0.0953256372088           0.125114237571           
0.0985445735779           0.137111097066           
0.101863642878            0.149208132961           
0.105287577724            0.161198463855           
0.108821105777            0.17298121463            
0.11246895756             0.184615353915           
0.116235873159            0.196343505234           
0.120126608576            0.208560303859           
0.124145942486            0.221729694071           
0.128298684093            0.236236085724           
0.132589682777            0.252280818952           
0.137023840215            0.269737271548           
0.141606125624            0.288162241427           
0.146341594812            0.306905626531           
0.151235413673            0.325369618024           
0.156292886824            0.343150568422           
0.161519492031            0.360390253018           
0.166920921183            0.377806793248           
0.172503128559            0.396263028216           
0.178272387291            0.416377095568           
0.184235355021            0.438149110541           
0.190399149967            0.46106493995            
0.196771438924            0.484311519659           
0.203360539036            0.507202680144           
0.210175535771            0.529731355295           
0.217226420135            0.552582981375           
0.224524249107            0.57656984094            
0.232081334423            0.602107164262           
0.239911466453            0.628900657369           
0.248030181968            0.656250879822           
0.256455087478            0.683886605748           
0.265206253663            0.712144323465           
0.274306701796            0.741615752344           
0.283783010515            0.77257926964            
0.293666082021            0.80488351299            
0.303992122124            0.838448447316           
0.314803911338            0.873539706481           
0.326152478201            0.91054938483            
0.338099338294            0.949701138704           
0.350719544295            0.991283725621           
0.364105924355            1.03589210067            
0.378375104636            1.08402809842            
0.393676285799            1.1363220583             
0.410204406619            1.19384764039            
0.428220553709            1.25808249201            
0.448084849124            1.33066478937            
0.47031188925             1.4145095081             
0.495669296274            1.51369677729            
0.525364224383            1.63492412446            
0.56142293609             1.78976976647            
0.607527128873            1.99992998748            
0.670980833028            2.3100538441             
0.767105493476            2.81691404206            
0.923004806363            3.68721948062            
1.15389495656             4.94081520268            
1.4523503892              6.32691713277            
1.8283981868              7.69468377541            
2.30181693661             9.00626238329            
2.8978158348              10.273918461             
3.64813399313             11.5324863298            
4.59272858958             12.824824896             
5.7819027309              14.1940625612            
