z=0 k                     pk_nl                    
1.51221634169e-07         1.94625591947            
1.90376758069e-07         2.4325957658             
2.39670138548e-07         3.04046456613            
3.01726827866e-07         3.80023056354            
3.79851571021e-07         4.7498505646             
4.78204795468e-07         5.93676620635            
6.02024169057e-07         7.4202740717             
7.5790352494e-07          9.27448806055            
9.54144007235e-07         11.5920420128            
1.20119613722e-06         14.4887175603            
1.51221634169e-06         18.1092284095            
1.90376758069e-06         22.634450028             
2.39670138548e-06         28.2904559202            
3.01726827866e-06         35.3598119321            
3.79851571021e-06         44.19569283              
4.78204795468e-06         55.2395264001            
6.02024169057e-06         69.0430465395            
7.5790352494e-06          86.2958570812            
9.54144007235e-06         107.859883401            
1.20119613722e-05         134.812432957            
1.51221634169e-05         168.500052883            
1.90376758069e-05         210.604328786            
2.39670138548e-05         263.228535192            
3.01726827866e-05         329.000135138            
3.79851571021e-05         411.201907447            
4.78204795468e-05         513.934542074            
6.02024169057e-05         642.318435484            
7.5790352494e-05          802.743912907            
9.54144007235e-05         1003.17906395            
0.000120119613722         1253.54586746            
0.000151221634169         1566.1731144             
0.000190376758069         1956.33050733            
0.000239670138548         2442.83771913            
0.000301726827866         3048.72368346            
0.000379851571021         3801.88466775            
0.000478204795468         4735.66067435            
0.000602024169057         5889.22035812            
0.00075790352494          7307.56126746            
0.000954144007235         9040.64834754            
0.00120119613722          11140.8129689            
0.00151221634169          13657.7385566            
0.00190376758069          16630.8862251            
0.00239670138548          20077.4441758            
0.00301726827866          23975.0822154            
0.00379851571021          28158.597319             
0.00478204795468          32591.4055948            
0.00602024169057          36942.3451501            
0.0075790352494           40793.362452             
0.00954144007235          43598.8329684            
0.0120119613716           44719.7821861            
0.0151221617861           43586.1091958            
0.0190370441825           40045.2806208            
0.023916640962            34833.0963722            
0.029179248226            30078.3200703            
0.0331085965029           27428.9321255            
0.0360981356116           25825.9739533            
0.0386528340995           24636.9231006            
0.0409776752934           23631.6901924            
0.0431705380004           22703.824064             
0.0452859508337           21804.1910469            
0.0473578383892           20903.8040519            
0.0494091179422           19994.9705633            
0.0514563066903           19077.1625743            
0.0535119591171           18157.8975291            
0.0555860564635           17249.9076038            
0.0576868469789           16370.0638669            
0.0598213788144           15532.5818401            
0.061995851422            14752.1839246            
0.0642158548489           14040.0118048            
0.0664865370839           13401.9854535            
0.0688127236609           12838.4153982            
0.0711990046472           12344.2251801            
0.0736497987661           11907.9724981            
0.0761694011219           11513.2765541            
0.0787620189417           11141.2330147            
0.0814317984218           10772.302619             
0.0841828449102           10389.1827671            
0.0870192380853           9980.94057073            
0.0899450434117           9543.41143438            
0.0929643209045           9083.74024171            
0.0960811320619           8616.70040013            
0.0992995457231           8160.57330451            
0.102623643529            7735.68930713            
0.106057525627            7355.98605853            
0.109605317233            7027.51949922            
0.113271176631            6745.79943187            
0.117059305211            6497.39644009            
0.120973960096            6263.34924906            
0.125019469952            6025.33084969            
0.129200254524            5772.2184251             
0.133520848491            5502.99331429            
0.137985930208            5227.79521542            
0.142600355962            4963.47743681            
0.147369200388            4724.79871283            
0.152297803792            4516.76865236            
0.157391827219            4333.45086077            
0.1626573163              4163.75349738            
0.168100775095            3996.53834287            
0.173729251512            3824.44737634            
0.179550436259            3649.85788703            
0.185572777874            3481.77905668            
0.191805617084            3327.80633927            
0.198259344748            3189.56833256            
0.204945588904            3062.07133356            
0.211877438183            2937.51931026            
0.219069711157            2813.62108129            
0.226539284389            2692.91301479            
0.234305496255            2579.456536              
0.242390649776            2474.53904492            
0.250820646296            2374.8828693             
0.259625794348            2277.88884074            
0.268841856356            2183.44929744            
0.278511423226            2093.65579633            
0.288685748731            2008.16585437            
0.29942724103             1925.62077084            
0.310812913544            1845.44494877            
0.322939270404            1767.69213013            
0.33592939608             1692.36988011            
0.349943537916            1618.65336821            
0.365195423086            1546.02711426            
0.381978381582            1474.20512483            
0.400709048518            1402.30378873            
0.42200435871             1329.50408282            
0.446825729372            1254.5614036             
0.476768976173            1175.62667541            
0.514695157759            1089.80315114            
0.56620367105             992.30606383             
0.64301493013             875.669163358            
0.767159202304            733.620487925            
0.955786586777            581.087133175            
1.20276140917             444.641015855            
1.51418154721             329.216493356            
1.90624161781             234.896630189            
2.39981601367             161.524023945            
3.02118936324             107.455689188            
3.80345206323             69.5292703521            
4.78826245494             43.9929784454            
6.02806528287             27.3511653682            
7.58888456855             16.7770413195            
9.55383963052             10.1865769781            
