z=2 k                     pk_nl                    
1.14261714899e-07         0.895677229679           
1.43846976481e-07         1.12460894502            
1.81092614102e-07         1.41205474172            
2.27982093781e-07         1.77297059787            
2.87012451295e-07         2.22613518302            
3.61327268436e-07         2.79512692373            
4.54884080209e-07         3.50955080328            
5.72665127995e-07         4.40657872679            
7.20942682082e-07         5.53288359788            
9.07613062919e-07         6.94706773796            
1.14261714899e-06         8.72271200036            
1.43846976481e-06         10.9522042265            
1.81092614102e-06         13.7515462408            
2.27982093781e-06         17.266389496             
2.87012451295e-06         21.6796134053            
3.61327268436e-06         27.2208406693            
4.54884080209e-06         34.1783846829            
5.72665127995e-06         42.9142506553            
7.20942682082e-06         53.8829709594            
9.07613062919e-06         67.655254725             
1.14261714899e-05         84.94770811              
1.43846976481e-05         106.659081666            
1.81092614102e-05         133.918878869            
2.27982093781e-05         168.144302608            
2.87012451295e-05         211.113940661            
3.61327268436e-05         265.059133415            
4.54884080209e-05         332.777945321            
5.72665127995e-05         417.776485352            
7.20942682082e-05         524.442884801            
9.07613062919e-05         658.258955217            
0.000114261714899         826.052772274            
0.000143846976481         1036.29051508            
0.000181092614102         1299.39537644            
0.000227982093781         1628.06185326            
0.000287012451295         2037.50243356            
0.000361327268436         2545.52532961            
0.000454884080209         3172.31647052            
0.000572665127995         3939.81568422            
0.000720942682082         4870.58186504            
0.000907613062919         5985.7456319             
0.00114261714899          7301.07967999            
0.00143846976481          8821.02107859            
0.00181092614102          10531.7117002            
0.00227982093781          12392.9614625            
0.00287012451295          14329.7113888            
0.00361327268436          16220.9036983            
0.00454884080209          17915.6607837            
0.00572665127995          19209.1612032            
0.00720942682082          19874.1962679            
0.00907613062919          19683.0923405            
0.0114261714676           18472.7707832            
0.014384673447            16262.9461465            
0.0181047796527           13405.9593334            
0.0226054699064           10674.6097443            
0.0267082431916           9015.13676987            
0.0296463106574           8186.44685672            
0.0320178409108           7646.87971686            
0.0341114760757           7219.65309557            
0.0360514962367           6839.53498698            
0.0379018278814           6478.10763988            
0.0397000281676           6123.08973775            
0.0414703935821           5770.63311129            
0.0432298425762           5421.84366787            
0.0449908731693           5080.70958281            
0.0467631837919           4752.72696323            
0.0485546232246           4443.62719396            
0.0503717779646           4158.55643216            
0.0522203515581           3901.45106815            
0.0541054185077           3674.33443758            
0.0560315993315           3477.22774759            
0.0580031842368           3307.95677045            
0.060024222241            3162.36448956            
0.0620985864065           3034.52689355            
0.0642300221545           2917.56824886            
0.066422183338            2804.29469297            
0.068678659301            2688.38363571            
0.071002995216            2565.24429485            
0.0733987073735           2433.03176754            
0.0758692946912           2292.99153814            
0.0784182474368           2149.16759021            
0.0810490539788           2007.55793017            
0.0837652062604           1874.44185041            
0.0865702046121           1754.99533371            
0.0894675624709           1651.81370702            
0.0924608115428           1564.40581809            
0.0955535079248           1489.41341555            
0.09874923969             1421.55210067            
0.102051636434            1355.12201464            
0.105464381272            1285.89836434            
0.108991225777            1212.57338753            
0.112636008338            1136.23743102            
0.116402676456            1061.7892128             
0.120295313458            993.201266328            
0.124318170193            932.827116296            
0.128475702302            880.421498113            
0.132772613715            833.151146621            
0.137213907179            787.625337729            
0.141804942762            742.306855091            
0.146551505514            697.247927265            
0.15145988375             653.260431152            
0.15653695988             612.12513765             
0.161790316176            575.058603282            
0.167228358665            541.25499305             
0.172860463206            509.390957491            
0.178697149128            478.575601386            
0.184750287463            448.582473662            
0.191033353096            420.345380372            
0.197561733291            394.117105755            
0.204353109389            369.702533018            
0.211427934558            346.620913839            
0.218810039231            324.394374832            
0.226527408508            303.364269309            
0.234613194556            283.621013618            
0.243107055385            264.988706959            
0.252056954992            247.181136863            
0.261521628933            230.274617875            
0.271574031348            214.2341498              
0.282306266638            198.90997235             
0.293836832445            184.263943641            
0.306321580682            170.213875329            
0.319970888948            156.696263025            
0.335077666155            143.593777447            
0.352065236793            130.814869185            
0.371573900355            118.238460542            
0.394627990938            105.708013798            
0.422983517602            93.0064773757            
0.459911016706            79.847664648             
0.512048923529            65.8799458962            
0.593199430845            50.9645904259            
0.724075448886            36.4960004475            
0.908761463619            25.4604335957            
1.14399225389             18.052667355             
1.44020055527             13.0247073915            
1.81310507682             9.50865137459            
2.28256405547             6.97583497856            
2.87357789348             5.10507706401            
3.61762023287             3.69997011201            
4.55431404138             2.63837951993            
5.73354167998             1.84119034616            
7.21810132051             1.252839607              
