z=2 k                     pk_nl                    
1.8799884426e-07          0.224014983634           
2.36676522427e-07         0.280302562367           
2.97958088459e-07         0.350733353612           
3.75107009211e-07         0.438861080318           
4.72231746037e-07         0.549132398827           
5.94504545342e-07         0.687111263598           
7.48436879559e-07         0.859759667382           
9.42226206801e-07         1.07578892214            
1.1861925154e-06          1.34609920528            
1.49332790092e-06         1.68432954939            
1.8799884426e-06          2.10754602619            
2.36676522427e-06         2.63710284849            
2.97958088459e-06         3.29971983867            
3.75107009211e-06         4.12883062939            
4.72231746037e-06         5.16626962278            
5.94504545342e-06         6.46438282677            
7.48436879559e-06         8.08866907503            
9.42226206801e-06         10.1210848984            
1.1861925154e-05          12.6641798014            
1.49332790092e-05         15.8462705977            
1.8799884426e-05          19.8279179122            
2.36676522427e-05         24.8099461447            
2.97958088459e-05         31.043721293             
3.75107009211e-05         38.8436952814            
4.72231746037e-05         48.6032601752            
5.94504545342e-05         60.8145177203            
7.48436879559e-05         76.0929423408            
9.42226206801e-05         95.2081145978            
0.00011861925154          119.121911576            
0.000149332790092         149.035781133            
0.00018799884426          186.448892724            
0.000236676522427         233.22896535             
0.000297958088459         291.697210888            
0.000375107009211         364.727783038            
0.000472231746037         455.859975083            
0.000594504545342         569.417921265            
0.000748436879559         710.62809893             
0.000942226206801         885.720956101            
0.0011861925154           1101.99510346            
0.00149332790092          1367.75068072            
0.0018799884426           1692.1456315             
0.00236676522427          2084.5976844             
0.00297958088459          2553.67425911            
0.00375107009211          3100.02749234            
0.00472231746037          3733.20477452            
0.00594504545342          4441.51345887            
0.00748436879559          5203.4773865             
0.00942226206801          5977.17853017            
0.011861925154            6695.80477889            
0.0149332790062           7265.19360708            
0.0187998786761           7576.12176312            
0.0236659633838           7543.71632352            
0.0296885907986           7182.25713747            
0.0358362222496           6724.86281202            
0.0402951421124           6415.1032814             
0.0437655287702           6193.54118705            
0.0467698872765           6010.86318265            
0.0495234432806           5845.98412885            
0.0521319223647           5688.3158117             
0.0546554353168           5532.00478925            
0.0571319389652           5373.87056076            
0.0595873696459           5212.46420857            
0.0620405942902           5047.62069103            
0.0645060649327           4880.18488253            
0.0669953478738           4711.75071059            
0.0695180561764           4544.37646552            
0.072082445109            4380.43645088            
0.0746958070023           4222.22638621            
0.0773647413896           4071.79133125            
0.0800953446475           3930.6167919             
0.0828933459557           3799.42280661            
0.0857642064212           3678.0575967             
0.0887131922789           3565.40646722            
0.0917454294414           3459.51172139            
0.0948659443775           3357.74469034            
0.0980796948268           3257.1869199             
0.101391592889            3155.08534789            
0.104806522394            3049.36256229            
0.108329352029            2939.09157341            
0.111964945414            2824.80751432            
0.115718169147            2708.46630702            
0.119593899685            2593.06490165            
0.123597029889            2481.95022733            
0.127732475968            2378.06625108            
0.132005185575            2283.09235184            
0.136420147739            2196.97025275            
0.140982405339            2117.86509582            
0.145697070809            2042.68287516            
0.150569345743            1968.03927061            
0.155604545095            1891.64797805            
0.16080812665             1812.51842635            
0.166185726476            1732.04923082            
0.171743201093            1653.35456348            
0.177486677168            1579.6099178             
0.183422609631            1512.37329824            
0.189557849255            1451.10043763            
0.195899720967            1393.81026244            
0.202456114413            1337.93732568            
0.209235588731            1281.6120655             
0.216247493978            1224.94321026            
0.223502112381            1169.69554178            
0.23101082348             1117.71608993            
0.238786298474            1069.8630729             
0.246842730682            1025.22200819            
0.255196111212            981.958166923            
0.263864561845            939.141907664            
0.272868741127            897.162001913            
0.282232345191            857.153276563            
0.291982732536            819.631315191            
0.302151712973            783.961458554            
0.312776556852            749.268172976            
0.323901304041            715.376546874            
0.335578487261            682.833976831            
0.34787143814             651.77898951             
0.360857428839            621.775554826            
0.374632038023            592.545515504            
0.389315355259            564.139239037            
0.405061023482            536.600481713            
0.422069803125            509.661973031            
0.440610605735            483.140509133            
0.461054392307            456.97937605             
0.483931326708            430.88363663             
0.510032397522            404.601211522            
0.540601784921            377.736297778            
0.577728481001            349.70641556             
0.625209414138            319.625133251            
0.690579671349            286.11379096             
0.789645363715            247.336155478            
0.950319487174            203.110623578            
1.18812711205             160.111922093            
1.49544198386             123.963138095            
1.88264727272             93.8270498145            
2.37011248945             68.7575475268            
2.98379484178             48.4684124               
3.7563751499              32.8321672417            
4.72899613244             21.4606378666            
5.9534534034              13.623195357             
7.49495377747             8.45251354911            
9.43558777068             5.15423695095            
