z=1 k                     pk_nl                    
1.23275577692e-07         2.82079922777            
1.5519475741e-07          3.50818248581            
1.95378623881e-07         4.36306995286            
2.45967114525e-07         5.42627970196            
3.09654250941e-07         6.74857651197            
3.8983160538e-07          8.39309571924            
4.90768914333e-07         10.4383577229            
6.17841457573e-07         12.9820170764            
7.77816311398e-07         16.1455251723            
9.79212720127e-07         20.0799291477            
1.23275577692e-06         24.9730838901            
1.5519475741e-06          31.0586214919            
1.95378623881e-06         38.6271064166            
2.45967114525e-06         48.0399089996            
3.09654250941e-06         59.7464596959            
3.8983160538e-06          74.3057079109            
4.90768914333e-06         92.4128100015            
6.17841457573e-06         114.932320712            
7.77816311398e-06         142.93947283             
9.79212720127e-06         177.771516021            
1.23275577692e-05         221.091620826            
1.5519475741e-05          274.966048154            
1.95378623881e-05         341.966826923            
2.45967114525e-05         425.290729251            
3.09654250941e-05         528.911657815            
3.8983160538e-05          657.768221055            
4.90768914333e-05         817.995315435            
6.17841457573e-05         1017.20867855            
7.77816311398e-05         1264.85218823            
9.79212720127e-05         1572.61697852            
0.000123275577692         1954.93810342            
0.00015519475741          2429.5659448             
0.000195378623881         3018.1918587             
0.000245967114525         3747.07667293            
0.000309654250941         4647.5854178             
0.00038983160538          5756.48338566            
0.000490768914333         7115.8210897             
0.000617841457573         8772.2106343             
0.000777816311398         10775.0538923            
0.000979212720127         13172.6011723            
0.00123275577692          16004.6993066            
0.0015519475741           19292.4923401            
0.00195378623881          23024.4185705            
0.00245967114525          27139.4291079            
0.00309654250941          31507.2823285            
0.0038983160538           35851.405129             
0.00490768914333          39960.0805005            
0.00617841457573          43378.842562             
0.00777816311398          45622.2385393            
0.00979212720127          46180.730644             
0.0123275577149           44643.7027277            
0.0155194276675           40924.1490852            
0.0195303379852           35546.9323717            
0.0243173055288           29929.3315238            
0.0284897521816           26183.4155971            
0.0314944969311           24027.2397938            
0.0339502095092           22486.9304853            
0.0361324462166           21224.1419361            
0.0381621818597           20105.7323916            
0.0401026695034           19070.9799932            
0.0419915066312           18090.6576905            
0.0438532284759           17153.3157545            
0.0457050372553           16255.4042632            
0.0475597123964           15398.5963997            
0.0494272180813           14587.6649223            
0.0513156513014           13827.0475729            
0.0532318310233           13120.9891629            
0.055181680259            12472.0801267            
0.0571704826802           11879.821208             
0.0592030600437           11340.4500066            
0.0612838978264           10847.8938476            
0.0634172359277           10393.0605498            
0.0656071351568           9966.11792534            
0.0678575265245           9555.64603075            
0.0701722480704           9152.5479217             
0.0725550724975           8749.79984776            
0.075009727942            8343.67103438            
0.0775399135904           7935.35201202            
0.0801493114373           7529.06693261            
0.0828415952107           7132.30713701            
0.0856204373027           6753.74129705            
0.088489514428            6400.24050736            
0.0914525126529           6076.02702296            
0.0945131323856           5780.91440896            
0.0976750938932           5510.6838525             
0.100942143884            5258.41707213            
0.104318063689            5016.4596099             
0.107806679557            4778.73790197            
0.111411875593            4542.47229239            
0.115137609835            4309.31028772            
0.118987934006            4082.322675              
0.122967017437            3868.07570055            
0.127079175733            3670.03947112            
0.131328904725            3487.64521685            
0.135720920362            3318.07303681            
0.140260205249            3157.09556138            
0.14495206268             3001.06008221            
0.149802179179            2850.05464813            
0.154816696837            2705.983687              
0.160002297025            2569.6181074             
0.165366297534            2441.37556077            
0.170916765787            2321.49993618            
0.176662651502            2208.25456663            
0.182613943263            2099.97750572            
0.188781854782            1996.83984036            
0.195179048503            1898.60621372            
0.201819906652            1805.82237396            
0.208720863265            1718.14060527            
0.215900815458            1634.73666736            
0.223381638861            1555.46325062            
0.231188841677            1479.65594442            
0.23935240575             1407.68000056            
0.247907883588            1339.06038764            
0.256897851501            1273.53139414            
0.266373867186            1210.64012885            
0.276399156488            1150.46137496            
0.287052378391            1092.56676765            
0.29843302575             1036.66395873            
0.310669380868            982.569077623            
0.32393059636             929.931004598            
0.338445696393            878.399858057            
0.354534711303            827.558688077            
0.37266220432             776.907581481            
0.393534658226            725.787004542            
0.418289856363            673.316134383            
0.448894308809            618.114188018            
0.489045194393            558.091161603            
0.546304920949            490.023425997            
0.636256154226            410.481209923            
0.780388590928            323.548858934            
0.980309096021            246.084995995            
1.23409001654             183.765549434            
1.55362708491             134.228415157            
1.95590061752             95.4589986227            
2.46233299034             65.8915904736            
3.09989357384             44.0967197741            
3.90253479397             28.6533659113            
4.91300022254             18.140887529             
6.1851008283              11.2386789992            
