z=0 k                     pk_nl                    
1.74059247468e-07         1.69163022818            
2.19127609796e-07         2.10036821309            
2.75865316397e-07         2.60786698953            
3.47293857045e-07         3.23798950713            
4.37217061994e-07         4.0203645701             
5.50423669815e-07         4.99178000452            
6.92942345183e-07         6.19791244776            
8.72362727259e-07         7.69547509611            
1.09823960565e-06         9.55488439923            
1.38260174779e-06         11.8635710911            
1.74059247468e-06         14.7300912448            
2.19127609796e-06         18.2892306552            
2.75865316397e-06         22.7083425622            
3.47293857045e-06         28.1952167176            
4.37217061994e-06         35.0078498057            
5.50423669815e-06         43.4665766286            
6.92942345183e-06         53.9691324745            
8.72362727259e-06         67.0093549106            
1.09823960565e-05         83.2004043728            
1.38260174779e-05         103.303595402            
1.74059247468e-05         128.264211735            
2.19127609796e-05         159.255275362            
2.75865316397e-05         197.733890275            
3.47293857045e-05         245.508681921            
4.37217061994e-05         304.824649897            
5.50423669815e-05         378.468176182            
6.92942345183e-05         469.896705851            
8.72362727259e-05         583.398828194            
0.000109823960565         724.291012783            
0.000138260174779         899.158066031            
0.000174059247468         1116.14434663            
0.000219127609796         1385.30156409            
0.000275865316397         1718.99540044            
0.000347293857045         2132.36603799            
0.000437217061994         2643.82646572            
0.000550423669815         3275.56849141            
0.000692942345183         4054.02966927            
0.000872362727259         5010.23411871            
0.00109823960565          6179.78976007            
0.00138260174779          7601.95731769            
0.00174059247468          9317.97803015            
0.00219127609796          11367.4014427            
0.00275865316397          13782.0393064            
0.00347293857045          16575.3689683            
0.00437217061994          19633.2457526            
0.00550423669815          23041.2604991            
0.00692942345183          26590.3792359            
0.00872362727259          30043.9313952            
0.0109823960565           33046.421884             
0.0138260174769           35134.1491176            
0.01740592223             35812.5703837            
0.0219118588158           34759.3065235            
0.0275190169338           32181.9330361            
0.0334805875017           29352.4806636            
0.0378889879232           27592.1957633            
0.0412643640846           26445.259706             
0.0441595688909           25559.288101             
0.0467996429578           24794.0620315            
0.04929290329             24082.1155418            
0.0517000415609           23386.327995             
0.0540589749048           22686.3167799            
0.0563954001559           21971.4552883            
0.0587278859073           21239.1076836            
0.0610705764998           20493.4788533            
0.0634347380204           19741.947111             
0.0658296954064           18995.8817474            
0.068263427901            18267.9782914            
0.0707429623241           17571.3450951            
0.0732746412305           16918.1412973            
0.075864310641            16316.6189263            
0.0785174543335           15772.0458579            
0.0812392915798           15284.1949014            
0.0840348492274           14847.2819909            
0.0869090153686           14450.1813927            
0.0898665795407           14078.2605015            
0.092912262924            13713.5471299            
0.0960507410434           13338.2742477            
0.0992866608439           12938.6491525            
0.102624653581            12506.0981274            
0.106069344691            12042.5125112            
0.109625361622            11558.3991923            
0.113297340465            11071.3567338            
0.117089932175            10602.2689004            
0.121007809103            10170.580116             
0.125055672524            9788.17243133            
0.129238261845            9456.12840199            
0.133560366159            9164.72990193            
0.13802683878             8894.03928149            
0.142642615425            8621.88536264            
0.147412736686            8331.94800736            
0.152342375435            8015.28670672            
0.157436869839            7679.8788326             
0.162701762685            7345.64490927            
0.168142847756            7034.47709906            
0.173766224116            6758.47981352            
0.179578359281            6515.70202135            
0.185586162418            6293.99153069            
0.191797069037            6076.09059241            
0.198219138938            5848.23354447            
0.204861169699            5609.84388323            
0.211732828626            5372.48952318            
0.218844806917            5149.42459596            
0.226209000937            4947.93695433            
0.233838726981            4763.08785675            
0.241748977885            4582.58303575            
0.249956732548            4399.6126267             
0.258481333067            4216.16007614            
0.26734494923             4040.17703779            
0.27657315719             3876.15855641            
0.286195669118            3720.58702604            
0.296247265147            3567.76221747            
0.306769000086            3416.18605199            
0.317809789262            3269.63355484            
0.329428526385            3129.54717748            
0.34169696251             2993.65229274            
0.35470369722             2860.18575278            
0.368559834891            2729.5041638             
0.383407202608            2602.28063262            
0.399430633488            2477.2440583             
0.416876935681            2353.36094333            
0.436085316526            2230.58735246            
0.457538389388            2107.55039407            
0.481952264041            1983.04213314            
0.510445753932            1855.24935826            
0.544881771783            1721.34851168            
0.588612842473            1577.0032236             
0.648225830247            1415.10472119            
0.737522110423            1224.8681181             
0.882048125161            998.39192528             
1.10010507133             760.179220811            
1.38446711319             550.257618178            
1.74293603681             380.097321407            
2.19422645961             251.999426412            
2.76236744924             161.820093179            
3.47761457856             101.495320777            
4.37805736537             62.5973093126            
5.51164767156             38.1536461569            
6.93875331458             23.0645008266            
8.7353728739              13.863354704             
