z=1 k                     pk_nl                    
9.61560431139e-08         1.92762494995            
1.21053286174e-07         2.41864728356            
1.52397058145e-07         3.0347473363             
1.91856529182e-07         3.80778605371            
2.41533060005e-07         4.77774029403            
3.04072107029e-07         5.99477018803            
3.82804102557e-07         7.52181311576            
4.81921812448e-07         9.43783844482            
6.06703616189e-07         11.8419313455            
7.63794599847e-07         14.8584168728            
9.61560431139e-07         18.6432893018            
1.21053286174e-06         23.3922792022            
1.52397058145e-06         29.3509754322            
1.91856529182e-06         36.8275254999            
2.41533060005e-06         46.2085710774            
3.04072107029e-06         57.9792427547            
3.82804102557e-06         72.7482480421            
4.81921812448e-06         91.2793500181            
6.06703616189e-06         114.530864508            
7.63794599847e-06         143.705218348            
9.61560431139e-06         180.311205843            
1.21053286174e-05         226.238989561            
1.52397058145e-05         283.863185697            
1.91856529182e-05         356.160615435            
2.41533060005e-05         446.863636368            
3.04072107029e-05         560.650132224            
3.82804102557e-05         703.379226508            
4.81921812448e-05         882.381942702            
6.06703616189e-05         1106.81605579            
7.63794599847e-05         1388.09194943            
9.61560431139e-05         1740.36953123            
0.000121053286174         2181.11052718            
0.000152397058145         2731.63967331            
0.000191856529182         3417.61512834            
0.000241533060005         4269.23211857            
0.000304072107029         5320.90847456            
0.000382804102557         6610.19353262            
0.000481921812448         8175.74821806            
0.000606703616189         10054.1660562            
0.000763794599847         12274.4040957            
0.000961560431139         14847.8753826            
0.00121053286174          17755.5322582            
0.00152397058145          20934.6533105            
0.00191856529182          24266.0754375            
0.00241533060005          27562.9085186            
0.00304072107029          30567.6587936            
0.00382804102557          32959.8032382            
0.00481921812448          34369.0369567            
0.00606703616189          34405.230634             
0.00763794599847          32705.3325031            
0.00961560431117          29045.0686579            
0.0121053279153           23565.9300567            
0.0152393858076           17093.1033691            
0.0191564928488           11237.538786             
0.0234971982549           7771.63397082            
0.0268165419464           6609.89250232            
0.0293090623855           6211.34093421            
0.0314218446163           6021.52508724            
0.0333361197829           5874.58428696            
0.0351369810854           5703.52906698            
0.036871258889            5478.81079009            
0.0385678316104           5191.06777128            
0.0402460758711           4844.64586135            
0.0419198810821           4453.4363418             
0.0435997564814           4037.15237555            
0.0452940248844           3618.28605377            
0.0470095410185           3218.59626132            
0.0487521452693           2856.62909513            
0.0505269619005           2545.81594459            
0.0523386015808           2293.8685256             
0.0541913026969           2103.03082426            
0.0560890321678           1970.24392686            
0.0580355586608           1888.66805969            
0.0600345065032           1847.65115031            
0.0620893957788           1833.20767497            
0.064203672342            1828.87587578            
0.0663807303602           1816.70657749            
0.0686239292588           1780.44039059            
0.0709366064641           1709.02411079            
0.0733220870158           1600.06268298            
0.0757836909055           1460.8666458             
0.0783247388577           1306.74009818            
0.0809485571769           1156.30329671            
0.0836584822206           1026.32877018            
0.0864578650252           927.310601219            
0.0893500765834           862.531045406            
0.0923385142601           827.786207502            
0.0954266098215           812.913763049            
0.0986178395487           803.788709474            
0.1019157369              785.670954208            
0.105323908187            748.61572767             
0.108846051729            691.725384561            
0.112485980968            623.755601167            
0.116247652036            558.291678811            
0.120135196314            506.005614473            
0.124152958571            470.358652016            
0.128305541382            448.546925997            
0.132597856619            433.503477602            
0.137035185031            416.06887244             
0.141623245149            390.322333427            
0.14636827309             358.01065592             
0.151277115298            325.662578933            
0.156357336808            299.184409935            
0.161617348433            280.495087265            
0.16706655728             266.080140142            
0.172715546374            251.11022966             
0.178576291031            233.539860921            
0.184662422116            214.658132736            
0.190989549794            198.008980175            
0.197575666207            184.630552581            
0.204441652364            172.919132412            
0.211611924366            160.753406806            
0.219115268565            148.397739493            
0.226985936773            136.974106873            
0.235265105563            126.873852948            
0.244002854935            117.410809852            
0.253260903665            108.128670356            
0.263116473468            99.2356154801            
0.273667882967            91.0923282152            
0.285042874496            83.2851308533            
0.297411411845            75.7563567238            
0.311006092669            68.633337494             
0.326156147949            61.7575414298            
0.343347033322            55.0915065832            
0.363331344999            48.5751026895            
0.387350285918            42.1144659313            
0.417612005109            35.6063738082            
0.458402973791            28.9224180086            
0.518668596452            21.9651404747            
0.615694479762            15.0183642375            
0.765165404563            9.32956422338            
0.962707002179            5.70608508676            
1.21196916655             3.54489189589            
1.52577876611             2.25120041543            
1.92084166142             1.46705499488            
2.4181963796              0.982864418581           
3.04432887299             0.676382904924           
3.83258298006             0.476382641114           
4.82493610641             0.341364279609           
6.07423467465             0.247040877234           
