z=2 k                     pk_nl                    
9.42318801789e-08         1.74809583694            
1.18630908558e-07         2.19247797138            
1.49347465408e-07         2.74982615565            
1.8801731939e-07          3.44885740471            
2.36699781237e-07         4.32558886445            
2.97987369565e-07         5.42519357244            
3.75143871939e-07         6.80432797029            
4.72278153463e-07         8.53405109129            
5.9456296883e-07          10.7034858324            
7.48510430372e-07         13.4244109554            
9.42318801789e-07         16.8370204175            
1.18630908558e-06         21.1171467771            
1.49347465408e-06         26.4853208554            
1.8801731939e-06          33.2181344485            
2.36699781237e-06         41.6624915463            
2.97987369565e-06         52.2534823423            
3.75143871939e-06         65.5368009822            
4.72278153463e-06         82.1968621124            
5.9456296883e-06          103.092064914            
7.48510430372e-06         129.299021582            
9.42318801789e-06         162.168095127            
1.18630908558e-05         203.390323272            
1.49347465408e-05         255.089250265            
1.8801731939e-05          319.925809345            
2.36699781237e-05         401.235054541            
2.97987369565e-05         503.195257423            
3.75143871939e-05         631.037724357            
4.72278153463e-05         791.305600053            
5.9456296883e-05          992.169626022            
7.48510430372e-05         1243.80722541            
9.42318801789e-05         1558.84466621            
0.000118630908558         1952.84802178            
0.000149347465408         2444.81952521            
0.00018801731939          3057.60353295            
0.000236699781237         3818.02501616            
0.000297987369565         4756.48599943            
0.000375143871939         5905.69817245            
0.000472278153463         7298.3532354             
0.00059456296883          8963.78951772            
0.000748510430372         10923.3244703            
0.000942318801789         13182.1972412            
0.00118630908558          15717.2047785            
0.00149347465408          18465.2776455            
0.0018801731939           21313.8845044            
0.00236699781237          24093.2272804            
0.00297987369565          26577.4687373            
0.00375143871939          28496.6707108            
0.00472278153463          29549.8531035            
0.0059456296883           29441.2241803            
0.00748510430372          27915.2113524            
0.00942318801764          24843.2796774            
0.0118630900939           20382.939834             
0.0149344083927           15191.601483             
0.0187715841159           10479.9844463            
0.0230059701608           7596.40868775            
0.0262303561905           6521.6437514             
0.0286567082994           6061.10754788            
0.030716186504            5773.51357542            
0.0325835268007           5527.81409116            
0.0343409996198           5273.78328549            
0.0360339731004           4991.73696909            
0.0376904647551           4677.5899211             
0.0393292945025           4336.69921981            
0.0409639647665           3980.14559549            
0.0426046995894           3621.97373908            
0.0442596010736           3276.79981912            
0.0459353458308           2957.81859582            
0.0476376251939           2675.42634098            
0.0493714346984           2436.37185827            
0.0511412707628           2243.40564063            
0.0529512679737           2095.5955017             
0.0548052970551           1988.47371963            
0.0567070360356           1914.64919416            
0.0586600226608           1864.28002216            
0.0606676933793           1825.62169457            
0.0627334125283           1786.29956314            
0.0648604942534           1734.95535596            
0.0670522189862           1663.30865438            
0.0693118458362           1568.30900453            
0.0716426219387           1453.06477686            
0.0740477895938           1326.00647359            
0.0765305918943           1198.78760433            
0.0790942774498           1083.0463932             
0.0817421047536           987.328855343            
0.0844773467062           915.429748149            
0.087303295783            866.05318521             
0.0902232703197           833.323565834            
0.0932406223821           808.209964618            
0.0963587476759           781.086002846            
0.0995810979551           744.549389453            
0.102911196378            695.830122116            
0.10635265627             639.411225738            
0.109909203759            582.64078263             
0.113584704767            532.956813183            
0.117383196885            494.425867579            
0.12130892671             465.945543216            
0.125366393316            443.033068917            
0.12956039866             420.958492686            
0.133896105887            396.286324547            
0.138379106781            368.013903857            
0.14301549987             338.920695478            
0.147811981206            313.016789928            
0.152775950354            291.71531325             
0.157915634907            274.061970388            
0.163240237866            257.641859076            
0.168760113547            240.403220236            
0.174486979497            222.88857036             
0.18043417438             206.347861796            
0.18661697517             191.8187016              
0.193052991743            179.019302629            
0.199762663675            166.626152687            
0.206769893736            154.402248994            
0.214102866767            142.843663037            
0.221795123779            132.355789947            
0.229886993491            122.477128583            
0.238427533893            113.059861751            
0.247477217123            104.150628127            
0.257111723654            95.7086747031            
0.26742743712             87.7828429779            
0.278549627222            80.202226165             
0.290645032854            72.990498709             
0.303941944318            66.0879852096            
0.318763676526            59.4358855548            
0.335587287013            52.9873652576            
0.355152973924            46.6824449745            
0.378682759613            40.4281690582            
0.408353391324            34.1294569109            
0.448396020027            27.6587108305            
0.507645578543            20.9268619338            
0.603103782405            14.2166579134            
0.749841903925            8.75565435526            
0.943459645424            5.29646003693            
1.18773887454             3.24514880068            
1.49527463772             2.02760121115            
1.88243923903             1.29839366407            
2.36985059418             0.855269085405           
2.98346513516             0.580323254464           
3.75596007386             0.405004769944           
4.72847358266             0.289465195862           
5.95279555221             0.210480526401           
