z=2 k                     pk_nl                    
1.94202000775e-07         0.29154242217            
2.44485833797e-07         0.36283715888            
3.07789428991e-07         0.451566543504           
3.87483933639e-07         0.561994101822           
4.8781337072e-07          0.699425976139           
6.14120648612e-07         0.870465890145           
7.73132090445e-07         1.0833324637             
9.73315635335e-07         1.34825412482            
1.22533178702e-06         1.67796059475            
1.54260132456e-06         2.08829456234            
1.94202000775e-06         2.59897293939            
2.44485833797e-06         3.23453427572            
3.07789428991e-06         4.02551785832            
3.87483933639e-06         5.00993115122            
4.8781337072e-06          6.23507608794            
6.14120648612e-06         7.7598219714             
7.73132090445e-06         9.65743419623            
9.73315635335e-06         12.0190947161            
1.22533178702e-05         14.9582834177            
1.54260132456e-05         18.61623093              
1.94202000775e-05         23.1687048815            
2.44485833797e-05         28.8343754661            
3.07789428991e-05         35.8854652719            
3.87483933639e-05         44.6606929062            
4.8781337072e-05          55.5815303795            
6.14120648612e-05         69.1723691438            
7.73132090445e-05         86.0855402547            
9.73315635335e-05         107.132321348            
0.000122533178702         133.32123794             
0.000154260132456         165.905210479            
0.000194202000775         206.439180974            
0.000244485833797         256.8498393              
0.000307789428991         319.518633081            
0.000387483933639         397.378129163            
0.00048781337072          494.019611865            
0.000614120648612         613.806446317            
0.000773132090445         761.983428443            
0.000973315635335         944.734762746            
0.00122533178702          1169.21204786            
0.00154260132456          1443.67620533            
0.00194202000775          1777.0269391             
0.00244485833797          2178.28076189            
0.00307789428991          2655.45389506            
0.00387483933639          3209.25600781            
0.0048781337072           3846.82835075            
0.00614120648612          4555.27108005            
0.00773132090445          5310.12747956            
0.00973315635335          6064.25467219            
0.0122533178702           6741.77165141            
0.015426013245            7233.99716363            
0.0194201984202           7412.88462312            
0.0244479006947           7179.50675186            
0.0307216794861           6560.73757576            
0.0375607849693           5856.46858819            
0.0427107618122           5426.32168894            
0.0466094037832           5165.37861086            
0.0499309119133           4976.5714706             
0.0529486145116           4821.54517793            
0.0557921976129           4681.70242676            
0.0585335782705           4546.51064659            
0.061217350059            4409.67268582            
0.0638735605039           4267.57241558            
0.0665238211936           4118.60130885            
0.0691845305315           3962.76797945            
0.071868706645            3801.45216007            
0.0745870937259           3637.06997448            
0.077348862615            3472.83284823            
0.0801620722016           3312.34126587            
0.0830339833012           3159.21756874            
0.085971277972            3016.67869118            
0.0889802161554           2887.1710165             
0.0920667495379           2772.07953574            
0.0952366054489           2671.47897815            
0.0984953492877           2584.06874779            
0.101848431267            2507.1454146             
0.105301221521            2436.89889168            
0.108859036501            2368.78978525            
0.112527158821            2298.27303985            
0.116310852237            2221.57299826            
0.120215373095            2136.50075598            
0.124245979375            2043.03995641            
0.128407938307            1943.53709482            
0.132706533442            1842.29294356            
0.137147072021            1744.58249621            
0.141734893405            1655.44645618            
0.146475379367            1578.16641373            
0.151373966971            1513.56945636            
0.156436164796            1459.8442565             
0.161667573242            1412.24059772            
0.16707390964             1364.88958133            
0.172661038926            1312.91763096            
0.178435010617            1254.28671569            
0.184402102893            1190.42637737            
0.19056887462             1125.67399398            
0.196942226291            1065.50864677            
0.20352947094             1013.9386748             
0.210338416374            971.453816471            
0.217377460285            935.133399414            
0.224655700273            900.045828799            
0.232183061277            861.864999661            
0.239970443703            819.760581093            
0.248029896401            776.714063176            
0.256374819956            737.041830373            
0.265020207373            703.354050158            
0.273982931462            674.513844056            
0.283282091208            646.919244457            
0.292939433439            617.659127397            
0.302979871731            586.958938751            
0.313432132237            557.704527241            
0.324329567236            531.971527501            
0.335711193101            508.923789396            
0.347623032816            486.016116496            
0.360119878074            462.360172796            
0.373267639415            439.491748332            
0.38714653616             418.735639289            
0.401855511428            399.113822913            
0.41751847741             379.230475067            
0.434293369948            359.772138848            
0.452385649748            341.511633309            
0.472069094082            323.465018261            
0.493719036207            305.452909172            
0.517867880016            287.908657986            
0.545302712562            270.155195927            
0.577247672211            252.213441369            
0.615729666234            233.584559428            
0.664371917079            213.809535671            
0.730243563497            192.00624997             
0.828126545516            166.980649558            
0.986117569965            138.119447765            
1.22746812916             108.928000293            
1.5445483013              84.1522336519            
1.94446274075             63.7539166021            
2.44793353983             46.9931094642            
3.08176573967             33.494634901             
3.87971320287             23.0165325736            
4.88426954156             15.2657480011            
6.14893104393             9.81569229091            
7.74104554657             6.15266559685            
9.74539895243             3.77980910386            
