z=2 k                     pk_nl                    
1.39141925001e-07         0.419581126191           
1.75169305229e-07         0.522331171526           
2.20525089719e-07         0.650243387313           
2.77624639386e-07         0.809479666913           
3.49508713463e-07         1.00771087247            
4.40005401022e-07         1.25448636204            
5.53933980674e-07         1.5616940092             
6.97361564727e-07         1.94413287556            
8.77926195042e-07         2.42022612339            
1.10524359662e-06         3.01290851155            
1.39141925001e-06         3.75073122765            
1.75169305229e-06         4.66923727958            
2.20525089719e-06         5.81267370273            
2.77624639386e-06         7.23612306494            
3.49508713463e-06         9.00815694958            
4.40005401022e-06         11.2141392428            
5.53933980674e-06         13.9603383535            
6.97361564727e-06         17.379046463             
8.77926195042e-06         21.6349524141            
1.10524359662e-05         26.9330752385            
1.39141925001e-05         33.5286405035            
1.75169305229e-05         41.7391868046            
2.20525089719e-05         51.9601937248            
2.77624639386e-05         64.6838195662            
3.49508713463e-05         80.5225587941            
4.40005401022e-05         100.238543844            
5.53933980674e-05         124.779846064            
6.97361564727e-05         155.32533136             
8.77926195042e-05         193.33985336             
0.000110524359662         240.641685474            
0.000139141925001         299.483997088            
0.000175169305229         372.65153259             
0.000220525089719         463.57196942             
0.000277624639386         576.43792588             
0.000349508713463         716.329280275            
0.000440005401022         889.315987251            
0.000553933980674         1102.51088525            
0.000697361564727         1364.03606972            
0.000877926195042         1682.86742838            
0.00110524359662          2068.49155124            
0.00139141925001          2530.12715933            
0.00175169305229          3075.38306915            
0.00220525089719          3708.06888277            
0.00277624639386          4425.47581154            
0.00349508713463          5214.59046293            
0.00440005401022          6044.68603299            
0.00553933980674          6873.70627743            
0.00697361564727          7628.24024874            
0.00877926195042          8211.52813665            
0.0110524359662           8505.66901394            
0.0139141923768           8393.52707427            
0.0175168391765           7812.873566              
0.0220401414391           6843.47922484            
0.0273590028352           5807.62699567            
0.0318207762191           5162.09530895            
0.0350606896374           4808.81464073            
0.0377360661813           4566.33284982            
0.0401264969965           4370.88294648            
0.0423568981386           4195.81835365            
0.0444935006656           4028.00068907            
0.0465760663764           3860.70858552            
0.0486307376602           3690.91150871            
0.050675952334            3518.02616002            
0.052725474747            3343.18968537            
0.0547900815333           3168.7083748             
0.0568785611645           2997.60804544            
0.0589983378312           2833.17989768            
0.0611558774759           2678.56431186            
0.0633569613075           2536.38823616            
0.0656068753737           2408.41960621            
0.0679105450662           2295.35931678            
0.0702726323805           2196.69889485            
0.0726976072987           2110.71496619            
0.0751898007559           2034.60190456            
0.0777534442345           1964.73972265            
0.0803926994827           1897.11745138            
0.0831116808526           1827.90646965            
0.0859144720953           1754.13051715            
0.0888051390125           1674.28281041            
0.0917877390709           1588.72179018            
0.0948663288951           1499.66949804            
0.0980449704231           1410.71627338            
0.10132773643             1325.95257684            
0.104718716068            1248.95999595            
0.108222021049            1181.89985994            
0.111841793049            1124.93817685            
0.115582212947            1076.18245514            
0.119447512441            1032.13584008            
0.123441988638            988.852187818            
0.127570022176            943.195712752            
0.131836099438            893.813425934            
0.136244839449            841.696167805            
0.140801026052            789.895805457            
0.145509646               741.987721246            
0.150375933665            700.024968388            
0.155405423182            663.885040022            
0.160604008953            631.743172226            
0.165978015684            601.105416935            
0.171534279374            569.793629284            
0.177280241066            537.289096991            
0.183224055681            505.031283082            
0.189374718891            474.953015916            
0.195742215909            448.154858385            
0.202337697199            424.266018721            
0.209173687681            401.629103131            
0.216264338102            379.090680036            
0.223625730025            356.73628171             
0.231276249829            335.42178931             
0.239237052441            315.924525002            
0.247532643188            297.909624266            
0.256191617041            280.64661286             
0.265247610418            263.739776237            
0.274740544402            247.618910667            
0.284718273994            232.50077064             
0.29523881361             218.193883304            
0.306373397197            204.409866751            
0.318210775287            191.141814598            
0.330863393393            178.496326646            
0.34447651748             166.371710434            
0.359242133978            154.599944684            
0.375420890359            143.214261322            
0.393378196331            132.11181577             
0.413646594764            121.188662969            
0.437039898835            110.346083763            
0.464876650691            99.4259408449            
0.499452578547            88.217513409             
0.545119909295            76.4186216119            
0.610836618226            63.6568523657            
0.714855558222            49.8559780931            
0.880243915275            36.603496599             
1.10639975268             26.5185427424            
1.3928419696              19.4355825009            
1.7534840309              14.3497124476            
2.20750560561             10.5952175225            
2.77908490358             7.76555110749            
3.49866060665             5.61128946457            
4.40455274495             3.97472160195            
5.54500337821             2.7485158622             
6.98074566131             1.85081484878            
