z=1 k                     pk_nl                    
1.14261714899e-07         1.24476171018            
1.43846976481e-07         1.56291809962            
1.81092614102e-07         1.96239405997            
2.27982093781e-07         2.46397456624            
2.87012451295e-07         3.09375715457            
3.61327268436e-07         3.88450979266            
4.54884080209e-07         4.87737581696            
5.72665127995e-07         6.12401464526            
7.20942682082e-07         7.68928964731            
9.07613062919e-07         9.65464302505            
1.14261714899e-06         12.1223332995            
1.43846976481e-06         15.2207558833            
1.81092614102e-06         19.1111235712            
2.27982093781e-06         23.9958545393            
2.87012451295e-06         30.1291042846            
3.61327268436e-06         37.8299894886            
4.54884080209e-06         47.4991918508            
5.72665127995e-06         59.639805799             
7.20942682082e-06         74.8835147958            
9.07613062919e-06         94.0234582095            
1.14261714899e-05         118.055536323            
1.43846976481e-05         148.22872933             
1.81092614102e-05         186.112781439            
2.27982093781e-05         233.677026549            
2.87012451295e-05         293.393195997            
3.61327268436e-05         368.361972923            
4.54884080209e-05         462.471318346            
5.72665127995e-05         580.59260854             
7.20942682082e-05         728.821827586            
9.07613062919e-05         914.77262095             
0.000114261714899         1147.92527043            
0.000143846976481         1440.02859516            
0.000181092614102         1805.5370493             
0.000227982093781         2262.03869251            
0.000287012451295         2830.5891961             
0.000361327268436         3535.82181782            
0.000454884080209         4405.6805585             
0.000572665127995         5470.63953113            
0.000720942682082         6762.18393543            
0.000907613062919         8309.79334631            
0.00114261714899          10135.2732826            
0.00143846976481          12244.7909907            
0.00181092614102          14619.1142443            
0.00227982093781          17202.4661169            
0.00287012451295          19890.6124443            
0.00361327268436          22511.4911402            
0.00454884080209          24861.9923861            
0.00572665127995          26655.4394322            
0.00720942682082          27575.9769357            
0.00907613062919          27307.9228706            
0.0114261714676           25625.4029508            
0.014384673447            22556.5087469            
0.0181047796527           18591.7102705            
0.0226054699064           14803.0591574            
0.0267082431916           12501.8217953            
0.0296463106574           11352.7148352            
0.0320178409108           10604.318139             
0.0341114760757           10011.7130216            
0.0360514962367           9484.56906765            
0.0379018278814           8983.53237316            
0.0397000281676           8491.65785731            
0.0414703935821           8003.61845219            
0.0432298425762           7520.8831682             
0.0449908731693           7048.98139856            
0.0467631837919           6595.41558866            
0.0485546232246           6168.0950151             
0.0503717779646           5774.03559588            
0.0522203515581           5418.63408063            
0.0541054185077           5104.68671842            
0.0560315993315           4832.04567764            
0.0580031842368           4597.81681815            
0.060024222241            4396.21848304            
0.0620985864065           4218.9948445             
0.0642300221545           4056.76566795            
0.066422183338            3899.61959208            
0.068678659301            3738.93833113            
0.071002995216            3568.40548711            
0.0733987073735           3385.55759029            
0.0758692946912           3192.1139899             
0.0784182474368           2993.60245689            
0.0810490539788           2798.29809561            
0.0837652062604           2614.68372601            
0.0865702046121           2449.88658357            
0.0894675624709           2307.36864088            
0.0924608115428           2186.49667552            
0.0955535079248           2082.58165597            
0.09874923969             1988.45966562            
0.102051636434            1896.34449757            
0.105464381272            1800.49101057            
0.108991225777            1699.16596375            
0.112636008338            1593.84768797            
0.116402676456            1491.19327007            
0.120295313458            1396.58940612            
0.124318170193            1313.20959876            
0.128475702302            1240.70226846            
0.132772613715            1175.21412102            
0.137213907179            1112.15839084            
0.141804942762            1049.45801884            
0.146551505514            987.184010302            
0.15145988375             926.438663647            
0.15653695988             869.606644169            
0.161790316176            818.328717285            
0.167228358665            771.50573887             
0.172860463206            727.35142793             
0.178697149128            684.664421573            
0.184750287463            643.14800227             
0.191033353096            604.046025504            
0.197561733291            567.684141571            
0.204353109389            533.80746507             
0.211427934558            501.757939589            
0.218810039231            470.898699173            
0.226527408508            441.683125704            
0.234613194556            414.220193683            
0.243107055385            388.278851716            
0.252056954992            363.466750226            
0.261521628933            339.886733477            
0.271574031348            317.481835721            
0.282306266638            296.049690386            
0.293836832445            275.533396471            
0.306321580682            255.81700757             
0.319970888948            236.807595201            
0.335077666155            218.339548934            
0.352065236793            200.27796243             
0.371573900355            182.443889487            
0.394627990938            164.602621185            
0.422983517602            146.425124873            
0.459911016706            127.463164403            
0.512048923529            107.134872942            
0.593199430845            85.0911098449            
0.724075448886            63.1552015934            
0.908761463619            45.7657310622            
1.14399225389             33.5105712927            
1.44020055527             24.742339062             
1.81310507682             18.2912545074            
2.28256405547             13.4412065571            
2.87357789348             9.75173518373            
3.61762023287             6.94453449179            
4.55431404138             4.83263471507            
5.73354167998             3.2769273799             
7.21810132051             2.16241090772            
