z=2 k                     pk_nl                    
1.06798243215e-07         1.26506473889            
1.34451022319e-07         1.58053002635            
1.69263808639e-07         1.97466191839            
2.13090509992e-07         2.46707726329            
2.68265058041e-07         3.08228470219            
3.37725698665e-07         3.85090452038            
4.25171464265e-07         4.81119268916            
5.35259160733e-07         6.01094495326            
6.73851359342e-07         7.50987573465            
8.48328600048e-07         9.38259025636            
1.06798243215e-06         11.7222978155            
1.34451022319e-06         14.6454510236            
1.69263808639e-06         18.2975419207            
2.13090509992e-06         22.8603434473            
2.68265058041e-06         28.5609567008            
3.37725698665e-06         35.683114278             
4.25171464265e-06         44.5813022973            
5.35259160733e-06         55.6984039856            
6.73851359342e-06         69.5877429926            
8.48328600048e-06         86.9406235781            
1.06798243215e-05         108.620775564            
1.34451022319e-05         135.705867294            
1.69263808639e-05         169.543759898            
2.13090509992e-05         211.817095069            
2.68265058041e-05         264.626836724            
3.37725698665e-05         330.595374286            
4.25171464265e-05         412.99406828             
5.35259160733e-05         515.900343795            
6.73851359342e-05         644.389159722            
8.48328600048e-05         804.763314034            
0.000106798243215         1004.82355188            
0.000134451022319         1254.17270701            
0.000169263808639         1564.53349865            
0.000213090509992         1950.03396364            
0.000268265058041         2427.37521314            
0.000337725698665         3015.75125157            
0.000425171464265         3736.37012728            
0.000535259160733         4611.4701526             
0.000673851359342         5662.75493142            
0.000848328600048         6908.78920595            
0.00106798243215          8360.12604419            
0.00134451022319          10012.2998921            
0.00169263808639          11838.2889903            
0.00213090509992          13780.5235282            
0.00268265058041          15742.5956065            
0.00337725698665          17584.3049853            
0.00425171464265          19121.348031             
0.00535259160733          20127.4299019            
0.00673851359342          20349.6590251            
0.00848328600048          19536.2493352            
0.0106798243194           17515.4447612            
0.0134450981708           14353.3703485            
0.0169251840651           10567.69858              
0.0212328606134           7191.16960456            
0.0256331588061           5325.51457016            
0.0288255433836           4680.23193352            
0.0313095039938           4415.67714179            
0.0334595759662           4267.7852946             
0.0354299965007           4148.03680369            
0.0372965059988           4017.53957244            
0.0391021565796           3858.01257607            
0.0408741285778           3662.76548669            
0.0426309920706           3433.13287181            
0.0443862540254           3176.24569845            
0.0461502597843           2903.14228263            
0.0479312883011           2626.91549819            
0.0497362199586           2360.74260835            
0.0515709629668           2116.44468023            
0.0534407361005           1903.07381423            
0.055350262124            1726.36356036            
0.05730390357             1588.63919044            
0.0593057600802           1488.88577074            
0.061359739372            1423.13136952            
0.0634696096433           1384.97180631            
0.0656390386258           1365.58624853            
0.0678716228496           1354.32052833            
0.0701709096318           1339.52942665            
0.0725404136062           1310.45737229            
0.0749836291585           1259.36807455            
0.0775040398227           1183.93078832            
0.0801051254969           1088.13280516            
0.0827903681973           981.366119083            
0.0855632569863           875.680566494            
0.0884272926522           782.506835747            
0.0913859926806           709.608173577            
0.0944428970409           659.884944916            
0.0976015752912           631.216127683            
0.1008656355              617.02084883             
0.104238735476            607.779399809            
0.107724596792            593.533323412            
0.11132702209             566.533755245            
0.115049916163            525.45531279             
0.118897311309            476.048888327            
0.122873397491            427.705384651            
0.12698255789             388.090569973            
0.131229410463            360.40205639             
0.135618856293            343.386061874            
0.140156135594            331.88980798             
0.1448468925              318.83063104             
0.149697250001            299.757101833            
0.154713896801            275.526056369            
0.159904188352            250.719650754            
0.165276264975            230.263140974            
0.170839190866            215.820249501            
0.176603118936            204.863747348            
0.182579487979            193.774334366            
0.188781260752            180.408206806            
0.195223214422            165.855414685            
0.201922298745            152.881490547            
0.208898082892            142.537314534            
0.216173319667            133.664028338            
0.223774667246            124.413710937            
0.231733625247            114.84522764             
0.240087767077            105.91009723             
0.248882388926            98.1039199363            
0.258172756166            90.8932759195            
0.268027225078            83.6545024413            
0.278531678885            76.7112775735            
0.289795992587            70.4225160409            
0.301963729946            64.3543964598            
0.315227179332            58.4650997307            
0.329851583901            52.9051405273            
0.346215990307            47.5134618127            
0.364885871637            42.2695135645            
0.386750581838            37.1239384204            
0.413303142541            32.003209186             
0.447256792366            26.8187531111            
0.493995110439            21.4616178713            
0.564811067829            15.8896982291            
0.679665327054            10.4998623092            
0.849713431321            6.39788914121            
1.06949401884             3.87673035417            
1.34641128609             2.38252842574            
1.69503138015             1.49342693934            
2.13391807826             0.958882161864           
2.68644369541             0.632267956533           
3.38203223551             0.428187751201           
4.25772632479             0.297031374786           
5.36015986674             0.209981018366           
6.74804146752             0.150241426417           
