z=1 k                     pk_nl                    
1.74612038282e-07         0.341026952599           
2.19823532198e-07         0.427955590661           
2.76741430795e-07         0.53704255978            
3.48396819724e-07         0.673936074932           
4.38605609738e-07         0.845724095463           
5.52171747855e-07         1.06130131959            
6.95143045049e-07         1.33182972675            
8.75133244244e-07         1.67131651334            
1.10172747989e-06         2.09733934575            
1.3869927213e-06          2.63195648228            
1.74612038282e-06         3.30284888741            
2.19823532198e-06         4.14475347389            
2.76741430795e-06         5.20126168194            
3.48396819724e-06         6.52707652082            
4.38605609738e-06         8.19084493606            
5.52171747855e-06         10.2787121543            
6.95143045049e-06         12.8987820397            
8.75133244244e-06         16.1867144063            
1.10172747989e-05         20.3127491004            
1.3869927213e-05          25.4905205379            
1.74612038282e-05         31.9881230658            
2.19823532198e-05         40.1418340994            
2.76741430795e-05         50.3738054127            
3.48396819724e-05         63.213647606             
4.38605609738e-05         79.3258336954            
5.52171747855e-05         99.5439430337            
6.95143045049e-05         124.913469198            
8.75133244244e-05         156.745340119            
0.000110172747989         196.682473064            
0.00013869927213          246.782313358            
0.000174612038282         309.618375624            
0.000219823532198         388.40376808             
0.000276741430795         487.138834611            
0.000348396819724         610.782851365            
0.000438605609738         765.445559805            
0.000552171747855         958.588015011            
0.000695143045049         1199.21498633            
0.000875133244244         1498.03361555            
0.00110172747989          1867.53448978            
0.0013869927213           2321.87580964            
0.00174612038282          2876.28470571            
0.00219823532198          3546.10886265            
0.00276741430795          4344.77516824            
0.00348396819724          5280.5370095             
0.00438605609738          6335.78967298            
0.00552171747855          7518.63975036            
0.00695143045049          8776.02533214            
0.00875133244244          10032.8787049            
0.0110172747989           11172.863014             
0.0138699272111           12039.768593             
0.0174611998872           12458.6693853            
0.0219810979759           12303.2557805            
0.0275889220826           11613.1487908            
0.0334128414354           10778.09059              
0.03766611934             10218.0001934            
0.0409545290499           9822.23466763            
0.0437908288842           9497.8251256             
0.0463850587046           9206.69778266            
0.0488395477883           8930.4673366             
0.0512121333298           8659.25587787            
0.053539178989            8387.9674995             
0.0558454495613           8114.45016355            
0.0581489110227           7838.66512157            
0.060463294047            7562.04978446            
0.0627995662497           7287.22798428            
0.065166827781            7017.29028313            
0.0675728820644           6755.69655884            
0.0700246136488           6505.5006628             
0.0725282463645           6269.28820724            
0.0750895243475           6048.60365828            
0.0777138417048           5843.76731097            
0.0804063369824           5653.7451646             
0.0831719628906           5476.31498064            
0.0860155382455           5307.8184944             
0.0889417868863           5144.27878315            
0.0919553669127           4981.37804771            
0.0950608926654           4815.55488152            
0.0982629512596           4644.5384618             
0.101566115074            4467.95397917            
0.10497495133             4287.52020634            
0.108494029712            4106.86638969            
0.11212792887             3930.53060943            
0.115881242559            3763.04296447            
0.119758586131            3607.90742993            
0.123764604066            3466.16484416            
0.127903979203            3336.60822212            
0.132181444327            3215.65976445            
0.136601796753            3098.65487804            
0.141169916553            2981.32632136            
0.145890789053            2861.34641104            
0.150769532261            2739.11534569            
0.155811429872            2617.45839035            
0.161021970553            2500.66595821            
0.166406894247            2392.38396587            
0.17197224635             2293.52255536            
0.177724440726            2201.94587626            
0.183670332729            2114.41640422            
0.18981730366             2028.28196447            
0.196173358473            1942.28713662            
0.202747238985            1857.29687482            
0.209548555556            1775.9164696             
0.216587940986            1699.81080391            
0.223877231575            1628.91969941            
0.23142968174             1561.69399502            
0.239260220623            1496.11198708            
0.247385761806            1431.75668971            
0.255825580962            1369.67101326            
0.264601781342            1310.74305147            
0.273739874149            1255.05869468            
0.283269510973            1201.53304023            
0.293225420134            1149.54247549            
0.303648620301            1099.17607378            
0.314588017086            1051.01431087            
0.326102537777            1004.71192063            
0.338264036956            959.841941926            
0.351161330426            916.263090247            
0.36490592131             873.979409351            
0.379640334705            832.845235541            
0.39555060173             792.557409793            
0.412885585395            752.916480724            
0.431988065063            713.715204515            
0.453347023833            674.568802456            
0.477690363538            635.072676154            
0.506159846244            594.609145399            
0.540665929804            552.295417684            
0.584666878083            506.733961763            
0.644997824714            455.736187294            
0.735994013164            396.226655973            
0.883496093977            327.102287943            
1.10355944982             257.924974481            
1.3889340913              198.594931535            
1.74856118098             148.718255395            
2.20130809993             107.340548144            
2.77128270618             74.3560103183            
3.48883822208             49.5341704312            
4.39218709542             31.9265410144            
5.52943594778             20.0462072925            
6.96114742754             12.3375911148            
8.76356539178             7.48097297448            
