z=0 k                     pk_nl                    
1.10833446847e-07         7.88000470903            
1.39531042712e-07         9.79482039858            
1.75659175405e-07         12.1749301153            
2.21141799732e-07         15.1333988046            
2.78401031292e-07         18.8107658288            
3.50486132964e-07         23.3817211609            
4.41235899269e-07         29.0634038731            
5.55483086186e-07         36.1257171308            
6.99311773021e-07         44.9041496969            
8.80381361823e-07         55.8157130195            
1.10833446847e-06         69.378750982             
1.39531042712e-06         86.2375633567            
1.75659175405e-06         107.19301268             
2.21141799732e-06         133.240568495            
2.78401031292e-06         165.617596233            
3.50486132964e-06         205.862137124            
4.41235899269e-06         255.88597145             
5.55483086186e-06         318.065435925            
6.99311773021e-06         395.354309409            
8.80381361823e-06         491.424129484            
1.10833446847e-05         610.838605503            
1.39531042712e-05         759.261310284            
1.75659175405e-05         943.741195298            
2.21141799732e-05         1173.03167184            
2.78401031292e-05         1458.00420972            
3.50486132964e-05         1812.15601103            
4.41235899269e-05         2252.23149404            
5.55483086186e-05         2798.9807939             
6.99311773021e-05         3478.07250991            
8.80381361823e-05         4321.17287093            
0.000110833446847         5367.18104511            
0.000139531042712         6663.57148281            
0.000175659175405         8267.72133889            
0.000221141799732         10247.9987472            
0.000278401031292         12684.274988             
0.000350486132964         15667.4570852            
0.000441235899269         19297.5768397            
0.000555483086186         23679.4645232            
0.000699311773021         28913.6630289            
0.000880381361823         35080.2012715            
0.00110833446847          42215.1009524            
0.00139531042712          50278.562315             
0.00175659175405          59118.8329965            
0.00221141799732          68435.3247512            
0.00278401031292          77741.2902211            
0.00350486132964          86352.3268007            
0.00441235899269          93276.7978774            
0.00555483086186          97661.6389786            
0.00699311773021          98288.9006566            
0.00880381361823          94109.9544735            
0.0110833446737           84520.7867292            
0.0139530901543           70069.6376082            
0.0175629138868           53249.513051             
0.0219686930098           38647.8895667            
0.0261328595574           30796.2389374            
0.0291126169814           27619.2527636            
0.0314923524152           25900.9028763            
0.0335814240785           24672.754011             
0.0355110445332           23586.8902884            
0.0373477896465           22495.3313924            
0.0391303943114           21334.0362205            
0.0408837365354           20087.4986124            
0.0426250418932           18763.6277478            
0.0443669764226           17397.474507             
0.0461193305385           16027.6561578            
0.04789000085             14702.83869              
0.0496855947153           13465.5167553            
0.0515118193475           12351.4113919            
0.0533737415333           11386.8281553            
0.0552759662816           10583.3519884            
0.0572227627937           9941.34309106            
0.0592181551002           9447.20972616            
0.0612659883261           9077.22123859            
0.0633699777258           8796.20391369            
0.0655337452741           8563.31090426            
0.0677608471067           8334.36269436            
0.0700547941422           8069.79700794            
0.0724190675852           7738.65175042            
0.0748571305933           7329.93059482            
0.0773724371121           6851.11222294            
0.079968438693            6330.96753515            
0.0826485899936           5809.67572157            
0.0854163535727           5329.43492685            
0.0882752045473           4922.1988939             
0.091228635642            4603.51873308            
0.0942801631459           4370.11245819            
0.0974333342737           4201.62295048            
0.100691736426            4064.92601137            
0.104059008834            3922.82292252            
0.107538857068            3747.99132334            
0.111135070898            3530.78768311            
0.114851545996            3284.24139536            
0.118692309974            3036.29244364            
0.122661553306            2816.47631965            
0.126763665698            2640.41868965            
0.131003278575            2504.65864965            
0.135385314446            2393.40905072            
0.139915044069            2287.79254436            
0.14459815257             2171.22921555            
0.149440815934            2040.09329618            
0.154449789722            1906.76925305            
0.15963251235             1786.08511899            
0.164997225989            1685.18965713            
0.170553119032            1600.74722758            
0.176310495319            1521.16323944            
0.182280976907            1438.83303803            
0.188477749405            1354.91561475            
0.19491586188             1275.18630273            
0.201612597525            1204.88753649            
0.208587937145            1141.58315285            
0.215865145853            1080.73026667            
0.223471525548            1020.07898151            
0.231439393627            962.671896545            
0.239807375436            909.444481373            
0.248622139537            859.464564851            
0.257940770484            811.237570414            
0.267834079948            764.828590075            
0.278391334069            720.751201816            
0.28972717979             678.680288469            
0.30199209804             637.72985072             
0.315388727629            598.169220272            
0.330198390069            559.616431574            
0.346826244488            521.63412886             
0.365882494238            483.870121878            
0.388338174089            445.671924907            
0.415847144051            406.304829476            
0.451466517466            364.564688226            
0.501360592611            318.671609083            
0.578407123087            266.784260267            
0.703094480664            210.992158043            
0.881614069564            161.773850986            
1.10978460758             123.520108708            
1.39713543749             93.7479723191            
1.75888930542             70.346322377             
2.21431044312             51.9472340131            
2.78765168645             37.6058892354            
3.5094455473              26.6074901391            
4.4181301808              18.3638867864            
5.56209635722             12.3593106035            
7.00226444696             8.12268268444            
8.81532865237             5.22620380685            
