z=2 k                     pk_nl                    
1.61054210785e-07         0.380684463234           
2.02755238634e-07         0.473974691357           
2.55253722291e-07         0.59012654769            
3.21345397447e-07         0.734742484438           
4.04549886809e-07         0.914797886235           
5.09298132843e-07         1.13897751986            
6.41168361615e-07         1.41809443404            
8.07183143676e-07         1.76561151454            
1.01618337154e-06         2.19829085104            
1.27929906948e-06         2.73700223746            
1.61054210785e-06         3.40772980259            
2.02755238634e-06         4.24282532492            
2.55253722291e-06         5.28256868373            
3.21345397447e-06         6.5771107131             
4.04549886809e-06         8.18889217013            
5.09298132843e-06         10.1956554936            
6.41168361615e-06         12.6941946218            
8.07183143676e-06         15.8050237374            
1.01618337154e-05         19.6781901321            
1.27929906948e-05         24.5005115657            
1.61054210785e-05         30.504587208             
2.02755238634e-05         37.9798628805            
2.55253722291e-05         47.2868645163            
3.21345397447e-05         58.8743268016            
4.04549886809e-05         73.3008018526            
5.09298132843e-05         91.2614302349            
6.41168361615e-05         113.621135273            
8.07183143676e-05         141.455679051            
0.000101618337154         176.102251164            
0.000127929906948         219.221419368            
0.000161054210785         272.872263328            
0.000202755238634         339.60208569             
0.000255253722291         422.550890215            
0.000321345397447         525.568237871            
0.000404549886809         653.335536228            
0.000509298132843         811.480163951            
0.000641168361615         1006.66099428            
0.000807183143676         1246.59979357            
0.00101618337154          1539.98255226            
0.00127929906948          1896.29283849            
0.00161054210785          2325.22020201            
0.00202755238634          2835.41565585            
0.00255253722291          3432.7840016             
0.00321345397447          4117.86032301            
0.00404549886809          4878.76881846            
0.00509298132843          5698.4080802             
0.00641168361615          6532.18214577            
0.00807183143676          7310.76934676            
0.0101618337154           7933.86653332            
0.0127929906947           8271.22561225            
0.0161054205669           8186.61277704            
0.0202752510507           7602.83218024            
0.0254971183732           6612.26833122            
0.031415437555            5608.26332663            
0.0360649009048           5036.24074453            
0.0395144424784           4724.84200209            
0.0424147823449           4514.94169067            
0.0450311867117           4349.24137909            
0.047486205086            4201.93723152            
0.0498464835283           4059.35090169            
0.052152768373            3913.82272751            
0.0544322208792           3761.41111196            
0.0567042087342           3600.75685046            
0.0589833224349           3432.73891248            
0.0612810740509           3259.58174555            
0.0636069145909           3084.82937554            
0.0659688741581           2912.67858914            
0.068373981349            2747.48966329            
0.070828547327            2593.35796161            
0.0733383636065           2453.61119933            
0.0759088429045           2330.44561296            
0.0785451212903           2224.65579921            
0.081252133324            2135.52730624            
0.0840346678982           2060.78317229            
0.0868974100217           1996.74664592            
0.0898449721935           1938.65506966            
0.0928819179887           1881.23429953            
0.0960127797922           1819.5326838             
0.0992420721695           1749.8211428             
0.102574302058            1670.51419883            
0.106013976764            1582.54617727            
0.109565610624            1489.36260884            
0.113233731087            1396.14798006            
0.117022884955            1308.57775452            
0.120937645438            1231.42664404            
0.1249826207              1167.2647367             
0.129162464548            1115.81575208            
0.133481889878            1073.96577082            
0.137945685542            1036.98018833            
0.142558737239            998.598077167            
0.147326053078            954.381623838            
0.152252794457            903.295306091            
0.157344312928            848.073104937            
0.162606193762            793.552970126            
0.168044307034            744.614886079            
0.173664867113            704.165186615            
0.179474501678            671.830889866            
0.185480331567            644.011130902            
0.191690063119            616.11952516             
0.19811209511             585.032205737            
0.204755642975            550.811956225            
0.211630883753            516.682990534            
0.218749126269            486.332025523            
0.226123012388            461.085728871            
0.233766757012            439.358161457            
0.241696436921            418.017860168            
0.24993034189             395.229540846            
0.258489406073            371.85031403             
0.267397744005            350.155021958            
0.27668332459             331.32032628             
0.286378829383            314.179877382            
0.29652276042             297.021948082            
0.307160891095            279.617880471            
0.318348196538            263.162359977            
0.330151466845            248.247343346            
0.342652913207            234.042562769            
0.355955252034            219.843914763            
0.3701890483              206.191429155            
0.385523618022            193.394688295            
0.402183734565            180.821444583            
0.420476182573            168.490716187            
0.440833806734            156.555617357            
0.463892346062            144.657026956            
0.490632635429            132.807207712            
0.522662684614            120.739347863            
0.562822666944            108.219770153            
0.616583250814            94.8337138707            
0.695317919133            80.0824827956            
0.821479971056            63.8842043335            
1.01815192727             48.3474050823            
1.28070293123             36.2469441596            
1.61229427385             27.2200063184            
2.02975819265             20.3339958602            
2.55531416851             14.9996457899            
3.21694994186             10.8583740992            
4.04990003028             7.6770948813             
5.09852206334             5.28365357285            
6.41865898813             3.53315091915            
8.0806129098              2.29523185505            
