z=1 k                     pk_nl                    
1.29512315962e-07         1.81566351553            
1.63046345705e-07         2.27093846711            
2.05263187909e-07         2.84037294206            
2.58411043364e-07         3.55259227268            
3.25320229179e-07         4.44339955117            
4.09553903484e-07         5.55757544235            
5.15597816596e-07         6.95112929678            
6.49099193578e-07         8.69411472715            
8.17167469571e-07         10.8741511863            
1.02875289313e-06         13.6008285759            
1.29512315962e-06         17.0112163037            
1.63046345705e-06         21.27675373              
2.05263187909e-06         26.6118683816            
2.58411043364e-06         33.2847551722            
3.25320229179e-06         41.6308584946            
4.09553903484e-06         52.0697349292            
5.15597816596e-06         65.1261442505            
6.49099193578e-06         81.4564289738            
8.17167469571e-06         101.881508533            
1.02875289313e-05         127.428146699            
1.29512315962e-05         159.380612476            
1.63046345705e-05         199.343418513            
2.05263187909e-05         249.325210706            
2.58411043364e-05         311.836646389            
3.25320229179e-05         390.016349817            
4.09553903484e-05         487.786868835            
5.15597816596e-05         610.048189651            
6.49099193578e-05         762.916892562            
8.17167469571e-05         954.019465141            
0.000102875289313         1192.84801019            
0.000129512315962         1491.18360131            
0.000163046345705         1863.58512965            
0.000205263187909         2327.92602136            
0.000258411043364         2905.93427977            
0.000325320229179         3623.65286616            
0.000409553903484         4511.69819997            
0.000515597816596         5605.1763821             
0.000649099193578         6943.08803496            
0.000817167469571         8566.63920676            
0.00102875289313          10516.105016             
0.00129512315962          12824.2819965            
0.00163046345705          15507.1250138            
0.00205263187909          18551.4650699            
0.00258411043364          21900.0054307            
0.00325320229179          25431.4460964            
0.00409553903484          28926.0431589            
0.00515597816596          32104.720489             
0.00649099193578          34529.8675721            
0.00817167469571          35663.2804906            
0.0102875289313           34898.3243039            
0.0129512315627           31738.1269266            
0.0163046005822           26187.3835584            
0.0205203843312           19291.0275177            
0.0255985810061           13327.8203961            
0.0301560079953           10413.1378811            
0.033424274252            9368.60778919            
0.036073992284            8919.15925264            
0.0384186724244           8681.21938719            
0.0405942057957           8504.8635472             
0.0426708944333           8315.22659298            
0.0446902106809           8071.2705867             
0.0466790658234           7752.76321202            
0.0486562440854           7354.8728418             
0.0506356491157           6885.0247699             
0.0526280880814           6361.04671682            
0.0546423195767           5807.64277126            
0.0566857027085           5252.2932517             
0.0587646168957           4723.15570302            
0.0608847431983           4243.94348071            
0.0630512584738           3832.7948415             
0.065268972654            3500.43144312            
0.0675424277324           3250.58821731            
0.0698759702572           3079.90571075            
0.0722738050404           2979.12297291            
0.0747400352681           2932.72794697            
0.077278692592            2920.22337159            
0.0798937597459           2916.25485883            
0.0825891875498           2894.33907289            
0.0853689077096           2830.7422319             
0.0882368425241           2710.7231679             
0.0911969124058           2533.40620363            
0.0942530419926           2312.7705378             
0.0974091655419           2074.12800068            
0.100669232242            1847.0211804             
0.104037212045            1656.81848428            
0.107517102593            1518.67008959            
0.11111293782             1435.56827624            
0.114828798769            1399.10233858            
0.118668827185            1390.63455587            
0.122637242437            1382.62302028            
0.126738362309            1349.69452848            
0.130976628216            1278.6349792             
0.135356635433            1174.02712               
0.139883168933            1055.14780661            
0.144561245511            946.849550938            
0.149396162947            867.961722296            
0.154393557101            823.190681682            
0.159559468016            802.537753373            
0.164900416362            787.192087911            
0.1704234919              757.905286385            
0.176136456118            707.033634961            
0.182047861787            644.279798086            
0.188167193017            587.080436982            
0.194505030455            547.198625695            
0.201073247709            524.008842128            
0.207885246971            505.799739948            
0.214956244466            480.493934317            
0.222303619843            445.691746778            
0.229947348611            410.178524234            
0.237910543643            382.932242247            
0.246220141727            363.873159178            
0.254907785552            345.60373554             
0.264010972955            323.142852132            
0.273574577518            299.353229132            
0.283652894551            279.791021886            
0.294312445362            263.865595781            
0.305635900964            246.826432996            
0.317727700828            228.832943436            
0.330722313471            213.201312442            
0.344796752315            198.666433459            
0.360190209868            183.510387598            
0.377236131533            169.354303759            
0.396417159536            155.538289186            
0.418464675948            141.706452584            
0.444551422653            128.003534476            
0.476693504121            114.001864761            
0.518658131385            99.3673921248            
0.578112854802            83.6378714656            
0.6709564106              66.5656011105            
0.820395462137            49.6041613578            
1.02999743323             36.1581828852            
1.29662260546             26.5959622912            
1.63235082182             19.6811756651            
2.05500793031             14.5485791625            
2.58710170491             10.6678000346            
3.25696807921             7.70977437033            
4.10027988031             5.46281470903            
5.1619465368              3.78020540119            
6.4985056695              2.54885756627            
8.18113392602             1.67325733209            
