z=1 k                     pk_nl                    
1.05287127165e-07         4.09610808978            
1.32548639923e-07         5.08301520073            
1.66868851098e-07         6.30770550106            
2.10075437084e-07         7.82746993997            
2.64469306139e-07         9.71340301966            
3.32947130138e-07         12.0537285925            
4.19155602915e-07         14.9579269683            
5.27685640005e-07         18.5618563975            
6.64316861641e-07         23.0341085133            
8.36325378604e-07         28.5838950394            
1.05287127165e-06         35.4708347038            
1.32548639923e-06         44.0170981893            
1.66868851098e-06         54.6224792618            
2.10075437084e-06         67.7830971019            
2.64469306139e-06         84.1146047344            
3.32947130138e-06         104.380989246            
4.19155602915e-06         129.53031106             
5.27685640005e-06         160.739054156            
6.64316861641e-06         199.467161929            
8.36325378604e-06         247.526333268            
1.05287127165e-05         307.164877933            
1.32548639923e-05         381.168722812            
1.66868851098e-05         472.999256727            
2.10075437084e-05         586.948101285            
2.64469306139e-05         728.337469121            
3.32947130138e-05         903.765267362            
4.19155602915e-05         1121.40601997            
5.27685640005e-05         1391.37823808            
6.64316861641e-05         1726.18833738            
8.36325378604e-05         2141.25870112            
0.000105287127165         2655.5391141             
0.000132548639923         3292.18366026            
0.000166868851098         4079.24167171            
0.000210075437084         5050.25618338            
0.000264469306139         6244.58861687            
0.000332947130138         7707.22082695            
0.000419155602915         9487.7788647             
0.000527685640005         11638.5451791            
0.000664316861641         14210.8697941            
0.000836325378604         17248.2899884            
0.00105287127165          20774.9909942            
0.00132548639923          24781.0717633            
0.00166868851098          29204.7590072            
0.00210075437084          33913.9845423            
0.00264469306139          38690.0964418            
0.00332947130138          43218.9988181            
0.00419155602915          47062.9516477            
0.00527685640005          49806.6296523            
0.00664316861641          50922.4431026            
0.00836325378604          49949.9840348            
0.010528712714            46595.9716067            
0.0132548592932           40957.373262             
0.0166855583538           33794.148922             
0.0209260332338           26674.5191421            
0.0252168277907           21788.240556             
0.0283201238802           19340.653622             
0.0307432234857           17811.5840367            
0.0328446575097           16636.9159988            
0.0347725558066           15623.9338045            
0.0365999767652           14692.4050778            
0.0383685771459           13807.4946199            
0.0401047162818           12955.9897842            
0.0418264351165           12136.6562069            
0.043546874549            11354.1795133            
0.0452761116415           10616.7353277            
0.0470222189626           9932.26117904            
0.0487919113537           9307.24314304            
0.0505909593213           8745.74915633            
0.0524244633901           8248.51365103            
0.0542970419253           7812.37423435            
0.0562129630575           7429.96937685            
0.0581762393053           7091.43541779            
0.0601906965862           6784.41866397            
0.0622600251917           6495.63867639            
0.0643878177814           6212.54043768            
0.0665775978573           5924.89596278            
0.0688328411589           5627.82559862            
0.0711569917476           5319.89759667            
0.0735534741063           5005.93812878            
0.0760257022852           4694.45817469            
0.0785770869291           4395.75893953            
0.0812110408892           4119.37926413            
0.0839309840399           3871.78880281            
0.086740347866            3654.57259964            
0.08964258035             3464.21524282            
0.0926411516692           3293.43610642            
0.0957395611993           3132.96090376            
0.0989413463098           2974.63489934            
0.102250093434            2813.57273642            
0.105669451888            2650.20584837            
0.109203150926            2487.61785589            
0.112855020492            2333.10347585            
0.116629016193            2192.45612486            
0.12052924898             2066.39899411            
0.124560020136            1952.80436447            
0.128725862169            1847.10388618            
0.133031586374            1744.55477887            
0.137482337935            1643.89663858            
0.142083659653            1547.11454125            
0.146841565669            1455.34612407            
0.151762626915            1369.54974223            
0.156854070524            1290.81816754            
0.162123896073            1217.66350595            
0.167581012402            1147.91887413            
0.173235399887            1081.36627737            
0.179098304595            1017.95840562            
0.185182472778            958.321864637            
0.191502437019            902.68483892             
0.198074869215            850.121348807            
0.204919021045            800.550668151            
0.212057280344            753.18077881             
0.219515883044            708.500716285            
0.227325836877            666.311735206            
0.235524137922            626.398891224            
0.244155399161            588.229690555            
0.2532740701              552.112182106            
0.26294752294             517.655264294            
0.273260440712            484.699940938            
0.284321216719            453.206036274            
0.296271560946            422.903167988            
0.309301409027            393.642434408            
0.323672973395            365.219288935            
0.3397613407              337.416416875            
0.35812675397             309.94060637             
0.379651658163            282.430763431            
0.405820204024            254.417586543            
0.439335404405            225.190546362            
0.485572064728            193.766398624            
0.555803990455            159.115637374            
0.669727252128            122.448875571            
0.837673493024            90.4669007189            
1.05436334186             66.7521383926            
1.32736318126             49.2480183488            
1.67105123744             36.074721746             
2.10372886722             26.0620087305            
2.64843773047             18.4665999743            
3.33418556044             12.7815018507            
4.19749092968             8.62107485527            
5.28432799715             5.66187152704            
6.65257479986             3.62235291943            
