z=1 k                     pk_nl                    
1.39141925001e-07         0.807362177725           
1.75169305229e-07         1.00507483729            
2.20525089719e-07         1.2512047956             
2.77624639386e-07         1.55760882916            
3.49508713463e-07         1.93904728723            
4.40005401022e-07         2.4138951396             
5.53933980674e-07         3.0050271509             
6.97361564727e-07         3.74091982269            
8.77926195042e-07         4.65702318716            
1.10524359662e-06         5.79746853548            
1.39141925001e-06         7.21719434692            
1.75169305229e-06         8.98459283089            
2.20525089719e-06         11.1848045732            
2.77624639386e-06         13.9238199988            
3.49508713463e-06         17.3335852309            
4.40005401022e-06         21.5783583084            
5.53933980674e-06         26.8626219609            
6.97361564727e-06         33.4409341204            
8.77926195042e-06         41.6301906965            
1.10524359662e-05         51.82489135              
1.39141925001e-05         64.5161436568            
1.75169305229e-05         80.3149283112            
2.20525089719e-05         99.9822207485            
2.77624639386e-05         124.46499719             
3.49508713463e-05         154.941751091            
4.40005401022e-05         192.878828322            
5.53933980674e-05         240.100211781            
6.97361564727e-05         298.873688453            
8.77926195042e-05         372.016774036            
0.000110524359662         463.025935921            
0.000139141925001         576.232376489            
0.000175169305229         716.986263696            
0.000220525089719         891.867927834            
0.000277624639386         1108.91789496            
0.000349508713463         1377.86649554            
0.000440005401022         1710.32891861            
0.000553933980674         2119.91790952            
0.000697361564727         2622.21895355            
0.000877926195042         3234.54577344            
0.00110524359662          3975.24928723            
0.00139141925001          4862.05392285            
0.00175169305229          5909.52725121            
0.00220525089719          7125.01866731            
0.00277624639386          8503.32223849            
0.00349508713463          10019.3690254            
0.00440005401022          11607.4349262            
0.00553933980674          13197.4693646            
0.00697361564727          14643.231186             
0.00877926195042          15759.5110534            
0.0110524359662           16319.5224023            
0.0139141923768           16098.9869544            
0.0175168391765           14979.8526325            
0.0220401414391           13117.0453012            
0.0273590028352           11129.9429557            
0.0318207762191           9892.38592641            
0.0350606896374           9215.03243564            
0.0377360661813           8749.81522732            
0.0401264969965           8374.65584085            
0.0423568981386           8038.87024624            
0.0444935006656           7717.08515042            
0.0465760663764           7396.83216435            
0.0486307376602           7072.14029322            
0.050675952334            6741.97541157            
0.052725474747            6408.51874593            
0.0547900815333           6076.10919671            
0.0568785611645           5750.46488319            
0.0589983378312           5437.77952334            
0.0611558774759           5143.85253686            
0.0633569613075           4873.64473092            
0.0656068753737           4630.37381874            
0.0679105450662           4415.30126385            
0.0702726323805           4227.39169835            
0.0726976072987           4063.3358054             
0.0751898007559           3917.80782454            
0.0777534442345           3784.03617811            
0.0803926994827           3654.5422967             
0.0831116808526           3522.12973096            
0.0859144720953           3381.37280176            
0.0888051390125           3229.54216798            
0.0917877390709           3067.37267082            
0.0948663288951           2898.94082279            
0.0980449704231           2731.02365435            
0.10132773643             2571.07878462            
0.104718716068            2425.72983051            
0.108222021049            2298.86542884            
0.111841793049            2190.75406183            
0.115582212947            2097.84931109            
0.119447512441            2013.685245              
0.123441988638            1931.03827552            
0.127570022176            1844.19991634            
0.131836099438            1750.76338241            
0.136244839449            1652.57193374            
0.140801026052            1555.18129869            
0.145509646               1465.07153786            
0.150375933665            1385.91317665            
0.155405423182            1317.4382407             
0.160604008953            1256.30893483            
0.165978015684            1198.02555824            
0.171534279374            1138.68389967            
0.177280241066            1077.37365295            
0.183224055681            1016.6855853             
0.189374718891            960.052568098            
0.195742215909            909.406843433            
0.202337697199            864.057613284            
0.209173687681            821.054650538            
0.216264338102            778.355857798            
0.223625730025            736.115578029            
0.231276249829            695.83450127             
0.239237052441            658.85792342             
0.247532643188            624.580794305            
0.256191617041            591.716904358            
0.265247610418            559.574657349            
0.274740544402            528.889367126            
0.284718273994            500.022073377            
0.29523881361             472.628433657            
0.306373397197            446.200291344            
0.318210775287            420.713920022            
0.330863393393            396.335460726            
0.34447651748             372.872735034            
0.359242133978            350.021699902            
0.375420890359            327.812628395            
0.393378196331            306.039566261            
0.413646594764            284.485656462            
0.437039898835            262.924172487            
0.464876650691            241.000188055            
0.499452578547            218.217178473            
0.545119909295            193.829068864            
0.610836618226            166.798721555            
0.714855558222            136.416446709            
0.880243915275            105.395707442            
1.10639975268             79.7259182613            
1.3928419696              59.988595739             
1.7534840309              44.6322261315            
2.20750560561             32.6172018999            
2.77908490358             23.2911172796            
3.49866060665             16.1901522535            
4.40455274495             10.9304617569            
5.54500337821             7.1639416919             
6.98074566131             4.56636000562            
