# Matter power spectrum P(k) at redshift z=0.5
# for k=1.66487e-07 to 10.5173 h/Mpc,
# number of wavenumbers equal to 140
#    1:k (h/Mpc)              2:P (Mpc/h)^3        
       1.664874208107e-07       1.262743216384e+00 
       2.095952448026e-07       1.583744221946e+00 
       2.638647798732e-07       1.986346650621e+00 
       3.321860766599e-07       2.491294337081e+00 
       4.181974933513e-07       3.124604388071e+00 
       5.264794515286e-07       3.918907695471e+00 
       6.627983603168e-07       4.915130216969e+00 
       8.344136986983e-07       6.164601650105e+00 
       1.050464609240e-06       7.731700142075e+00 
       1.322456590763e-06       9.697169292090e+00 
       1.664874208107e-06       1.216227833422e+01 
       2.095952448026e-06       1.525403980808e+01 
       2.638647798732e-06       1.913175348045e+01 
       3.321860766599e-06       2.399521352646e+01 
       4.181974933513e-06       3.009500152776e+01 
       5.264794515286e-06       3.774539501375e+01 
       6.627983603168e-06       4.734055539183e+01 
       8.344136986983e-06       5.937482690477e+01 
       1.050464609240e-05       7.446818759620e+01 
       1.322456590763e-05       9.339815391061e+01 
       1.664874208107e-05       1.171397635061e+02 
       2.095952448026e-05       1.469156579763e+02 
       2.638647798732e-05       1.842587698599e+02 
       3.321860766599e-05       2.310906927554e+02 
       4.181974933513e-05       2.898194731830e+02 
       5.264794515286e-05       3.634612707372e+02 
       6.627983603168e-05       4.557909871784e+02 
       8.344136986983e-05       5.715273327362e+02 
       1.050464609240e-04       7.165573965696e+02 
       1.322456590763e-04       8.982036840446e+02 
       1.664874208107e-04       1.125531103975e+03 
       2.095952448026e-04       1.409679862103e+03 
       2.638647798732e-04       1.764189246138e+03 
       3.321860766599e-04       2.205244940025e+03 
       4.181974933513e-04       2.751744545441e+03 
       5.264794515286e-04       3.425053761906e+03 
       6.627983603168e-04       4.248338494948e+03 
       8.344136986983e-04       5.245317532860e+03 
       1.050464609240e-03       6.437920914971e+03 
       1.322456590763e-03       7.841964874358e+03 
       1.664874208107e-03       9.460902403696e+03 
       2.095952448026e-03       1.127809842163e+04 
       2.638647798732e-03       1.324835815216e+04 
       3.321860766599e-03       1.529091769263e+04 
       4.181974933513e-03       1.728393772654e+04 
       5.264794515286e-03       1.906538336493e+04 
       6.627983603168e-03       2.044028812668e+04 
       8.344136986983e-03       2.119414658492e+04 
       1.050464609240e-02       2.111239578443e+04 
       1.322456590763e-02       2.001150074594e+04 
       1.664874208064e-02       1.779950414854e+04 
       2.095952313403e-02       1.459183649174e+04 
       2.638588055255e-02       1.086427667618e+04 
       3.316534296088e-02       7.486321671747e+03 
       4.064659039016e-02       5.420188664090e+03 
       4.634338549564e-02       4.647773226913e+03 
       5.063022667740e-02       4.314126939380e+03 
       5.426888074909e-02       4.103971169116e+03 
       5.756806855243e-02       3.924013477599e+03 
       6.067314420451e-02       3.738731444293e+03 
       6.366426342824e-02       3.534363537265e+03 
       6.659092712922e-02       3.308157786476e+03 
       6.948638604676e-02       3.063926345922e+03 
       7.237449605389e-02       2.809465078879e+03 
       7.527332082929e-02       2.554594290651e+03 
       7.819717504173e-02       2.309501685429e+03 
       8.115785482474e-02       2.083376792708e+03 
       8.416541553692e-02       1.883412048687e+03 
       8.722868321268e-02       1.714222765568e+03 
       9.035560205443e-02       1.577662372218e+03 
       9.355347698530e-02       1.472929477074e+03 
       9.682914674042e-02       1.396826578400e+03 
       1.001891096035e-01       1.344065711998e+03 
       1.036396160085e-01       1.307618034216e+03 
       1.071867374192e-01       1.279222073022e+03 
       1.108364178946e-01       1.250215039651e+03 
       1.145945128152e-01       1.212762723667e+03 
       1.184668179968e-01       1.161333988175e+03 
       1.224590915834e-01       1.093999045980e+03 
       1.265770705631e-01       1.013003809972e+03 
       1.308264833812e-01       9.242327295922e+02 
       1.352130598839e-01       8.356053969912e+02 
       1.397425396640e-01       7.549332964723e+02 
       1.444206797766e-01       6.879830485350e+02 
       1.492532627318e-01       6.372997577528e+02 
       1.542461056236e-01       6.019159485799e+02 
       1.594050712362e-01       5.777843899854e+02 
       1.647360819471e-01       5.588176116540e+02 
       1.702451372366e-01       5.385456130266e+02 
       1.759383356097e-01       5.121884224670e+02 
       1.818219017279e-01       4.783860040475e+02 
       1.879022195587e-01       4.395685519082e+02 
       1.941858723664e-01       4.005619786712e+02 
       2.006796904019e-01       3.661607578313e+02 
       2.073908072179e-01       3.390157962694e+02 
       2.143267256361e-01       3.187831615023e+02 
       2.214953945517e-01       3.026792408892e+02 
       2.289052979850e-01       2.870878142971e+02 
       2.365655581051e-01       2.695204450886e+02 
       2.444860543834e-01       2.498529394992e+02 
       2.526775616074e-01       2.299767489849e+02 
       2.611519102586e-01       2.121547515070e+02 
       2.699221737706e-01       1.973990306267e+02 
       2.790028885285e-01       1.850106186551e+02 
       2.884103142516e-01       1.734194438801e+02 
       2.981627447825e-01       1.615432241039e+02 
       3.082808825028e-01       1.495186511222e+02 
       3.187882939572e-01       1.382265645715e+02 
       3.297119702658e-01       1.282334585292e+02 
       3.410830242818e-01       1.192893468719e+02 
       3.529375683297e-01       1.107808878539e+02 
       3.653178334565e-01       1.024643543107e+02 
       3.782736161964e-01       9.458149393743e+01 
       3.918641762880e-01       8.734972165743e+01 
       4.061607658849e-01       8.064025367319e+01 
       4.212500598821e-01       7.424062186882e+01 
       4.372388995103e-01       6.815501544049e+01 
       4.542609958544e-01       6.245760127516e+01 
       4.724866380205e-01       5.708655474156e+01 
       4.921371505689e-01       5.196603514029e+01 
       5.135071251845e-01       4.710295682577e+01 
       5.369999016211e-01       4.246556468692e+01 
       5.631867076428e-01       3.800819281247e+01 
       5.929104010826e-01       3.370365696322e+01 
       6.274787525157e-01       2.950461795972e+01 
       6.690508120371e-01       2.536051254898e+01 
       7.214724228345e-01       2.120517041053e+01 
       7.922191166560e-01       1.696335853745e+01 
       8.969003154478e-01       1.258844814099e+01 
       1.065554385875e+00       8.286258699759e+00 
       1.324809017535e+00       4.854963782874e+00 
       1.666889832904e+00       2.743883710980e+00 
       2.098478576929e+00       1.538725909100e+00 
       2.641827981835e+00       8.578761837701e-01 
       3.325864379915e+00       4.757408389644e-01 
       4.187015184056e+00       2.625356845945e-01 
       5.271139814776e+00       1.442264971899e-01 
       6.635971861941e+00       7.890160509250e-02 
       8.354193608948e+00       4.299693531676e-02 
       1.051730662935e+01       2.334563974297e-02 
