# Matter power spectrum P(k) at redshift z=2.5
# for k=2.36906e-07 to 11.89 h/Mpc,
# number of wavenumbers equal to 139
#    1:k (h/Mpc)              2:P (Mpc/h)^3        
       2.369063013197e-07       9.094024408535e-02 
       2.982473629455e-07       1.128355929250e-01 
       3.754711842127e-07       1.400026045359e-01 
       4.726902152018e-07       1.737105177797e-01 
       5.950817238240e-07       2.155341615626e-01 
       7.491635042164e-07       2.674275303404e-01 
       9.431409730468e-07       3.318150747222e-01 
       1.187344137873e-06       4.117049711570e-01 
       1.494777707713e-06       5.108296631838e-01 
       1.881813641223e-06       6.338202407123e-01 
       2.369063013197e-06       7.864228024112e-01 
       2.982473629455e-06       9.757669113641e-01 
       3.754711842127e-06       1.210698683881e+00 
       4.726902152018e-06       1.502194072726e+00 
       5.950817238240e-06       1.863871649008e+00 
       7.491635042164e-06       2.312628835224e+00 
       9.431409730468e-06       2.869431303356e+00 
       1.187344137873e-05       3.560292391211e+00 
       1.494777707713e-05       4.417488255131e+00 
       1.881813641223e-05       5.481065440067e+00 
       2.369063013197e-05       6.800711125204e+00 
       2.982473629455e-05       8.438073077502e+00 
       3.754711842127e-05       1.046963703109e+01 
       4.726902152018e-05       1.299029459033e+01 
       5.950817238240e-05       1.611776575066e+01 
       7.491635042164e-05       1.999807753056e+01 
       9.431409730468e-05       2.481234463894e+01 
       1.187344137873e-04       3.078514937214e+01 
       1.494777707713e-04       3.819487385499e+01 
       1.881813641223e-04       4.738639285415e+01 
       2.369063013197e-04       5.878657621123e+01 
       2.982473629455e-04       7.292305018785e+01 
       3.754711842127e-04       9.044657755540e+01 
       4.726902152018e-04       1.121571571911e+02 
       5.950817238240e-04       1.390334067491e+02 
       7.491635042164e-04       1.722638887715e+02 
       9.431409730468e-04       2.132778349771e+02 
       1.187344137873e-03       2.637715358870e+02 
       1.494777707713e-03       3.257253271041e+02 
       1.881813641223e-03       4.013997996849e+02 
       2.369063013197e-03       4.932840454791e+02 
       2.982473629455e-03       6.039637289077e+02 
       3.754711842127e-03       7.358535204132e+02 
       4.726902152018e-03       8.907793236235e+02 
       5.950817238240e-03       1.069288541640e+03 
       7.491635042164e-03       1.269618461315e+03 
       9.431409730468e-03       1.486252702049e+03 
       1.187344137873e-02       1.708025160883e+03 
       1.494777707713e-02       1.916083233958e+03 
       1.881813640978e-02       2.082827164592e+03 
       2.369062490501e-02       2.174694475356e+03 
       2.982306136833e-02       2.163569993513e+03 
       3.743283544981e-02       2.050670574519e+03 
       4.534573077308e-02       1.906422612593e+03 
       5.112789455035e-02       1.811281951716e+03 
       5.559613900619e-02       1.746594003096e+03 
       5.944898699201e-02       1.695480437298e+03 
       6.297246477969e-02       1.650712224523e+03 
       6.630583543304e-02       1.608583752440e+03 
       6.952777658639e-02       1.566946773525e+03 
       7.268773881818e-02       1.524514215758e+03 
       7.581939112635e-02       1.480575426310e+03 
       7.894715423535e-02       1.434861653622e+03 
       8.208968876501e-02       1.387468264486e+03 
       8.526189805124e-02       1.338792415875e+03 
       8.847614627634e-02       1.289468825998e+03 
       9.174303463719e-02       1.240295462640e+03 
       9.507191513640e-02       1.192148076211e+03 
       9.847124157952e-02       1.145885860767e+03 
       1.019488156809e-01       1.102255527511e+03 
       1.055119633342e-01       1.061800240946e+03 
       1.091676630270e-01       1.024783308783e+03 
       1.129226406197e-01       9.911355682689e+02 
       1.167834399467e-01       9.604369196698e+02 
       1.207564757150e-01       9.319412817408e+02 
       1.248480732448e-01       9.046536077092e+02 
       1.290644983462e-01       8.774622437395e+02 
       1.334119797915e-01       8.493179808075e+02 
       1.378967262908e-01       8.194364788156e+02 
       1.425249395105e-01       7.874819772594e+02 
       1.473028244292e-01       7.536805321570e+02 
       1.522365981681e-01       7.188146109796e+02 
       1.573324983289e-01       6.840773542301e+02 
       1.625967918067e-01       6.508046192842e+02 
       1.680357850088e-01       6.201433797480e+02 
       1.736558363795e-01       5.927420718469e+02 
       1.794633721198e-01       5.685508784736e+02 
       1.854649059759e-01       5.468037174734e+02 
       1.916670639666e-01       5.262191637180e+02 
       1.980766149154e-01       5.054012187321e+02 
       2.047005076634e-01       4.833367021759e+02 
       2.115459158589e-01       4.598020554510e+02 
       2.186202912660e-01       4.354742430179e+02 
       2.259314266095e-01       4.116451329568e+02 
       2.334875290964e-01       3.896354360011e+02 
       2.412973059356e-01       3.701759501786e+02 
       2.493700634397e-01       3.530609687057e+02 
       2.577158216528e-01       3.372678512778e+02 
       2.663454469430e-01       3.215250913893e+02 
       2.752708056579e-01       3.050527983868e+02 
       2.845049428176e-01       2.880210267167e+02 
       2.940622909789e-01       2.713771644755e+02 
       3.039589159382e-01       2.561259732729e+02 
       3.142128079757e-01       2.425834718801e+02 
       3.248442300645e-01       2.301776999223e+02 
       3.358761381384e-01       2.179707756886e+02 
       3.473346935162e-01       2.054845288076e+02 
       3.592498944900e-01       1.930751969323e+02 
       3.716563637584e-01       1.814675934604e+02 
       3.845943421363e-01       1.709337033395e+02 
       3.981109588391e-01       1.610289054707e+02 
       4.122618778563e-01       1.511898653719e+02 
       4.271134637393e-01       1.414344326056e+02 
       4.427456772108e-01       1.322094778927e+02 
       4.592560161440e-01       1.236300821596e+02 
       4.767649865224e-01       1.153260540305e+02 
       4.954238677092e-01       1.071239041557e+02 
       5.154260141799e-01       9.926648314301e+01 
       5.370237819462e-01       9.177203095873e+01 
       5.605547281467e-01       8.439788417877e+01 
       5.864837452888e-01       7.719915312648e+01 
       6.154739233596e-01       7.017521702721e+01 
       6.485121757131e-01       6.318107523034e+01 
       6.871462227870e-01       5.620772278067e+01 
       7.339651374240e-01       4.911262846773e+01 
       7.936541794995e-01       4.176889380485e+01 
       8.754707841149e-01       3.398871458828e+01 
       9.988298818574e-01       2.564164629271e+01 
       1.198779554072e+00       1.721116330294e+01 
       1.497266327945e+00       1.045927504110e+01 
       1.884444124667e+00       6.168305474656e+00 
       2.372370106197e+00       3.593138000477e+00 
       2.986637006059e+00       2.071139984326e+00 
       3.759953222732e+00       1.182595547574e+00 
       4.733500659254e+00       6.695131094214e-01 
       5.959124266680e+00       3.761259193325e-01 
       7.502092971362e+00       2.098316180091e-01 
       9.444575483290e+00       1.163178798929e-01 
       1.189001607952e+01       6.410637512872e-02 
