# Matter power spectrum P(k) at redshift z=1.5
# for k=2.04008e-07 to 10.2369 h/Mpc,
# number of wavenumbers equal to 139
#    1:k (h/Mpc)              2:P (Mpc/h)^3        
       2.040079949721e-07       2.983435176327e-01 
       2.568308490795e-07       3.717633780694e-01 
       3.233308824389e-07       4.632512558670e-01 
       4.070494643201e-07       5.772535399010e-01 
       5.124449144898e-07       7.193108381716e-01 
       6.451299249959e-07       8.963272559061e-01 
       8.121704564862e-07       1.116905940699e+00 
       1.022462026379e-06       1.391767202126e+00 
       1.287203427603e-06       1.734269526320e+00 
       1.620493105158e-06       2.161058807738e+00 
       2.040079949721e-06       2.692877347907e+00 
       2.568308490795e-06       3.355571938175e+00 
       3.233308824389e-06       4.181350015436e+00 
       4.070494643201e-06       5.210344929395e+00 
       5.124449144898e-06       6.492566375444e+00 
       6.451299249959e-06       8.090330747562e+00 
       8.121704564862e-06       1.008128944834e+01 
       1.022462026379e-05       1.256220218414e+01 
       1.287203427603e-05       1.565363832271e+01 
       1.620493105158e-05       1.950583421116e+01 
       2.040079949721e-05       2.430598993199e+01 
       2.568308490795e-05       3.028735780888e+01 
       3.233308824389e-05       3.774055973707e+01 
       4.070494643201e-05       4.702767431186e+01 
       5.124449144898e-05       5.859976044352e+01 
       6.451299249959e-05       7.301863388233e+01 
       8.121704564862e-05       9.098388553769e+01 
       1.022462026379e-04       1.133663186030e+02 
       1.287203427603e-04       1.412491635900e+02 
       1.620493105158e-04       1.759785579899e+02 
       2.040079949721e-04       2.192247516784e+02 
       2.568308490795e-04       2.730551359217e+02 
       3.233308824389e-04       3.400191857850e+02 
       4.070494643201e-04       4.232433214953e+02 
       5.124449144898e-04       5.265301458686e+02 
       6.451299249959e-04       6.544516784690e+02 
       8.121704564862e-04       8.124214788428e+02 
       1.022462026379e-03       1.006726705469e+03 
       1.287203427603e-03       1.244487582951e+03 
       1.620493105158e-03       1.533457518897e+03 
       2.040079949721e-03       1.881505391305e+03 
       2.568308490795e-03       2.295680080124e+03 
       3.233308824389e-03       2.780800668084e+03 
       4.070494643201e-03       3.337347523897e+03 
       5.124449144898e-03       3.958473182663e+03 
       6.451299249959e-03       4.626132935799e+03 
       8.121704564862e-03       5.306435330865e+03 
       1.022462026379e-02       5.944574331474e+03 
       1.287203427603e-02       6.461112323478e+03 
       1.620493105117e-02       6.754393790246e+03 
       2.040079818484e-02       6.719685130137e+03 
       2.568250273475e-02       6.299689104894e+03 
       3.228120138100e-02       5.568523025673e+03 
       3.956250539954e-02       4.835377395809e+03 
       4.510669780553e-02       4.414016971552e+03 
       4.927883997972e-02       4.167706348296e+03 
       5.282021037915e-02       3.991110218791e+03 
       5.603122595030e-02       3.845217698207e+03 
       5.905333703701e-02       3.712095373904e+03 
       6.196454900110e-02       3.582228379157e+03 
       6.481303583680e-02       3.450411990981e+03 
       6.763115751701e-02       3.314132313254e+03 
       7.044213114577e-02       3.172799695596e+03 
       7.326353692421e-02       3.027288180968e+03 
       7.610930652087e-02       2.879572525075e+03 
       7.899092055010e-02       2.732378689279e+03 
       8.191816548363e-02       2.588822525415e+03 
       8.489963139540e-02       2.452040246105e+03 
       8.794305014389e-02       2.324831475982e+03 
       9.105553142783e-02       2.209339333955e+03 
       9.424373124180e-02       2.106791750805e+03 
       9.751397424589e-02       2.017324184325e+03 
       1.008723438877e-01       1.939900126136e+03 
       1.043247494382e-01       1.872348911959e+03 
       1.078769761759e-01       1.811545107925e+03 
       1.115347230770e-01       1.753751304659e+03 
       1.153036311496e-01       1.695129391039e+03 
       1.191893047403e-01       1.632379484719e+03 
       1.231973276076e-01       1.563400772980e+03 
       1.273332751986e-01       1.487807247898e+03 
       1.316027243254e-01       1.407115122054e+03 
       1.360112612882e-01       1.324477721313e+03 
       1.405644893850e-01       1.243975478198e+03 
       1.452680366904e-01       1.169620448889e+03 
       1.501275649421e-01       1.104337647744e+03 
       1.551487803499e-01       1.049192790492e+03 
       1.603374471289e-01       1.003070938415e+03 
       1.656994045423e-01       9.629253192073e+02 
       1.712405882382e-01       9.246239931107e+02 
       1.769670566587e-01       8.842664510184e+02 
       1.828850233055e-01       8.395888198973e+02 
       1.890008956634e-01       7.908582371347e+02 
       1.953213216190e-01       7.407289719679e+02 
       2.018532442737e-01       6.930066163097e+02 
       2.086039661511e-01       6.508761461715e+02 
       2.155812239527e-01       6.154539399130e+02 
       2.227932752342e-01       5.853507685200e+02 
       2.302489986810e-01       5.574769923536e+02 
       2.379580100828e-01       5.287683562904e+02 
       2.459307966661e-01       4.979366461090e+02 
       2.541788731941e-01       4.661079089005e+02 
       2.627149642300e-01       4.358221864071e+02 
       2.715532182685e-01       4.090973600417e+02 
       2.807094611746e-01       3.860084222331e+02 
       2.902014986839e-01       3.648272854029e+02 
       3.000494808346e-01       3.435841505973e+02 
       3.102763454432e-01       3.217358392733e+02 
       3.209083635752e-01       3.004023129530e+02 
       3.319758181185e-01       2.809641856693e+02 
       3.435138581240e-01       2.635551512073e+02 
       3.555635882262e-01       2.470876852339e+02 
       3.681734768523e-01       2.306810006345e+02 
       3.814012033724e-01       2.146439781908e+02 
       3.953161199259e-01       1.997395409109e+02 
       4.100025903695e-01       1.859299324303e+02 
       4.255646075320e-01       1.725608854625e+02 
       4.421323182271e-01       1.595122470695e+02 
       4.598714729618e-01       1.471612774446e+02 
       4.789974985688e-01       1.354129002214e+02 
       4.997971383257e-01       1.239532992094e+02 
       5.226629891249e-01       1.128894412565e+02 
       5.481510689418e-01       1.021598934308e+02 
       5.770818017794e-01       9.159913853629e+01 
       6.107281663545e-01       8.117239962555e+01 
       6.511918066726e-01       7.070093004983e+01 
       7.022163816176e-01       6.001417368615e+01 
       7.710789448491e-01       4.886874551566e+01 
       8.729746092410e-01       3.707706816777e+01 
       1.037142588727e+00       2.510948086629e+01 
       1.289492853596e+00       1.519461641233e+01 
       1.622455450902e+00       8.850447669445e+00 
       2.042539321812e+00       5.097571599232e+00 
       2.571404632753e+00       2.909867031591e+00 
       3.237206636171e+00       1.647692111654e+00 
       4.075401697504e+00       9.261959374404e-01 
       5.130626760257e+00       5.171830800518e-01 
       6.459076406919e+00       2.870492017651e-01 
       8.131495425391e+00       1.584398029457e-01 
       1.023694622691e+01       8.700943149402e-02 
