# Matter power spectrum P(k) at redshift z=0
# for k=1.66487e-07 to 10.5173 h/Mpc,
# number of wavenumbers equal to 140
#    1:k (h/Mpc)              2:P (Mpc/h)^3        
       1.664874208107e-07       1.880574043359e+00 
       2.095952448026e-07       2.358633359768e+00 
       2.638647798732e-07       2.958219773673e+00 
       3.321860766599e-07       3.710226594294e+00 
       4.181974933513e-07       4.653400492002e+00 
       5.264794515286e-07       5.836337892673e+00 
       6.627983603168e-07       7.319988869521e+00 
       8.344136986983e-07       9.180797541259e+00 
       1.050464609240e-06       1.151464077503e+01 
       1.322456590763e-06       1.444176811738e+01 
       1.664874208107e-06       1.811299745024e+01 
       2.095952448026e-06       2.271748553312e+01 
       2.638647798732e-06       2.849247368490e+01 
       3.321860766599e-06       3.573551049333e+01 
       4.181974933513e-06       4.481978082980e+01 
       5.264794515286e-06       5.621333002101e+01 
       6.627983603168e-06       7.050317173148e+01 
       8.344136986983e-06       8.842551787413e+01 
       1.050464609240e-05       1.109036804496e+02 
       1.322456590763e-05       1.390955829679e+02 
       1.664874208107e-05       1.744532992468e+02 
       2.095952448026e-05       2.187976272163e+02 
       2.638647798732e-05       2.744114209911e+02 
       3.321860766599e-05       3.441562537579e+02 
       4.181974933513e-05       4.316179544813e+02 
       5.264794515286e-05       5.412875922109e+02 
       6.627983603168e-05       6.787854114483e+02 
       8.344136986983e-05       8.511356881134e+02 
       1.050464609240e-04       1.067099737121e+03 
       1.322456590763e-04       1.337570951754e+03 
       1.664874208107e-04       1.676027343869e+03 
       2.095952448026e-04       2.099019878437e+03 
       2.638647798732e-04       2.626644829987e+03 
       3.321860766599e-04       3.282904768357e+03 
       4.181974933513e-04       4.095816900919e+03 
       5.264794515286e-04       5.097105256099e+03 
       6.627983603168e-04       6.321302410632e+03 
       8.344136986983e-04       7.803893637605e+03 
       1.050464609240e-03       9.577580446014e+03 
       1.322456590763e-03       1.166580046368e+04 
       1.664874208107e-03       1.407373635250e+04 
       2.095952448026e-03       1.677661261913e+04 
       2.638647798732e-03       1.970720659543e+04 
       3.321860766599e-03       2.274537724221e+04 
       4.181974933513e-03       2.570988344786e+04 
       5.264794515286e-03       2.835969793670e+04 
       6.627983603168e-03       3.040480390467e+04 
       8.344136986983e-03       3.152612270300e+04 
       1.050464609240e-02       3.140449276918e+04 
       1.322456590763e-02       2.976690546358e+04 
       1.664874208064e-02       2.647657360707e+04 
       2.095952313403e-02       2.170519706964e+04 
       2.638588055255e-02       1.616049042587e+04 
       3.316534296088e-02       1.113581869191e+04 
       4.064659039016e-02       8.062468726297e+03 
       4.634338549564e-02       6.913509409617e+03 
       5.063022667740e-02       6.417214317599e+03 
       5.426888074909e-02       6.104610001956e+03 
       5.756806855243e-02       5.836924971802e+03 
       6.067314420451e-02       5.561320066952e+03 
       6.366426342824e-02       5.257325134480e+03 
       6.659092712922e-02       4.920846646791e+03 
       6.948638604676e-02       4.557555170552e+03 
       7.237449605389e-02       4.179046942469e+03 
       7.527332082929e-02       3.799929558948e+03 
       7.819717504173e-02       3.435357116833e+03 
       8.115785482474e-02       3.098998930539e+03 
       8.416541553692e-02       2.801553665409e+03 
       8.722868321268e-02       2.549886554652e+03 
       9.035560205443e-02       2.346754543987e+03 
       9.355347698530e-02       2.190965568731e+03 
       9.682914674042e-02       2.077763391900e+03 
       1.001891096035e-01       1.999282221710e+03 
       1.036396160085e-01       1.945066729150e+03 
       1.071867374192e-01       1.902828065167e+03 
       1.108364178946e-01       1.859680443304e+03 
       1.145945128152e-01       1.803970557901e+03 
       1.184668179968e-01       1.727470907146e+03 
       1.224590915834e-01       1.627310955771e+03 
       1.265770705631e-01       1.506831469675e+03 
       1.308264833812e-01       1.374785506853e+03 
       1.352130598839e-01       1.242953367731e+03 
       1.397425396640e-01       1.122954543732e+03 
       1.444206797766e-01       1.023366822699e+03 
       1.492532627318e-01       9.479760133990e+02 
       1.542461056236e-01       8.953430085940e+02 
       1.594050712362e-01       8.594475970448e+02 
       1.647360819471e-01       8.312347347117e+02 
       1.702451372366e-01       8.010803725852e+02 
       1.759383356097e-01       7.618743564200e+02 
       1.818219017279e-01       7.115936461175e+02 
       1.879022195587e-01       6.538531334288e+02 
       1.941858723664e-01       5.958313050370e+02 
       2.006796904019e-01       5.446598862089e+02 
       2.073908072179e-01       5.042820684954e+02 
       2.143267256361e-01       4.741862595383e+02 
       2.214953945517e-01       4.502318648424e+02 
       2.289052979850e-01       4.270397985284e+02 
       2.365655581051e-01       4.009085383853e+02 
       2.444860543834e-01       3.716533510906e+02 
       2.526775616074e-01       3.420877472388e+02 
       2.611519102586e-01       3.155777319288e+02 
       2.699221737706e-01       2.936287678764e+02 
       2.790028885285e-01       2.752011486710e+02 
       2.884103142516e-01       2.579594099343e+02 
       2.981627447825e-01       2.402936704013e+02 
       3.082808825028e-01       2.224072571197e+02 
       3.187882939572e-01       2.056104082178e+02 
       3.297119702658e-01       1.907457787239e+02 
       3.410830242818e-01       1.774415161466e+02 
       3.529375683297e-01       1.647852818123e+02 
       3.653178334565e-01       1.524145343418e+02 
       3.782736161964e-01       1.406888707924e+02 
       3.918641762880e-01       1.299316930582e+02 
       4.061607658849e-01       1.199514371664e+02 
       4.212500598821e-01       1.104320588927e+02 
       4.372388995103e-01       1.013797894846e+02 
       4.542609958544e-01       9.290495192851e+01 
       4.724866380205e-01       8.491558237492e+01 
       4.921371505689e-01       7.729886874510e+01 
       5.135071251845e-01       7.006509606298e+01 
       5.369999016211e-01       6.316702896506e+01 
       5.631867076428e-01       5.653673993908e+01 
       5.929104010826e-01       5.013379274571e+01 
       6.274787525157e-01       4.388777090749e+01 
       6.690508120371e-01       3.772346217557e+01 
       7.214724228345e-01       3.154243897277e+01 
       7.922191166560e-01       2.523279308825e+01 
       8.969003154478e-01       1.872516477030e+01 
       1.065554385875e+00       1.232570815815e+01 
       1.324809017535e+00       7.221697190025e+00 
       1.666889832904e+00       4.081490548389e+00 
       2.098478576929e+00       2.288832779760e+00 
       2.641827981835e+00       1.276077176878e+00 
       3.325864379915e+00       7.076557222375e-01 
       4.187015184056e+00       3.905159308418e-01 
       5.271139814776e+00       2.145327523931e-01 
       6.635971861941e+00       1.173630626761e-01 
       8.354193608948e+00       6.395557677312e-02 
       1.051730662935e+01       3.472476256954e-02 
