# Matter power spectrum P(k) at redshift z=0
# for k=2.12159e-07 to 10.647 h/Mpc,
# number of wavenumbers equal to 139
#    1:k (h/Mpc)              2:P (Mpc/h)^3        
       2.121591077893e-07       8.771944591970e-01 
       2.670924921395e-07       1.098666492346e+00 
       3.362495256538e-07       1.376055272687e+00 
       4.233130725493e-07       1.723478530662e+00 
       5.329195841770e-07       2.158618407697e+00 
       6.709060069632e-07       2.703621389889e+00 
       8.446206210914e-07       3.386225453111e+00 
       1.063314363217e-06       4.241171786140e+00 
       1.338633472580e-06       5.311972938158e+00 
       1.685239695709e-06       6.653127377794e+00 
       2.121591077893e-06       8.332893163266e+00 
       2.670924921395e-06       1.043676187580e+01 
       3.362495256538e-06       1.307180958622e+01 
       4.233130725493e-06       1.637214623429e+01 
       5.329195841770e-06       2.050574063275e+01 
       6.709060069632e-06       2.568296819479e+01 
       8.446206210914e-06       3.216731590735e+01 
       1.063314363217e-05       4.028878833991e+01 
       1.338633472580e-05       5.046069495799e+01 
       1.685239695709e-05       6.320066906395e+01 
       2.121591077893e-05       7.915698007980e+01 
       2.670924921395e-05       9.914146236605e+01 
       3.362495256538e-05       1.241707048421e+02 
       4.233130725493e-05       1.555175350332e+02 
       5.329195841770e-05       1.947752937832e+02 
       6.709060069632e-05       2.439379268935e+02 
       8.446206210914e-05       3.054994877680e+02 
       1.063314363217e-04       3.825771706294e+02 
       1.338633472580e-04       4.790623001702e+02 
       1.685239695709e-04       5.998034378484e+02 
       2.121591077893e-04       7.508242897193e+02 
       2.670924921395e-04       9.395754010551e+02 
       3.362495256538e-04       1.175211423830e+03 
       4.233130725493e-04       1.468874263333e+03 
       5.329195841770e-04       1.833948043493e+03 
       6.709060069632e-04       2.286238121501e+03 
       8.446206210914e-04       2.844005677097e+03 
       1.063314363217e-03       3.527709960792e+03 
       1.338633472580e-03       4.359131728643e+03 
       1.685239695709e-03       5.359521807503e+03 
       2.121591077893e-03       6.546602555809e+03 
       2.670924921395e-03       7.930001264401e+03 
       3.362495256538e-03       9.505083852240e+03 
       4.233130725493e-03       1.124558919174e+04 
       5.329195841770e-03       1.309559905302e+04 
       6.709060069632e-03       1.496249994249e+04 
       8.446206210914e-03       1.671305540359e+04 
       1.063314363217e-02       1.817429660064e+04 
       1.338633472580e-02       1.914240109158e+04 
       1.685239695709e-02       1.940501593162e+04 
       2.121591075684e-02       1.878865658222e+04 
       2.670922109401e-02       1.724584569425e+04 
       3.361903391007e-02       1.497196312660e+04 
       4.204725540566e-02       1.250605548882e+04 
       4.999122636789e-02       1.074084066594e+04 
       5.567526936607e-02       9.755395996487e+03 
       6.021855660893e-02       9.076779915997e+03 
       6.420870368089e-02       8.530366538057e+03 
       6.789522653835e-02       8.051181968957e+03 
       7.140486267404e-02       7.610557432114e+03 
       7.481140621491e-02       7.195135578434e+03 
       7.816227921242e-02       6.799204114356e+03 
       8.149033128582e-02       6.421224199397e+03 
       8.481972562585e-02       6.061933892835e+03 
       8.816914524541e-02       5.723137224881e+03 
       9.155366316022e-02       5.406845701909e+03 
       9.498589432735e-02       5.114645297040e+03 
       9.847673725746e-02       4.847242968976e+03 
       1.020358691310e-01       4.604180606067e+03 
       1.056720864282e-01       4.383716911189e+03 
       1.093935451530e-01       4.182881559212e+03 
       1.132079336962e-01       3.997704750009e+03 
       1.171225992289e-01       3.823616747602e+03 
       1.211446412385e-01       3.655991216724e+03 
       1.252809813295e-01       3.490773307414e+03 
       1.295384155701e-01       3.325092591886e+03 
       1.339236538315e-01       3.157728217554e+03 
       1.384433493636e-01       2.989291098512e+03 
       1.431041210521e-01       2.822031207119e+03 
       1.479125702723e-01       2.659268156331e+03 
       1.528752939016e-01       2.504553087350e+03 
       1.579988948174e-01       2.360761074685e+03 
       1.632899910578e-01       2.229349128153e+03 
       1.687552247232e-01       2.109984100751e+03 
       1.744012716364e-01       2.000659382920e+03 
       1.802348527411e-01       1.898298128884e+03 
       1.862627481938e-01       1.799697028237e+03 
       1.924918150892e-01       1.702523874015e+03 
       1.989290097477e-01       1.606004856699e+03 
       2.055814154884e-01       1.511005531383e+03 
       2.124562768111e-01       1.419447491492e+03 
       2.195610409215e-01       1.333315938432e+03 
       2.269034075639e-01       1.253722332069e+03 
       2.344913881787e-01       1.180460299525e+03 
       2.423333754957e-01       1.112241917599e+03 
       2.504382248178e-01       1.047452283526e+03 
       2.588153484627e-01       9.849833858174e+02 
       2.674748251322e-01       9.246647682669e+02 
       2.764275263953e-01       8.670666072451e+02 
       2.856852630385e-01       8.128734842390e+02 
       2.952609547888e-01       7.623078296815e+02 
       3.051688279164e-01       7.149981589651e+02 
       3.154246465492e-01       6.703111132234e+02 
       3.260459852775e-01       6.278061255416e+02 
       3.370525529611e-01       5.874204717774e+02 
       3.484665807634e-01       5.492854474050e+02 
       3.603132916596e-01       5.134259649789e+02 
       3.726214744274e-01       4.796576862253e+02 
       3.854241931237e-01       4.477309700251e+02 
       3.987596742752e-01       4.174996636645e+02 
       4.126724300359e-01       3.889193302685e+02 
       4.272146988131e-01       3.619307821075e+02 
       4.424483192242e-01       3.364118651856e+02 
       4.584472050219e-01       3.122371151514e+02 
       4.753006683666e-01       2.893223885396e+02 
       4.931179645778e-01       2.675934201404e+02 
       5.120346351015e-01       2.469564297521e+02 
       5.322215649179e-01       2.273161776070e+02 
       5.538982555659e-01       2.085862784111e+02 
       5.773528609027e-01       1.906745794790e+02 
       6.029734830116e-01       1.734803904599e+02 
       6.312990396378e-01       1.568975066884e+02 
       6.631058881559e-01       1.408039422788e+02 
       6.995636717579e-01       1.250595728622e+02 
       7.425344341978e-01       1.094905540346e+02 
       7.951911779932e-01       9.387744126190e+01 
       8.634025236895e-01       7.793007742960e+01 
       9.590080211722e-01       6.131448431270e+01 
       1.106734160788e+00       4.403362201286e+01 
       1.345754593953e+00       2.784291922434e+01 
       1.687582066562e+00       1.623693142072e+01 
       2.124350968281e+00       9.301426413320e+00 
       2.674398303402e+00       5.285189739847e+00 
       3.366867984390e+00       2.981626830638e+00 
       4.238635663705e+00       1.671147162678e+00 
       5.336126148376e+00       9.311013322888e-01 
       6.717784808729e+00       5.159676321197e-01 
       8.457190006674e+00       2.845034192932e-01 
       1.064697141177e+01       1.561582857776e-01 
