# Matter power spectrum P(k) at redshift z=0
# for k=1.7991e-07 to 11.3631 h/Mpc,
# number of wavenumbers equal to 140
#    1:k (h/Mpc)              2:P (Mpc/h)^3        
       1.799099042695e-07       2.014020487365e+00 
       2.264931503184e-07       2.501001105614e+00 
       2.851379825331e-07       3.105731330301e+00 
       3.589674520786e-07       3.856682457285e+00 
       4.519132474288e-07       4.789210005305e+00 
       5.689250711146e-07       5.947218286686e+00 
       7.162342294329e-07       7.385227462377e+00 
       9.016854722299e-07       9.170940397552e+00 
       1.135154754436e-06       1.138843016496e+01 
       1.429075166678e-06       1.414209825909e+01 
       1.799099042695e-06       1.756158986651e+01 
       2.264931503184e-06       2.180789757589e+01 
       2.851379825331e-06       2.708094084984e+01 
       3.589674520786e-06       3.362897799864e+01 
       4.519132474288e-06       4.176029357358e+01 
       5.689250711146e-06       5.185771103429e+01 
       7.162342294329e-06       6.439661315459e+01 
       9.016854722299e-06       7.996731702184e+01 
       1.135154754436e-05       9.930285396544e+01 
       1.429075166678e-05       1.233134562579e+02 
       1.799099042695e-05       1.531293622604e+02 
       2.264931503184e-05       1.901539318286e+02 
       2.851379825331e-05       2.361295264288e+02 
       3.589674520786e-05       2.932191648475e+02 
       4.519132474288e-05       3.641076207001e+02 
       5.689250711146e-05       4.521263727085e+02 
       7.162342294329e-05       5.614076092345e+02 
       9.016854722299e-05       6.970732146641e+02 
       1.135154754436e-04       8.654650836719e+02 
       1.429075166678e-04       1.074422745662e+03 
       1.799099042695e-04       1.333612283594e+03 
       2.264931503184e-04       1.654905552475e+03 
       2.851379825331e-04       2.052799050816e+03 
       3.589674520786e-04       2.544846396365e+03 
       4.519132474288e-04       3.152058868114e+03 
       5.689250711146e-04       3.899209270864e+03 
       7.162342294329e-04       4.814945666955e+03 
       9.016854722299e-04       5.931516661364e+03 
       1.135154754436e-03       7.283667153777e+03 
       1.429075166678e-03       8.906167897223e+03 
       1.799099042695e-03       1.082959520426e+04 
       2.264931503184e-03       1.307363186779e+04 
       2.851379825331e-03       1.563770296908e+04 
       3.589674520786e-03       1.848899705940e+04 
       4.519132474288e-03       2.154684503805e+04 
       5.689250711146e-03       2.466582817453e+04 
       7.162342294329e-03       2.761857749729e+04 
       9.016854722299e-03       3.008152339834e+04 
       1.135154754436e-02       3.163294929084e+04 
       1.429075166673e-02       3.178814637874e+04 
       1.799099015328e-02       3.012381878557e+04 
       2.264913852207e-02       2.655478905500e+04 
       2.849245133939e-02       2.172625721363e+04 
       3.526854101884e-02       1.732287512854e+04 
       4.079145468899e-02       1.499148793744e+04 
       4.483515709850e-02       1.385012783532e+04 
       4.820030050660e-02       1.313330394875e+04 
       5.121943141356e-02       1.258668254301e+04 
       5.404321641251e-02       1.210322756261e+04 
       5.675240340320e-02       1.162934150279e+04 
       5.939584430404e-02       1.113713352599e+04 
       6.200584519251e-02       1.061417771545e+04 
       6.460529645211e-02       1.005883651949e+04 
       6.721135175227e-02       9.477467195202e+03 
       6.983748497809e-02       8.882185958777e+03 
       7.249471500451e-02       8.288721979804e+03 
       7.519237275714e-02       7.714263128598e+03 
       7.793860182370e-02       7.175382389154e+03 
       8.074069645974e-02       6.686198346282e+03 
       8.360533630472e-02       6.256915491569e+03 
       8.653875317784e-02       5.892824261181e+03 
       8.954685183768e-02       5.593763329449e+03 
       9.263529869402e-02       5.354006938606e+03 
       9.580958767883e-02       5.162568536731e+03 
       9.907508950635e-02       5.004003021091e+03 
       1.024370886532e-01       4.859881857637e+03 
       1.059008111561e-01       4.711093629600e+03 
       1.094714455131e-01       4.540903539612e+03 
       1.131541584320e-01       4.338295973385e+03 
       1.169541068140e-01       4.100697073196e+03 
       1.208764471175e-01       3.835016049604e+03 
       1.249263430936e-01       3.556287594065e+03 
       1.291089727802e-01       3.284015874021e+03 
       1.334295355793e-01       3.037229265993e+03 
       1.378932602005e-01       2.829727844412e+03 
       1.425054142279e-01       2.666784083163e+03 
       1.472713160528e-01       2.543927833611e+03 
       1.521963499037e-01       2.447992638020e+03 
       1.572859846962e-01       2.360512066808e+03 
       1.625457974248e-01       2.263280767511e+03 
       1.679815018201e-01       2.144792950879e+03 
       1.735989830072e-01       2.004826616053e+03 
       1.794043389315e-01       1.854337108507e+03 
       1.854039293688e-01       1.710094929655e+03 
       1.916044334219e-01       1.586729088454e+03 
       1.980129165374e-01       1.490260063023e+03 
       2.046369082618e-01       1.415964966627e+03 
       2.114844922258e-01       1.351278894730e+03 
       2.185644102065e-01       1.282662105547e+03 
       2.258861826071e-01       1.203272553950e+03 
       2.334602483462e-01       1.116577922290e+03 
       2.412981280137e-01       1.032908483334e+03 
       2.494126152872e-01       9.614409883862e+02 
       2.578180031190e-01       9.037964964309e+02 
       2.665303532185e-01       8.537700511126e+02 
       2.755678200599e-01       8.030655251769e+02 
       2.849510443244e-01       7.483813955408e+02 
       2.947036357332e-01       6.934571159731e+02 
       3.048527722585e-01       6.441401741003e+02 
       3.154299526308e-01       6.019761958193e+02 
       3.264719533133e-01       5.632467313575e+02 
       3.380220619307e-01       5.240425848013e+02 
       3.501316901012e-01       4.848509095719e+02 
       3.628625156332e-01       4.487299828839e+02 
       3.762893770407e-01       4.162534641960e+02 
       3.905042594723e-01       3.851097529194e+02 
       4.056219010987e-01       3.543679561203e+02 
       4.217878692626e-01       3.254211409685e+02 
       4.391905145092e-01       2.984045233094e+02 
       4.580792241124e-01       2.721188994213e+02 
       4.787933172292e-01       2.468052423973e+02 
       5.018097490830e-01       2.225909368655e+02 
       5.278258545714e-01       1.988724093433e+02 
       5.579114744965e-01       1.757086237010e+02 
       5.938084092455e-01       1.526746362148e+02 
       6.385673296264e-01       1.294761590848e+02 
       6.980101074555e-01       1.056248150927e+02 
       7.841737356450e-01       8.070986361070e+01 
       9.213071193092e-01       5.534501299147e+01 
       1.137726359022e+00       3.350827181864e+01 
       1.430557860779e+00       1.925774482113e+01 
       1.800936500720e+00       1.093964239962e+01 
       2.267244633025e+00       6.165232499270e+00 
       2.854291883228e+00       3.449687861374e+00 
       3.593340584474e+00       1.917683658876e+00 
       4.523747775026e+00       1.059715014937e+00 
       5.695061030527e+00       5.824181491062e-01 
       7.169657053049e+00       3.184979567433e-01 
       9.026063457933e+00       1.733692323422e-01 
       1.136314065566e+01       9.396695587690e-02 
