# Matter power spectrum P(k) at redshift z=0.5
# for k=2.20982e-07 to 11.0882 h/Mpc,
# number of wavenumbers equal to 139
#    1:k (h/Mpc)              2:P (Mpc/h)^3        
       2.209818126150e-07       3.566729195355e-01 
       2.781996194453e-07       4.474042820563e-01 
       3.502325704712e-07       5.612161186083e-01 
       4.409166830042e-07       7.039796984046e-01 
       5.550812167180e-07       8.830598387705e-01 
       6.988058493359e-07       1.107694837404e+00 
       8.797444416394e-07       1.389473052189e+00 
       1.107532633464e-06       1.742930714452e+00 
       1.394300976660e-06       2.186301813827e+00 
       1.755320931206e-06       2.742458738717e+00 
       2.209818126150e-06       3.440092193859e+00 
       2.781996194453e-06       4.315191258607e+00 
       3.502325704712e-06       5.412899927275e+00 
       4.409166830042e-06       6.789845882014e+00 
       5.550812167180e-06       8.517061587923e+00 
       6.988058493359e-06       1.068364831213e+01 
       8.797444416394e-06       1.340137190070e+01 
       1.107532633464e-05       1.681042704072e+01 
       1.394300976660e-05       2.108666665221e+01 
       1.755320931206e-05       2.645066792667e+01 
       2.209818126150e-05       3.317909988552e+01 
       2.781996194453e-05       4.161897324012e+01 
       3.502325704712e-05       5.220549650009e+01 
       4.409166830042e-05       6.548443729564e+01 
       5.550812167180e-05       8.214009847135e+01 
       6.988058493359e-05       1.030302651034e+02 
       8.797444416394e-05       1.292297531574e+02 
       1.107532633464e-04       1.620844678706e+02 
       1.394300976660e-04       2.032780983639e+02 
       1.755320931206e-04       2.549136063112e+02 
       2.209818126150e-04       3.196112647280e+02 
       2.781996194453e-04       4.006237457635e+02 
       3.502325704712e-04       5.019660253685e+02 
       4.409166830042e-04       6.285530367731e+02 
       5.550812167180e-04       7.863310878313e+02 
       6.988058493359e-04       9.823817352812e+02 
       8.797444416394e-04       1.224970642107e+03 
       1.107532633464e-03       1.523497290232e+03 
       1.394300976660e-03       1.888235332478e+03 
       1.755320931206e-03       2.329659288237e+03 
       2.209818126150e-03       2.857227578761e+03 
       2.781996194453e-03       3.477528359885e+03 
       3.502325704712e-03       4.191605049616e+03 
       4.409166830042e-03       4.991590667659e+03 
       5.550812167180e-03       5.856723973137e+03 
       6.988058493359e-03       6.733340581353e+03 
       8.797444416394e-03       7.589035055790e+03 
       1.107532633464e-02       8.333078988518e+03 
       1.394300976660e-02       8.866328603243e+03 
       1.755320931206e-02       9.079210227752e+03 
       2.209818120745e-02       8.874900018098e+03 
       2.781990641844e-02       8.215794721547e+03 
       3.501344543710e-02       7.189353540803e+03 
       4.368651023315e-02       6.071952742360e+03 
       5.149496865168e-02       5.305349690660e+03 
       5.709276132700e-02       4.875286935221e+03 
       6.162708132651e-02       4.574871139380e+03 
       6.563751988856e-02       4.330470833891e+03 
       6.935764334022e-02       4.113680480343e+03 
       7.290814430662e-02       3.911633612981e+03 
       7.636016227362e-02       3.718279196351e+03 
       7.975983087451e-02       3.531121318475e+03 
       8.313933595616e-02       3.349709681156e+03 
       8.652249121086e-02       3.174788499563e+03 
       8.992780052258e-02       3.007726175404e+03 
       9.337025587211e-02       2.850085047911e+03 
       9.686245058042e-02       2.703280044093e+03 
       1.004152990916e-01       2.568311956361e+03 
       1.040385192212e-01       2.445575289737e+03 
       1.077409649063e-01       2.334745907059e+03 
       1.115308614370e-01       2.234754822664e+03 
       1.154159750538e-01       2.143853946657e+03 
       1.194037371383e-01       2.059777562833e+03 
       1.235013362193e-01       1.979996497489e+03 
       1.277157866788e-01       1.902047581891e+03 
       1.320539802959e-01       1.823899000391e+03 
       1.365227249871e-01       1.744287051429e+03 
       1.411287739315e-01       1.662942888977e+03 
       1.458788474959e-01       1.580633189363e+03 
       1.507796498590e-01       1.498973489696e+03 
       1.558378818894e-01       1.420033860178e+03 
       1.610602516056e-01       1.345821514464e+03 
       1.664534834005e-01       1.277770028475e+03 
       1.720243271178e-01       1.216370923649e+03 
       1.777795680080e-01       1.161051977054e+03 
       1.837260385567e-01       1.110349356461e+03 
       1.898706331529e-01       1.062347720143e+03 
       1.962203265509e-01       1.015277414839e+03 
       2.027821970677e-01       9.680775719783e+02 
       2.095634554547e-01       9.207036975844e+02 
       2.165714803805e-01       8.740306808003e+02 
       2.238138614777e-01       8.293760841644e+02 
       2.312984509362e-01       7.878586811961e+02 
       2.390334246858e-01       7.498954545299e+02 
       2.470273543090e-01       7.150706767206e+02 
       2.552892909769e-01       6.824240091716e+02 
       2.638288629304e-01       6.509908617306e+02 
       2.726563883404e-01       6.202873445428e+02 
       2.817830058251e-01       5.904568066892e+02 
       2.912208254917e-01       5.620102793225e+02 
       3.009831041619e-01       5.353715929642e+02 
       3.110844494870e-01       5.105635233865e+02 
       3.215410590450e-01       4.872394744129e+02 
       3.323710023454e-01       4.649849272768e+02 
       3.435945561061e-01       4.436082585735e+02 
       3.552346064409e-01       4.231805582727e+02 
       3.673171360206e-01       4.038368262915e+02 
       3.798718203400e-01       3.855726437591e+02 
       3.929327656342e-01       3.682357866625e+02 
       4.065394328351e-01       3.516743184352e+02 
       4.207378088891e-01       3.358399514969e+02 
       4.355819113746e-01       3.207395556804e+02 
       4.511357488095e-01       3.063375530286e+02 
       4.674759140961e-01       2.925502516571e+02 
       4.846950735484e-01       2.793096486101e+02 
       5.029067483606e-01       2.665789831281e+02 
       5.222520036631e-01       2.543121557931e+02 
       5.429090255147e-01       2.424437804114e+02 
       5.651071978379e-01       2.309122477018e+02 
       5.891484256344e-01       2.196552506380e+02 
       6.154405762568e-01       2.085952032850e+02 
       6.445520901315e-01       1.976409101602e+02 
       6.773054953268e-01       1.866798610080e+02 
       7.149467525463e-01       1.755628786883e+02 
       7.594727703328e-01       1.640810784544e+02 
       8.143145304444e-01       1.519221518549e+02 
       8.858787686908e-01       1.385899124435e+02 
       9.871981558882e-01       1.232920357430e+02 
       1.145311893012e+00       1.050439392749e+02 
       1.399916854769e+00       8.427952048785e+01 
       1.757463766357e+00       6.486259827341e+01 
       2.212396752261e+00       4.874012419993e+01 
       2.785241909092e+00       3.564305542468e+01 
       3.506411816922e+00       2.525488253912e+01 
       4.414310940539e+00       1.730428355430e+01 
       5.557288218605e+00       1.147977056594e+01 
       6.996211359066e+00       7.400726192573e+00 
       8.807708266211e+00       4.657665954219e+00 
       1.108824775600e+01       2.874748303445e+00 
