k                         CCL nl error             
1.33446189855e-07         -9.0452865407e-06        
1.67998799515e-07         -9.0446990746e-06        
2.11497957861e-07         -9.04343708894e-06       
2.66260153694e-07         -9.04206716742e-06       
3.35201673633e-07         -9.03972644423e-06       
4.21993905012e-07         -9.03625601279e-06       
5.31258850642e-07         -9.03097966571e-06       
6.68815267314e-07         -9.02258683884e-06       
8.41988535818e-07         -9.00904309279e-06       
1.06000076418e-06         -8.98815868667e-06       
1.33446189855e-06         -8.95508250875e-06       
1.67998799515e-06         -8.90266424391e-06       
2.11497957861e-06         -8.81954245475e-06       
2.66260153694e-06         -8.68795989133e-06       
3.35201673633e-06         -8.47938145663e-06       
4.21993905012e-06         -8.14896433283e-06       
5.31258850642e-06         -7.62523468126e-06       
6.68815267314e-06         -6.79518595577e-06       
8.41988535818e-06         -5.47987701812e-06       
1.06000076418e-05         -3.39497220662e-06       
1.33446189855e-05         -9.10058040602e-08       
1.67998799515e-05         8.38710887642e-08        
2.11497957861e-05         9.42240507658e-08        
2.66260153694e-05         9.47462998841e-08        
3.35201673633e-05         9.20260070101e-08        
4.21993905012e-05         1.0426742121e-07         
5.31258850642e-05         1.05832130088e-07        
6.68815267314e-05         1.16605588348e-07        
8.41988535818e-05         1.28083853893e-07        
0.000106000076418         1.47909008924e-07        
0.000133446189855         1.78379426915e-07        
0.000167998799515         2.26139433755e-07        
0.000211497957861         3.03958414839e-07        
0.000266260153694         4.24925317174e-07        
0.000335201673633         6.15738851197e-07        
0.000421993905012         9.16163525638e-07        
0.000531258850642         1.39075944898e-06        
0.000668815267314         2.14813733715e-06        
0.000841988535818         3.33427951495e-06        
0.00106000076418          5.21846989071e-06        
0.00133446189855          8.01522312693e-06        
0.00167998799515          5.56426705072e-06        
0.00211497957861          2.89983229685e-06        
0.00266260153694          2.90173064549e-06        
0.00335201673633          -2.34835290478e-06       
0.00421993905012          -0.000592797909698       
0.00531258850642          -0.000702290264763       
0.00668815267314          -0.000887914034526       
0.00841988535818          -0.00109624973253        
0.0106000076418           -0.0013197440568         
0.0133446188628           -0.00154448435212        
0.0167997899169           -0.00172257941284        
0.0211376987538           -0.00176304210192        
0.0262340994307           -0.00156105359484        
0.0305007685375           -0.00123774668159        
0.0336006021161           -0.000926602410651       
0.0361616735363           -0.00061513844518        
0.0384506196595           -0.000283331676322       
0.0405866807539           8.1616962405e-05         
0.0426331248237           0.000495528285073        
0.0446279546889           0.0009720514999          
0.0465961661011           0.00152078038286         
0.0485553936824           0.00214976428292         
0.0505188055732           0.00286270637679         
0.0524967138727           0.00365821891327         
0.0544975298075           0.00452050216183         
0.0565283600474           0.0054287084544          
0.0585953948715           0.00636314707313         
0.0607041696885           0.00729740509922         
0.0628597463184           0.00820624050559         
0.0650668416292           0.00907353318702         
0.0673299205619           0.00989415878198         
0.0696532644081           0.0106792848981          
0.0720410214757           0.0114428068261          
0.0744972449643           0.0122538637155          
0.0770259213935           0.0131643312829          
0.0796309919712           0.0142335355293          
0.0823163686606           0.0155078883323          
0.0850859462821           0.0170061704446          
0.0879436117122           0.0187345167497          
0.0908932510522           0.0206726358809          
0.093938755521            0.0227838300781          
0.097084026745            0.0249972742461          
0.100332982068            0.0272598449126          
0.103689560474            0.0294776627667          
0.107157729695            0.0316790956273          
0.110741495063            0.0339200105474          
0.114444910658            0.0362645136181          
0.118272093298            0.0388350317458          
0.122227239914            0.0417183047081          
0.126314648852            0.0448026911596          
0.13053874567             0.0482727067851          
0.13490411398             0.0519928713469          
0.139415531971            0.0559543725377          
0.144078015274            0.0601258014687          
0.148896866949            0.064132149003           
0.153877735489            0.0679407370726          
0.159026681963            0.0722516606176          
0.164350257654            0.0774427458353          
0.169855593939            0.0830071350633          
0.17555050662             0.0887657826297          
0.181443617567            0.0947842982735          
0.18754449736             0.100876510129           
0.19386383376             0.107375313994           
0.200413632302            0.114444337406           
0.207207457317            0.12191392819            
0.214260724397            0.130118729155           
0.221591059041            0.138679516361           
0.229218741391            0.14774078057            
0.237167264265            0.157454866456           
0.245464042198            0.16778374577            
0.254141324418            0.178954626778           
0.263237387431            0.191034262235           
0.272798117241            0.203964497332           
0.282879144584            0.217842818615           
0.293548781209            0.233046265408           
0.304892143511            0.249684345131           
0.317017082328            0.267794258969           
0.330062942469            0.287900881741           
0.344213907539            0.310286001556           
0.359720068215            0.335577988938           
0.376932095918            0.364500888667           
0.396361163292            0.398223730768           
0.418788631292            0.43854670487            
0.445480873388            0.488312737208           
0.478643658435            0.552833334644           
0.522460530348            0.642398861239           
0.585544994849            0.779469488278           
0.685435856334            1.01436715505            
0.844186703043            1.42710585791            
1.06110745807             2.0553335772             
1.3358244658              2.93219743264            
1.68170325513             4.12544601058            
2.11713896292             5.70969744751            
2.66532004072             7.75161186183            
3.35543912983             10.2939419351            
4.22424758827             13.339783131             
5.31801263458             16.8425815941            
6.69498124592             20.7053545564            
