k                         CCL nl error             
1.27253393645e-07         -1.06305380485e-05       
1.60202530997e-07         -1.06295169038e-05       
2.01683037305e-07         -1.06281241519e-05       
2.53903900791e-07         -1.06265430254e-05       
3.1964607286e-07          -1.06239134761e-05       
4.02410563904e-07         -1.06200526543e-05       
5.06604884873e-07         -1.06138923517e-05       
6.37777763305e-07         -1.06041214772e-05       
8.02914633303e-07         -1.0588524172e-05        
1.01080963537e-06         -1.05639010615e-05       
1.27253393645e-06         -1.05251121904e-05       
1.60202530997e-06         -1.04634206159e-05       
2.01683037305e-06         -1.0365766296e-05        
2.53903900791e-06         -1.02110951145e-05       
3.1964607286e-06          -9.96602100922e-06       
4.02410563904e-06         -9.57763396525e-06       
5.06604884873e-06         -8.96212257447e-06       
6.37777763305e-06         -7.98637974149e-06       
8.02914633303e-06         -6.44004049452e-06       
1.01080963537e-05         -3.98951239481e-06       
1.27253393645e-05         1.06905508702e-07        
1.60202530997e-05         9.40256703816e-08        
2.01683037305e-05         1.09242073804e-07        
2.53903900791e-05         1.16699845719e-07        
3.1964607286e-05          1.2380781633e-07         
4.02410563904e-05         1.29973155568e-07        
5.06604884873e-05         1.43277071682e-07        
6.37777763305e-05         1.67548630154e-07        
8.02914633303e-05         1.99218352881e-07        
0.000101080963537         2.48115894225e-07        
0.000127253393645         3.25918746232e-07        
0.000160202530997         4.50104599969e-07        
0.000201683037305         6.46373736726e-07        
0.000253903900791         9.56217497093e-07        
0.00031964607286          1.44463521848e-06        
0.000402410563904         2.21997447928e-06        
0.000506604884873         3.44543072125e-06        
0.000637777763305         5.38218486548e-06        
0.000802914633303         8.46915191696e-06        
0.00101080963537          1.31925212981e-05        
0.00127253393645          7.72417838811e-06        
0.00160202530997          4.49377780511e-06        
0.00201683037305          2.39867966802e-06        
0.00253903900791          2.53810856614e-06        
0.0031964607286           -1.10513618686e-07       
0.00402410563904          -0.000333232745082       
0.00506604884873          -0.000380736192103       
0.00637777763305          -0.000489787511517       
0.00802914633303          -0.000592259968798       
0.0101080963537           -0.000684439760493       
0.0127253393226           -0.0007483536181         
0.0160202131473           -0.000747893128323       
0.0201616641226           -0.000630431306163       
0.0251304962094           -0.000346002728842       
0.0295313741723           4.81122856135e-06        
0.0326925869439           0.000338592155049        
0.0352648948567           0.000675582329005        
0.0375454701629           0.00103049064561         
0.0396638602015           0.00141062458863         
0.0416874079768           0.00182884335206         
0.0436559765459           0.0022880540446          
0.0455954991388           0.00280137285041         
0.0475241137662           0.00337516760305         
0.0494552679887           0.00401055469268         
0.0513994291              0.00470136178547         
0.0533650904691           0.00543843268875         
0.0553593958034           0.00620576364188         
0.0573885433835           0.00697721281759         
0.0594580572346           0.00773539917722         
0.0615729744265           0.00846486327349         
0.0637379775929           0.00913062805348         
0.0659574905409           0.009733845224           
0.0682357482986           0.010282941277           
0.0705768490289           0.0107992485014          
0.0729847928057           0.0113374773849          
0.075463510708            0.0119527113065          
0.0780168866871           0.0126900712573          
0.0806487740068           0.0135748792928          
0.0833630076209           0.0146108246283          
0.0861634135631           0.0158066391787          
0.0890538162299           0.0171845136794          
0.0920380443108           0.018766768339           
0.0951199360387           0.0205267845114          
0.0983033443784           0.0224341862949          
0.10159214274             0.0243744927971          
0.104990231781            0.0262615415326          
0.108501547854            0.028051677578           
0.112130073635            0.0296791169146          
0.115879851479            0.0312528371477          
0.119755000034            0.0331718484665          
0.123759734649            0.0352059892317          
0.127898392118            0.0373028438033          
0.13217546033             0.039794838323           
0.136595613405            0.0431023117267          
0.141163752993            0.0466466132915          
0.145885056457            0.0494896153477          
0.150765032828            0.0518825058161          
0.15580958758             0.0546813328797          
0.161025097537            0.0579106073014          
0.166418497572            0.0615620681536          
0.171997381193            0.0658005256532          
0.177770117736            0.070135461015           
0.183745989683            0.0745092608096          
0.189935354658            0.0791022628066          
0.196349838102            0.0834064679497          
0.203002564471            0.088114793745           
0.209908437398            0.0935411688136          
0.217084482738            0.0994614629323          
0.224550273301            0.105895263402           
0.232328460909            0.112199555057           
0.240445451226            0.118726524162           
0.248932271076            0.125646683624           
0.257825699082            0.133945738016           
0.267169762391            0.142574399344           
0.277017751644            0.151216211542           
0.287434984427            0.160952818722           
0.298502674477            0.171760041568           
0.310323476681            0.18329449925            
0.323029646364            0.196107470838           
0.336795414145            0.210276029887           
0.351856421631            0.226274996645           
0.368541514409            0.244357276953           
0.387327292615            0.26541820039            
0.408937129005            0.290328440388           
0.434533198437            0.320982299774           
0.466118241555            0.36024095916            
0.507444840796            0.413989845138           
0.566168073228            0.49496027125            
0.658119214273            0.63159570869            
0.805841167221            0.874319552834           
1.01198859381             1.25486344054            
1.27396110374             1.79786722396            
1.60382174565             2.55795534084            
2.01909195141             3.60688754599            
2.54188616638             5.02772373209            
3.20004508874             6.90657707783            
4.0286180811              9.31738484915            
5.07172967671             12.3016851276            
6.38492937176             15.8495237762            
