k                         CCL nl error             
1.33446189855e-07         -1.01007092878e-05       
1.67998799515e-07         -1.01000964118e-05       
2.11497957861e-07         -1.00990323204e-05       
2.66260153694e-07         -1.00975132605e-05       
3.35201673633e-07         -1.00950652625e-05       
4.21993905012e-07         -1.00912488845e-05       
5.31258850642e-07         -1.00852605906e-05       
6.68815267314e-07         -1.00757653784e-05       
8.41988535818e-07         -1.00606463091e-05       
1.06000076418e-06         -1.00368451764e-05       
1.33446189855e-06         -9.99912989663e-06       
1.67998799515e-06         -9.93935414002e-06       
2.11497957861e-06         -9.84460468019e-06       
2.66260153694e-06         -9.69448140613e-06       
3.35201673633e-06         -9.45654058594e-06       
4.21993905012e-06         -9.07947592197e-06       
5.31258850642e-06         -8.48185946736e-06       
6.68815267314e-06         -7.5347120564e-06        
8.41988535818e-06         -6.03366873419e-06       
1.06000076418e-05         -3.65466137989e-06       
1.33446189855e-05         1.15554450877e-07        
1.67998799515e-05         2.75832739011e-07        
2.11497957861e-05         2.60297959009e-07        
2.66260153694e-05         2.59441570912e-07        
3.35201673633e-05         2.29430133593e-07        
4.21993905012e-05         2.60501118894e-07        
5.31258850642e-05         2.54579801212e-07        
6.68815267314e-05         2.63745242286e-07        
8.41988535818e-05         2.76361009942e-07        
0.000106000076418         2.98504159064e-07        
0.000133446189855         3.28341228025e-07        
0.000167998799515         3.78398593473e-07        
0.000211497957861         4.54410467115e-07        
0.000266260153694         5.74688067901e-07        
0.000335201673633         7.64655493402e-07        
0.000421993905012         1.06521668642e-06        
0.000531258850642         1.54235994501e-06        
0.000668815267314         2.3065354599e-06         
0.000841988535818         3.481554754e-06          
0.00106000076418          5.36769299667e-06        
0.00133446189855          8.1466247284e-06         
0.00167998799515          5.85995669448e-06        
0.00211497957861          2.46892008992e-06        
0.00266260153694          5.3163862214e-06         
0.00335201673633          -1.0259848898e-05        
0.00421993905012          -0.00192236537395        
0.00531258850642          -0.0023967245416         
0.00668815267314          -0.0029967765889         
0.00841988535818          -0.00372606770951        
0.0106000076418           -0.00460133211785        
0.0133446188628           -0.00562538603342        
0.0167997899169           -0.00671036632734        
0.0211376987538           -0.00768955764088        
0.0262340994307           -0.00823552240208        
0.0305007685375           -0.00834418958502        
0.0336006021161           -0.00829040311231        
0.0361616735363           -0.00818011535911        
0.0384506196595           -0.00796515200131        
0.0405866807539           -0.00766592937499        
0.0426331248237           -0.00724427209721        
0.0446279546889           -0.00665552900958        
0.0465961661011           -0.00591079105361        
0.0485553936824           -0.00492464415173        
0.0505188055732           -0.00374845926788        
0.0524967138727           -0.00236593111437        
0.0544975298075           -0.000788741066677       
0.0565283600474           0.000930234300244        
0.0585953948715           0.00274325387757         
0.0607041696885           0.00459644253767         
0.0628597463184           0.00642778830124         
0.0650668416292           0.00818026468006         
0.0673299205619           0.00983046544284         
0.0696532644081           0.0114101415212          
0.0720410214757           0.0129330114882          
0.0744972449643           0.0145483770953          
0.0770259213935           0.0163834153005          
0.0796309919712           0.0185933868963          
0.0823163686606           0.02131575935            
0.0850859462821           0.0245968416923          
0.0879436117122           0.0285219755661          
0.0908932510522           0.0330332575061          
0.093938755521            0.0379962192777          
0.097084026745            0.0432013009325          
0.100332982068            0.0484452252203          
0.103689560474            0.0535049561032          
0.107157729695            0.0583895428048          
0.110741495063            0.0632431400161          
0.114444910658            0.0683964900233          
0.118272093298            0.0742215158301          
0.122227239914            0.0810170136073          
0.126314648852            0.0888098602488          
0.13053874567             0.0976735539339          
0.13490411398             0.107201055893           
0.139415531971            0.117042910506           
0.144078015274            0.12694848838            
0.148896866949            0.136675041595           
0.153877735489            0.146506704152           
0.159026681963            0.157553595633           
0.164350257654            0.17044701514            
0.169855593939            0.184680613655           
0.17555050662             0.199718812551           
0.181443617567            0.215274969322           
0.18754449736             0.231087068188           
0.19386383376             0.247828211692           
0.200413632302            0.266087090787           
0.207207457317            0.285965346478           
0.214260724397            0.307574989929           
0.221591059041            0.330284560683           
0.229218741391            0.354184355907           
0.237167264265            0.379800955674           
0.245464042198            0.407472234224           
0.254141324418            0.437482653457           
0.263237387431            0.469716730649           
0.272798117241            0.504301388203           
0.282879144584            0.541769876696           
0.293548781209            0.582755224601           
0.304892143511            0.627522240461           
0.317017082328            0.676514736047           
0.330062942469            0.730857046543           
0.344213907539            0.791490761853           
0.359720068215            0.859890188638           
0.376932095918            0.938175519734           
0.396361163292            1.02938684024            
0.418788631292            1.13822892181            
0.445480873388            1.27236034201            
0.478643658435            1.44555106823            
0.522460530348            1.68447273113            
0.585544994849            2.04647364885            
0.685435856334            2.65495391973            
0.844186703043            3.6860101598             
1.06110745807             5.16471556776            
1.3358244658              7.06444306194            
1.68170325513             9.39154871963            
2.11713896292             12.112094399             
2.66532004072             15.1382102877            
3.35543912983             18.3496518394            
4.22424758827             21.6387880581            
5.31801263458             24.9400759012            
6.69498124592             28.2311125976            
