k                         CCL nl error             
1.23275577692e-07         -1.12130427113e-05       
1.5519475741e-07          -1.1212320815e-05        
1.95378623881e-07         -1.12110216035e-05       
2.45967114525e-07         -1.12091547868e-05       
3.09654250941e-07         -1.12059484099e-05       
3.8983160538e-07          -1.1201663706e-05        
4.90768914333e-07         -1.11951818249e-05       
6.17841457573e-07         -1.1184848328e-05        
7.77816311398e-07         -1.11682760657e-05       
9.79212720127e-07         -1.11424003303e-05       
1.23275577692e-06         -1.11016541298e-05       
1.5519475741e-06          -1.10368623116e-05       
1.95378623881e-06         -1.09342498745e-05       
2.45967114525e-06         -1.07717909351e-05       
3.09654250941e-06         -1.05143245629e-05       
3.8983160538e-06          -1.01061063457e-05       
4.90768914333e-06         -9.45945108087e-06       
6.17841457573e-06         -8.4345418494e-06        
7.77816311398e-06         -6.81012393685e-06       
9.79212720127e-06         -4.23553492914e-06       
1.23275577692e-05         6.81804192058e-08        
1.5519475741e-05          9.06905130979e-08        
1.95378623881e-05         1.07934937376e-07        
2.45967114525e-05         1.08693929525e-07        
3.09654250941e-05         1.10095113936e-07        
3.8983160538e-05          1.15544827183e-07        
4.90768914333e-05         1.16235553296e-07        
6.17841457573e-05         1.18009630174e-07        
7.77816311398e-05         1.18911601495e-07        
9.79212720127e-05         1.22976318977e-07        
0.000123275577692         1.28396150519e-07        
0.00015519475741          1.36202320693e-07        
0.000195378623881         1.48423308693e-07        
0.000245967114525         1.66855048139e-07        
0.000309654250941         1.94691967948e-07        
0.00038983160538          2.37259903595e-07        
0.000490768914333         3.03512894468e-07        
0.000617841457573         4.14357244775e-07        
0.000777816311398         5.94666184593e-07        
0.000979212720127         8.72796343634e-07        
0.00123275577692          1.21776895354e-06        
0.0015519475741           1.9312785616e-06         
0.00195378623881          2.14826014894e-06        
0.00245967114525          2.25612170224e-06        
0.00309654250941          -2.39031900941e-06       
0.0038983160538           -0.000516412348927       
0.00490768914333          -0.000601943562697       
0.00617841457573          -0.000753704433628       
0.00777816311398          -0.000906491686111       
0.00979212720127          -0.00104631324015        
0.0123275577149           -0.00114132153356        
0.0155194276675           -0.00112095093755        
0.0195303379852           -0.000864234774912       
0.0243173055288           -0.000253059647295       
0.0284897521816           0.00050215906049         
0.0314944969311           0.00116768793613         
0.0339502095092           0.0017981395426          
0.0361324462166           0.00243475722831         
0.0381621818597           0.00310129319267         
0.0401026695034           0.00381312781528         
0.0419915066312           0.004579744298           
0.0438532284759           0.0054144647138          
0.0457050372553           0.006317211114           
0.0475597123964           0.00729810706345         
0.0494272180813           0.0083441110975          
0.0513156513014           0.00944388727804         
0.0532318310233           0.0105782138841          
0.055181680259            0.011733259415           
0.0571704826802           0.0128846680655          
0.0592030600437           0.014016253834           
0.0612838978264           0.0151293369619          
0.0634172359277           0.01622371428            
0.0656071351568           0.0173178805554          
0.0678575265245           0.0184432950846          
0.0701722480704           0.0196539473916          
0.0725550724975           0.0209981511042          
0.075009727942            0.0225213673325          
0.0775399135904           0.0242491585094          
0.0801493114373           0.0261745804427          
0.0828415952107           0.0282820677513          
0.0856204373027           0.0305356096344          
0.088489514428            0.0328781405931          
0.0914525126529           0.0352842256794          
0.0945131323856           0.0377323957278          
0.0976750938932           0.0402191912492          
0.100942143884            0.0428129890119          
0.104318063689            0.0455916038804          
0.107806679557            0.0486298020615          
0.111411875593            0.0519709189007          
0.115137609835            0.0556233641451          
0.118987934006            0.0591958493634          
0.122967017437            0.0630413232439          
0.127079175733            0.067229126834           
0.131328904725            0.0715635888475          
0.135720920362            0.0760760961238          
0.140260205249            0.0807746890296          
0.14495206268             0.0855118659414          
0.149802179179            0.0906564177422          
0.154816696837            0.0965944726479          
0.160002297025            0.102754457497           
0.165366297534            0.10881364448            
0.170916765787            0.115353025143           
0.176662651502            0.122361171835           
0.182613943263            0.129702617208           
0.188781854782            0.137708442207           
0.195179048503            0.1460093741             
0.201819906652            0.154783696712           
0.208720863265            0.164168478212           
0.215900815458            0.174069192171           
0.223381638861            0.184887620893           
0.231188841677            0.196091990733           
0.23935240575             0.208238711806           
0.247907883588            0.221226677786           
0.256897851501            0.235294917372           
0.266373867186            0.250249852473           
0.276399156488            0.266657812094           
0.287052378391            0.284439787699           
0.29843302575             0.303815835525           
0.310669380868            0.325273479932           
0.32393059636             0.349122987708           
0.338445696393            0.375932126857           
0.354534711303            0.406473264025           
0.37266220432             0.441920462247           
0.393534658226            0.484056731806           
0.418289856363            0.535914865459           
0.448894308809            0.602524215362           
0.489045194393            0.693986940452           
0.546304920949            0.832188563361           
0.636256154226            1.06601871553            
0.780388590928            1.47848212754            
0.980309096021            2.11486645332            
1.23409001654             3.00659922896            
1.55362708491             4.22409855271            
1.95590061752             5.84816574803            
2.46233299034             7.95352332411            
3.09989357384             10.5919404757            
3.90253479397             13.77499565              
4.91300022254             17.4637150047            
6.1851008283              21.5693322441            
