k                         CCL nl error             
1.06798243215e-07         -1.80204114361e-05       
1.34451022319e-07         -1.80193408687e-05       
1.69263808639e-07         -1.80175427626e-05       
2.13090509992e-07         -1.80148757901e-05       
2.68265058041e-07         -1.80107788575e-05       
3.37725698665e-07         -1.80042311509e-05       
4.25171464265e-07         -1.7993847303e-05        
5.35259160733e-07         -1.79773930191e-05       
6.73851359342e-07         -1.79512886609e-05       
8.48328600048e-07         -1.79099336944e-05       
1.06798243215e-06         -1.78445146813e-05       
1.34451022319e-06         -1.77407246062e-05       
1.69263808639e-06         -1.75762195549e-05       
2.13090509992e-06         -1.73156228486e-05       
2.68265058041e-06         -1.69026673665e-05       
3.37725698665e-06         -1.62480486478e-05       
4.25171464265e-06         -1.5210606298e-05        
5.35259160733e-06         -1.35665010616e-05       
6.73851359342e-06         -1.09607291257e-05       
8.48328600048e-06         -6.83102292248e-06       
1.06798243215e-05         6.49491873612e-08        
1.34451022319e-05         1.53648040845e-07        
1.69263808639e-05         1.72546323999e-07        
2.13090509992e-05         1.66827580999e-07        
2.68265058041e-05         1.58333538469e-07        
3.37725698665e-05         1.75176840667e-07        
4.25171464265e-05         1.7021636957e-07         
5.35259160733e-05         1.85668191661e-07        
6.73851359342e-05         2.01264525788e-07        
8.48328600048e-05         2.2761946417e-07         
0.000106798243215         2.67684886581e-07        
0.000134451022319         3.2860824072e-07         
0.000169263808639         4.23242225165e-07        
0.000213090509992         5.72291998236e-07        
0.000268265058041         8.06122930127e-07        
0.000337725698665         1.17436737895e-06        
0.000425171464265         1.76122447866e-06        
0.000535259160733         2.69344003541e-06        
0.000673851359342         4.16125646888e-06        
0.000848328600048         6.34538596479e-06        
0.00106798243215          4.87577714875e-06        
0.00134451022319          2.95828510347e-06        
0.00169263808639          2.07813656838e-06        
0.00213090509992          1.89855475673e-06        
0.00268265058041          3.06397910785e-06        
0.00337725698665          6.33690062439e-06        
0.00425171464265          -1.96181238201e-05       
0.00535259160733          2.82469118027e-05        
0.00673851359342          0.000178276977082        
0.00848328600048          0.000473231306781        
0.0106798243194           0.000991220314609        
0.0134450981708           0.00175892368159         
0.0169251840651           0.00268659197347         
0.0212328606134           0.00366228679925         
0.0256331588061           0.00463246270333         
0.0288255433836           0.00569524847664         
0.0313095039938           0.0068850498658          
0.0334595759662           0.00818601208724         
0.0354299965007           0.00956678111446         
0.0372965059988           0.010957680277           
0.0391021565796           0.0123102424422          
0.0408741285778           0.0135805358065          
0.0426309920706           0.014730470139           
0.0443862540254           0.0157388183746          
0.0461502597843           0.016586728987           
0.0479312883011           0.0172816744143          
0.0497362199586           0.0178082562017          
0.0515709629668           0.0182223482291          
0.0534407361005           0.0185374488346          
0.055350262124            0.0187775047855          
0.05730390357             0.0190748999319          
0.0593057600802           0.0194722912392          
0.061359739372            0.0199908586605          
0.0634696096433           0.0207966807407          
0.0656390386258           0.0219365109414          
0.0678716228496           0.0234723445718          
0.0701709096318           0.0252580623642          
0.0725404136062           0.0271380235523          
0.0749836291585           0.028785890755           
0.0775040398227           0.0299922038378          
0.0801051254969           0.0306846014008          
0.0827903681973           0.0309731975538          
0.0855632569863           0.0310564543859          
0.0884272926522           0.0313687680703          
0.0913859926806           0.0321512613223          
0.0944428970409           0.0336269102902          
0.0976015752912           0.0358506475424          
0.1008656355              0.0385745025644          
0.104238735476            0.0415673548097          
0.107724596792            0.0447652065338          
0.11132702209             0.0469164652453          
0.115049916163            0.0475695615705          
0.118897311309            0.0476213142222          
0.122873397491            0.0486421645544          
0.12698255789             0.0505139343572          
0.131229410463            0.0520976553246          
0.135618856293            0.05405385136            
0.140156135594            0.0575558811989          
0.1448468925              0.0612447498284          
0.149697250001            0.0638996804919          
0.154713896801            0.0657442161808          
0.159904188352            0.0669078287285          
0.165276264975            0.0687699593409          
0.170839190866            0.0723795566163          
0.176603118936            0.0759261654851          
0.182579487979            0.0794448933042          
0.188781260752            0.0822498593682          
0.195223214422            0.0845247804191          
0.201922298745            0.0880292317965          
0.208898082892            0.0921463687291          
0.216173319667            0.0963409159304          
0.223774667246            0.0993432346369          
0.231733625247            0.103749388279           
0.240087767077            0.108484967632           
0.248882388926            0.112753636299           
0.258172756166            0.117870253752           
0.268027225078            0.123337757334           
0.278531678885            0.12871216723            
0.289795992587            0.135267070549           
0.301963729946            0.14196630144            
0.315227179332            0.149450279632           
0.329851583901            0.157798453852           
0.346215990307            0.16737203526            
0.364885871637            0.178364700213           
0.386750581838            0.191547684265           
0.413303142541            0.207923740457           
0.447256792366            0.229631631718           
0.493995110439            0.260563841458           
0.564811067829            0.309927349206           
0.679665327054            0.396384355022           
0.849713431321            0.53858969329            
1.06949401884             0.746229921311           
1.34641128609             1.04338844767            
1.69503138015             1.46870015709            
2.13391807826             2.07603317624            
2.68644369541             2.93828505648            
3.38203223551             4.15040297469            
4.25772632479             5.82917064846            
5.36015986674             8.10671548887            
6.74804146752             11.1139795194            
