k                         CCL nl error             
1.61054210785e-07         -7.49309840036e-06       
2.02755238634e-07         -7.49248890868e-06       
2.55253722291e-07         -7.49158394553e-06       
3.21345397447e-07         -7.49040546205e-06       
4.04549886809e-07         -7.48869818218e-06       
5.09298132843e-07         -7.48595362876e-06       
6.41168361615e-07         -7.4815769393e-06        
8.07183143676e-07         -7.47465075481e-06       
1.01618337154e-06         -7.46363584646e-06       
1.27929906948e-06         -7.44616861998e-06       
1.61054210785e-06         -7.41862094087e-06       
2.02755238634e-06         -7.3748905935e-06        
2.55253722291e-06         -7.30562538664e-06       
3.21345397447e-06         -7.19592143681e-06       
4.04549886809e-06         -7.02202702359e-06       
5.09298132843e-06         -6.74646453624e-06       
6.41168361615e-06         -6.30975247189e-06       
8.07183143676e-06         -5.61765989167e-06       
1.01618337154e-05         -4.52075966017e-06       
1.27929906948e-05         -2.78235203688e-06       
1.61054210785e-05         -2.72267988234e-08       
2.02755238634e-05         1.2782738438e-07         
2.55253722291e-05         1.78512295213e-07        
3.21345397447e-05         2.03052972551e-07        
4.04549886809e-05         2.4599711575e-07         
5.09298132843e-05         3.11980456285e-07        
6.41168361615e-05         4.16199249171e-07        
8.07183143676e-05         5.76162442679e-07        
0.000101618337154         8.29818322403e-07        
0.000127929906948         1.2321851726e-06         
0.000161054210785         1.86965098182e-06        
0.000202755238634         2.87919828696e-06        
0.000255253722291         4.47950012615e-06        
0.000321345397447         7.0137807097e-06         
0.000404549886809         1.10358818245e-05        
0.000509298132843         1.73970802759e-05        
0.000641168361615         2.75409556864e-05        
0.000807183143676         4.34144861714e-05        
0.00101618337154          3.96441794574e-05        
0.00127929906948          2.14889782588e-05        
0.00161054210785          1.14339788654e-05        
0.00202755238634          6.39542535715e-06        
0.00255253722291          6.17088562988e-06        
0.00321345397447          -3.55127708972e-06       
0.00404549886809          -0.00103837498515        
0.00509298132843          -0.00129212076633        
0.00641168361615          -0.00159751006786        
0.00807183143676          -0.0020084735125         
0.0101618337154           -0.00249808514081        
0.0127929906947           -0.00308426682054        
0.0161054205669           -0.00375714991353        
0.0202752510507           -0.00446163438746        
0.0254971183732           -0.00499187873479        
0.031415437555            -0.00512512253186        
0.0360649009048           -0.00502118115684        
0.0395144424784           -0.00492382905469        
0.0424147823449           -0.00485299613257        
0.0450311867117           -0.00478334149837        
0.047486205086            -0.0046846441566         
0.0498464835283           -0.0045289992568         
0.052152768373            -0.00428020975439        
0.0544322208792           -0.00389235506611        
0.0567042087342           -0.00336717049037        
0.0589833224349           -0.00262272110888        
0.0612810740509           -0.00169802136644        
0.0636069145909           -0.000584169092713       
0.0659688741581           0.00071518675166         
0.068373981349            0.00215318192194         
0.070828547327            0.00368708329993         
0.0733383636065           0.00524569560434         
0.0759088429045           0.00675522050494         
0.0785451212903           0.00811339631499         
0.081252133324            0.0092809322534          
0.0840346678982           0.0102355221378          
0.0868974100217           0.0110339705591          
0.0898449721935           0.011786398128           
0.0928819179887           0.0125905359188          
0.0960127797922           0.0136397905115          
0.0992420721695           0.0151031790905          
0.102574302058            0.0172023144206          
0.106013976764            0.0200259003864          
0.109565610624            0.0235918676083          
0.113233731087            0.0277983363564          
0.117022884955            0.032331944842           
0.120937645438            0.0367973962167          
0.1249826207              0.040788673947           
0.129162464548            0.0439759014238          
0.133481889878            0.0464015634264          
0.137945685542            0.0489188991974          
0.142558737239            0.0516929132553          
0.147326053078            0.0552952666117          
0.152252794457            0.0603701112488          
0.157344312928            0.0673416150526          
0.162606193762            0.0756538475907          
0.168044307034            0.0840149595432          
0.173664867113            0.0913047819151          
0.179474501678            0.0972426539344          
0.185480331567            0.102354305536           
0.191690063119            0.10821279784            
0.19811209511             0.11624693885            
0.204755642975            0.126722142509           
0.211630883753            0.138941234401           
0.218749126269            0.151286624668           
0.226123012388            0.162122688219           
0.233766757012            0.171859753341           
0.241696436921            0.18245992138            
0.24993034189             0.196002761718           
0.258489406073            0.212558281709           
0.267397744005            0.229941617809           
0.27668332459             0.246278310619           
0.286378829383            0.262120982141           
0.29652276042             0.280556910465           
0.307160891095            0.302816792601           
0.318348196538            0.326651319442           
0.330151466845            0.350197946446           
0.342652913207            0.375696359761           
0.355955252034            0.405596876791           
0.3701890483              0.438485907255           
0.385523618022            0.473419456788           
0.402183734565            0.513261975966           
0.420476182573            0.559121259404           
0.440833806734            0.610666005689           
0.463892346062            0.671961127436           
0.490632635429            0.745100373824           
0.522662684614            0.83660337897            
0.562822666944            0.956220776953           
0.616583250814            1.12476817373            
0.695317919133            1.38716524711            
0.821479971056            1.84101028996            
1.01815192727             2.6131818147             
1.28070293123             3.72894277265            
1.61229427385             5.21482954691            
2.02975819265             7.12249343663            
2.55531416851             9.48107370991            
3.21694994186             12.2784391015            
4.04990003028             15.4499404416            
5.09852206334             18.8837307176            
6.41865898813             22.4549619498            
8.0806129098              26.0696862401            
