k                         CCL nl error             
1.80783173211e-07         -5.52355789023e-06       
2.2759253078e-07          -5.52309060408e-06       
2.86522020534e-07         -5.52221191571e-06       
3.60709852688e-07         -5.52125622598e-06       
4.54106799834e-07         -5.51987149597e-06       
5.71686589979e-07         -5.51770167456e-06       
7.19710775707e-07         -5.51435233925e-06       
9.0606218468e-07          -5.5090519628e-06        
1.14066470896e-06         -5.5005085492e-06        
1.43601178845e-06         -5.48703803391e-06       
1.80783173211e-06         -5.46604640938e-06       
2.2759253078e-06          -5.43259879613e-06       
2.86522020534e-06         -5.37959687585e-06       
3.60709852688e-06         -5.2956928467e-06        
4.54106799834e-06         -5.16275637555e-06       
5.71686589979e-06         -4.95214327823e-06       
7.19710775707e-06         -4.61830387067e-06       
9.0606218468e-06          -4.0892100871e-06        
1.14066470896e-05         -3.25071808149e-06       
1.43601178845e-05         -1.92183707563e-06       
1.80783173211e-05         1.84296786771e-07        
2.2759253078e-05          3.07714438458e-07        
2.86522020534e-05         3.04720266049e-07        
3.60709852688e-05         3.4133989016e-07         
4.54106799834e-05         3.72703415566e-07        
5.71686589979e-05         4.39097996846e-07        
7.19710775707e-05         5.29022351287e-07        
9.0606218468e-05          6.66303973495e-07        
0.000114066470896         8.82950407007e-07        
0.000143601178845         1.22793383069e-06        
0.000180783173211         1.77377098662e-06        
0.00022759253078          2.63982013575e-06        
0.000286522020534         4.01031746174e-06        
0.000360709852688         6.18406169017e-06        
0.000454106799834         9.62684905286e-06        
0.000571686589979         1.50916853465e-05        
0.000719710775707         2.37290008442e-05        
0.00090606218468          3.75199843662e-05        
0.00114066470896          5.29897862113e-05        
0.00143601178845          2.98180321661e-05        
0.00180783173211          1.42251632546e-05        
0.0022759253078           1.16822159863e-05        
0.00286522020534          -4.50041410247e-06       
0.00360709852688          -0.00160293366835        
0.00454106799834          -0.00200394294777        
0.00571686589979          -0.00252256770893        
0.00719710775707          -0.00314087301015        
0.0090606218468           -0.00396412257951        
0.0114066470896           -0.00497082047516        
0.0143601178831           -0.00621756952948        
0.0180783141469           -0.00771230931187        
0.0227581723203           -0.00950190225873        
0.0285746746142           -0.0115142587528         
0.0346974753223           -0.013374781642          
0.0391990397692           -0.0145832598388         
0.0426603614588           -0.0154239800612         
0.045636528911            -0.0160837637834         
0.0483540484649           -0.0166219372747         
0.0509225202334           -0.0170635580187         
0.053403588355            -0.0174130204545         
0.0558358716947           -0.0176649331865         
0.0582455984695           -0.0178157879214         
0.0606517538986           -0.0178589626193         
0.0630688205243           -0.0177886095525         
0.0655083480357           -0.0176057100525         
0.0679799062959           -0.017307494208          
0.0704916916852           -0.0169122842201         
0.0730509279801           -0.016418173065          
0.0756641399365           -0.0158505518477         
0.0783373449539           -0.0152278026128         
0.0810761902606           -0.0145648724661         
0.0838860528001           -0.0138778075544         
0.086772112925            -0.0131700616717         
0.0897394092783           -0.0124242981803         
0.0927928799064           -0.011614562624          
0.095937393144            -0.0106871999505         
0.0991777708345           -0.00958655178606        
0.102518805793            -0.00824423723098        
0.105965274994            -0.0065915900708         
0.109521949679            -0.00456410109946        
0.113193603381            -0.00212282787359        
0.116985018742            0.000729271713805        
0.120900993934            0.00392503280703         
0.124946349408            0.00735744174603         
0.129125935709            0.0109027739985          
0.133444643037            0.0144208950966          
0.13790741324             0.0178927253973          
0.142519254918            0.0213641352145          
0.147285262298            0.0251831566655          
0.152210638555            0.0295849926613          
0.15730072425             0.0346057094586          
0.162561031563            0.0403951832245          
0.167997285065            0.0470986565849          
0.173615469793            0.0545174991138          
0.179421887501            0.0620676100695          
0.185423222111            0.0693964078561          
0.191626615558            0.0766739452405          
0.198039755527            0.0843541187378          
0.204670976933            0.0929832550459          
0.211529379511            0.103022214959           
0.21862496455             0.114311473521           
0.225968794672            0.12628420517            
0.233573181754            0.138533434856           
0.241451909617            0.150804706498           
0.249620500177            0.163591323175           
0.258096534576            0.177821904251           
0.266900044568            0.193842674886           
0.276053994748            0.21137126447            
0.285584883507            0.229516744874           
0.295523501085            0.248217227705           
0.305905898152            0.268233425521           
0.316774640516            0.290609948984           
0.328180458773            0.315224644577           
0.340184452528            0.341291527228           
0.352861088391            0.368962329214           
0.366302358784            0.399702229415           
0.380623679872            0.433851836921           
0.395972467412            0.471027351826           
0.412540966739            0.512242369218           
0.43058608681             0.558926459617           
0.450461250776            0.61182563722            
0.472669871057            0.672843070416           
0.497959959509            0.744940407283           
0.527502178365            0.832191426384           
0.563249901824            0.942197416374           
0.608727360423            1.08864040852            
0.670876726629            1.29961836034            
0.764251261219            1.6373595511             
0.915492853545            2.22758837701            
1.14258545636             3.18327842018            
1.43798579564             4.48792308855            
1.81031265947             6.13594491259            
2.27904860348             8.10162939128            
2.86915220163             10.3022175704            
3.61204861694             12.6163757278            
4.5472997925              14.9348628087            
5.72471126382             17.1952456733            
7.20698448521             19.380231168             
9.07305591083             21.5048068176            
