k                         CCL nl error             
1.36318205259e-07         -1.3226906421e-05        
1.71614452691e-07         -1.32260803723e-05       
2.16049795523e-07         -1.32248458258e-05       
2.71990577797e-07         -1.32229050596e-05       
3.42415850158e-07         -1.32198514786e-05       
4.31076015165e-07         -1.32150134941e-05       
5.42692549906e-07         -1.32073484925e-05       
6.83209441868e-07         -1.31952024529e-05       
8.60109727946e-07         -1.31759398487e-05       
1.08281399344e-06         -1.31454271131e-05       
1.36318205259e-06         -1.30970953172e-05       
1.71614452691e-06         -1.30204664432e-05       
2.16049795523e-06         -1.2899051166e-05        
2.71990577797e-06         -1.27066271039e-05       
3.42415850158e-06         -1.24016413505e-05       
4.31076015165e-06         -1.19183002549e-05       
5.42692549906e-06         -1.11522634306e-05       
6.83209441868e-06         -9.93820061775e-06       
8.60109727946e-06         -8.01409641539e-06       
1.08281399344e-05         -4.96475721648e-06       
1.36318205259e-05         -1.32227204963e-07       
1.71614452691e-05         7.9947737104e-08         
2.16049795523e-05         6.89657567469e-08        
2.71990577797e-05         2.37753298025e-08        
3.42415850158e-05         2.84877562808e-08        
4.31076015165e-05         4.89168018552e-08        
5.42692549906e-05         6.49863167909e-08        
6.83209441868e-05         1.05617741813e-07        
8.60109727946e-05         1.68841895656e-07        
0.000108281399344         2.68201839704e-07        
0.000136318205259         4.24947556961e-07        
0.000171614452691         6.74599265311e-07        
0.000216049795523         1.06882625761e-06        
0.000271990577797         1.69264012685e-06        
0.000342415850158         2.68089329289e-06        
0.000431076015165         4.25170829896e-06        
0.000542692549906         6.73614080935e-06        
0.000683209441868         1.06906875933e-05        
0.000860109727946         1.67978301232e-05        
0.00108281399344          1.35523588026e-05        
0.00136318205259          7.49068023338e-06        
0.00171614452691          4.31832264063e-06        
0.00216049795523          1.27420256286e-06        
0.00271990577797          7.270561158e-06          
0.00342415850158          -3.58647915475e-05       
0.00431076015165          -0.0030954821761         
0.00542692549906          -0.00377386762157        
0.00683209441868          -0.00474656999738        
0.00860109727946          -0.0059577199608         
0.0108281399344           -0.00750609995494        
0.0136318203682           -0.00928943117606        
0.0171613361484           -0.0112189440601         
0.0215910045284           -0.012880597348          
0.0267656041808           -0.0136174405855         
0.0310445771931           -0.0136715700604         
0.0341638751388           -0.0137114050575         
0.036749600744            -0.0138125106853         
0.0390646479877           -0.0139629853909         
0.0412272807711           -0.0139555084002         
0.0433005368957           -0.0137704002734         
0.045322405183            -0.013341016638          
0.0473179339415           -0.0124979773399         
0.0493048295392           -0.0112847483245         
0.0512963351253           -0.0095452791826         
0.0533028358155           -0.00724114653684        
0.0553328124444           -0.004392635539          
0.0573934378574           -0.00105043025662        
0.0594909655217           0.00269391226256         
0.0616309916028           0.00665318438411         
0.0638186367786           0.010618288317           
0.0660586753396           0.0143720998321          
0.0683556285981           0.0176940157294          
0.0707138334748           0.0203772325042          
0.0731374934096           0.022480620273           
0.0756307164258           0.024097358517           
0.0781975437027           0.0256718496394          
0.0808419710528           0.0275863829153          
0.0835679650712           0.0302876098816          
0.0863794753003           0.0343217739881          
0.0892804434821           0.0400660913657          
0.0922748107762           0.0478368876539          
0.0953665237067           0.0575134412172          
0.0985595395181           0.0688252326721          
0.101857831571            0.0808416211895          
0.105265395378            0.0923653843622          
0.108786255858            0.102280506135           
0.11242447638             0.11001325216            
0.116184170149            0.11591788682            
0.120069514494            0.12173211608            
0.124084768607            0.129387747715           
0.128234295281            0.140129983475           
0.132522587219            0.155063324952           
0.136954298492            0.174449164315           
0.141534281762            0.196783118355           
0.146267631975            0.218605593287           
0.151159737289            0.236858448038           
0.156216338178            0.251620259365           
0.161443595833            0.265585449575           
0.16684817126             0.282559457891           
0.172437316856            0.305715919037           
0.178218982722            0.33537901154            
0.184201940628            0.368362715824           
0.190395929423            0.400324595054           
0.196811826801            0.428539433868           
0.203461853886            0.455084911884           
0.210359821112            0.485858474675           
0.217521426687            0.524444737659           
0.22496462272             0.569584523101           
0.232710069389            0.615483153727           
0.240781705046            0.659098046366           
0.249207470861            0.703776676995           
0.258020244327            0.756100468988           
0.267259059209            0.816908147347           
0.276970724912            0.8807477372             
0.287212013061            0.945236044797           
0.298052666291            1.01666994887            
0.309579626656            1.09862492837            
0.321903120918            1.18744253246            
0.335165657927            1.28333024672            
0.349555750077            1.3926115315             
0.365329602438            1.51651877355            
0.382846858824            1.65674250657            
0.402632478681            1.82187247455            
0.425490228538            2.01826308195            
0.452725466707            2.26144881565            
0.486617550942            2.57589069919            
0.53150172755             3.01118463764            
0.596321240619            3.67339189423            
0.699202777912            4.79037668774            
0.862208509467            6.67945828478            
1.08393593357             9.3797446047             
1.36456772945             12.8516571729            
1.71788889954             17.1127505843            
2.16269399022             22.1262876221            
2.72267042223             27.8142739147            
3.42763898248             34.095920716             
4.3151418175              40.9109507275            
5.43244168955             48.2346200865            
6.83903889106             56.0874249221            
8.60983985221             64.5368193087            
