k                         CCL nl error             
1.489597628e-07           -9.84977006687e-06       
1.87529230724e-07         -9.84915998428e-06       
2.36085314012e-07         -9.8482221907e-06        
2.97213801162e-07         -9.84675384306e-06       
3.74170007018e-07         -9.84447618735e-06       
4.71052130167e-07         -9.84085636705e-06       
5.93019496947e-07         -9.83512541555e-06       
7.46567314396e-07         -9.8260353149e-06        
9.39872563707e-07         -9.81160901606e-06       
1.1832294543e-06          -9.78877951013e-06       
1.489597628e-06           -9.75261152118e-06       
1.87529230724e-06         -9.69529376481e-06       
2.36085314012e-06         -9.60444156429e-06       
2.97213801162e-06         -9.46046426714e-06       
3.74170007018e-06         -9.23227262702e-06       
4.71052130167e-06         -8.87062956669e-06       
5.93019496947e-06         -8.29745703831e-06       
7.46567314396e-06         -7.38908997327e-06       
9.39872563707e-06         -5.94944957747e-06       
1.1832294543e-05          -3.66788537468e-06       
1.489597628e-05           1.4912002423e-07         
1.87529230724e-05         -1.12821247217e-08       
2.36085314012e-05         6.94875925611e-08        
2.97213801162e-05         3.89525500579e-08        
3.74170007018e-05         4.10403840485e-08        
4.71052130167e-05         4.22804538176e-08        
5.93019496947e-05         6.8563176007e-08         
7.46567314396e-05         1.22085596456e-07        
9.39872563707e-05         2.00957647577e-07        
0.00011832294543          3.26884162477e-07        
0.0001489597628           5.21353672067e-07        
0.000187529230724         8.28062929542e-07        
0.000236085314012         1.3136047463e-06         
0.000297213801162         2.08174914218e-06        
0.000374170007018         3.29886108322e-06        
0.000471052130167         5.23153073067e-06        
0.000593019496947         8.29427138e-06           
0.000746567314396         1.31454841904e-05        
0.000939872563707         2.07913863394e-05        
0.0011832294543           1.94587277916e-05        
0.001489597628            1.13767866779e-05        
0.00187529230724          3.84129827974e-06        
0.00236085314012          9.81159319469e-06        
0.00297213801162          -2.1181580691e-05        
0.00374170007018          -0.00378824469141        
0.00471052130167          -0.00474904648458        
0.00593019496947          -0.00594739272002        
0.00746567314396          -0.00739971286307        
0.00939872563707          -0.00914588349682        
0.0118322945429           -0.0111321462472         
0.014895975912            -0.0134111128942         
0.018752713662            -0.0157770272567         
0.0235856595256           -0.0178973809574         
0.0291092458409           -0.0190966485784         
0.0335017680921           -0.0191070777225         
0.0367452696568           -0.0185271951633         
0.0394629242002           -0.0176918714443         
0.0419099877727           -0.0166497913105         
0.0442035969264           -0.0154293848305         
0.0464071369461           -0.013998321384          
0.0485592216396           -0.0123877843021         
0.0506855206315           -0.0105610441957         
0.0528042981388           -0.00849250525539        
0.0549292884966           -0.00620837201487        
0.0570713115687           -0.00364303149453        
0.0592392382826           -0.000808211505451       
0.0614405971954           0.00231881234901         
0.0636819713626           0.00572258601614         
0.0659692668575           0.00939512524602         
0.068307899558            0.0133101071716          
0.070702928069            0.0174424838496          
0.0731591500651           0.0217534467319          
0.0756811731261           0.0262301492658          
0.0782734673653           0.0308562528359          
0.0809404048012           0.0357263265816          
0.0836862889177           0.0409274340328          
0.086515376887            0.0465675061353          
0.0894318962769           0.0527161274408          
0.0924400576467           0.0595937637397          
0.0955440641402           0.0672609521856          
0.0987481190041           0.0759057241881          
0.102056431829            0.0855700297455          
0.105473224235            0.0961889356535          
0.109002735667            0.107485153274           
0.112649229943            0.11915638811            
0.11641700316             0.130809962466           
0.120310393578            0.142304990025           
0.124333794063            0.153719078295           
0.128491667685            0.165652624539           
0.132788567057            0.179011569902           
0.13722915801             0.194033037649           
0.1418182482              0.211161942688           
0.146560821269            0.23060422416            
0.151462077245            0.251936800868           
0.156527479906            0.273687927628           
0.161762811971            0.294534318819           
0.167174239112            0.314760240746           
0.172768384037            0.335808032677           
0.178552412153            0.359277972595           
0.184534130765            0.38649270751            
0.190722104284            0.41743567641            
0.197125788642            0.450390933278           
0.203755689068            0.483562666288           
0.21062354661             0.516337507151           
0.217742560507            0.549914281367           
0.225127655714            0.587266920561           
0.232795808               0.629832077117           
0.240766443189            0.676493754091           
0.249061933036            0.724662649438           
0.257708218474            0.773518101598           
0.266735602907            0.825587058281           
0.276179775653            0.883831838672           
0.286083151555            0.948328207811           
0.296496652285            1.01634769223            
0.307482116184            1.08795541331            
0.319115621303            1.16720392703            
0.331492166601            1.25537362348            
0.344732427072            1.3510796407             
0.358992772327            1.45636925094            
0.374480599799            1.57525348417            
0.391478671717            1.70928193253            
0.410385419418            1.86244142868            
0.431785108921            2.04193465552            
0.45657740164             2.25629038479            
0.486233673401            2.52189586831            
0.523345170345            2.86663022398            
0.572887135005            3.3458181273             
0.64518454642             4.07673016767            
0.760776088948            5.29841281369            
0.941778373905            7.26466211606            
1.18449359496             9.84849093105            
1.49117211683             12.8531372856            
1.87727442351             16.1506126856            
2.36334847666             19.6454658046            
2.97527945419             23.2886536744            
3.74565491206             27.0753786485            
4.71550015261             31.0378003944            
5.93646297144             35.2353170307            
7.47356409092             39.7458948825            
