k                         CCL nl error             
9.42318801789e-08         -2.04413529436e-05       
1.18630908558e-07         -2.04396854179e-05       
1.49347465408e-07         -2.04373747897e-05       
1.8801731939e-07          -2.04344091003e-05       
2.36699781237e-07         -2.04296549639e-05       
2.97987369565e-07         -2.0422192076e-05        
3.75143871939e-07         -2.0410359693e-05        
4.72278153463e-07         -2.03916243306e-05       
5.9456296883e-07          -2.03619587745e-05       
7.48510430372e-07         -2.03148174593e-05       
9.42318801789e-07         -2.02402524637e-05       
1.18630908558e-06         -2.0121999812e-05        
1.49347465408e-06         -1.99347067469e-05       
1.8801731939e-06          -1.96380428156e-05       
2.36699781237e-06         -1.91676574345e-05       
2.97987369565e-06         -1.84224097826e-05       
3.75143871939e-06         -1.72411631386e-05       
4.72278153463e-06         -1.53690191861e-05       
5.9456296883e-06          -1.24020514317e-05       
7.48510430372e-06         -7.69969873575e-06       
9.42318801789e-06         1.59842501675e-07        
1.18630908558e-05         1.60822623487e-07        
1.49347465408e-05         1.59023267733e-07        
1.8801731939e-05          1.60475085511e-07        
2.36699781237e-05         1.62666039844e-07        
2.97987369565e-05         1.7262621638e-07         
3.75143871939e-05         1.65806093489e-07        
4.72278153463e-05         1.74152964828e-07        
5.9456296883e-05          1.74958760091e-07        
7.48510430372e-05         1.79827694024e-07        
9.42318801789e-05         1.89288662554e-07        
0.000118630908558         1.99213877186e-07        
0.000149347465408         2.15343483311e-07        
0.00018801731939          2.3641959584e-07         
0.000236699781237         2.71200658693e-07        
0.000297987369565         3.23029477416e-07        
0.000375143871939         4.09748763318e-07        
0.000472278153463         5.42044405124e-07        
0.00059456296883          8.04547378447e-07        
0.000748510430372         1.08589322617e-06        
0.000942318801789         1.51422438554e-06        
0.00118630908558          2.12398004783e-06        
0.00149347465408          1.43784173284e-06        
0.0018801731939           1.25493583015e-06        
0.00236699781237          1.97069167752e-06        
0.00297987369565          4.38358124823e-06        
0.00375143871939          7.25306480101e-05        
0.00472278153463          0.000132936780474        
0.0059456296883           0.000305798881716        
0.00748510430372          0.000629245704475        
0.00942318801764          0.00117808443177         
0.0118630900939           0.00199628774204         
0.0149344083927           0.00302394502156         
0.0187715841159           0.00415388954777         
0.0230059701608           0.00531391799407         
0.0262303561905           0.00651391360428         
0.0286567082994           0.00778214552675         
0.030716186504            0.00912151030117         
0.0325835268007           0.0104864283904          
0.0343409996198           0.0118253309517          
0.0360339731004           0.0130899216931          
0.0376904647551           0.0142462570262          
0.0393292945025           0.0152861082447          
0.0409639647665           0.0162083417602          
0.0426046995894           0.0170229760067          
0.0442596010736           0.0177450659649          
0.0459353458308           0.0183828163123          
0.0476376251939           0.018954925131           
0.0493714346984           0.0194915287701          
0.0511412707628           0.0200020339626          
0.0529512679737           0.0205464875325          
0.0548052970551           0.0211385406086          
0.0567070360356           0.0218238572739          
0.0586600226608           0.0226748880028          
0.0606676933793           0.0236987989887          
0.0627334125283           0.0248892552967          
0.0648604942534           0.0261712424613          
0.0670522189862           0.0273610280375          
0.0693118458362           0.0283052770633          
0.0716426219387           0.0289191352381          
0.0740477895938           0.0291332891976          
0.0765305918943           0.0290780377504          
0.0790942774498           0.0290719727755          
0.0817421047536           0.0294170435179          
0.0844773467062           0.0303589017413          
0.087303295783            0.0320862331956          
0.0902232703197           0.0345587316171          
0.0932406223821           0.0374362438278          
0.0963587476759           0.0403600703748          
0.0995810979551           0.0427280828113          
0.102911196378            0.0433548776449          
0.10635265627             0.0434242407735          
0.109909203759            0.0433701793472          
0.113584704767            0.0440648517685          
0.117383196885            0.0461368252017          
0.12130892671             0.0484483536164          
0.125366393316            0.0499310357326          
0.12956039866             0.0517966638882          
0.133896105887            0.0546894989636          
0.138379106781            0.056542596167           
0.14301549987             0.0571129614021          
0.147811981206            0.0583324280762          
0.152775950354            0.0600380243478          
0.157915634907            0.062574421303           
0.163240237866            0.065677665678           
0.168760113547            0.0674775771283          
0.174486979497            0.0693002043569          
0.18043417438             0.0708179826729          
0.18661697517             0.0729927492909          
0.193052991743            0.0764785803519          
0.199762663675            0.0789107324377          
0.206769893736            0.0809061660039          
0.214102866767            0.0833330273517          
0.221795123779            0.0868974757517          
0.229886993491            0.0894574368539          
0.238427533893            0.0923806429423          
0.247477217123            0.0961530450199          
0.257111723654            0.0991908752039          
0.26742743712             0.103018780226           
0.278549627222            0.107067043776           
0.290645032854            0.111540329262           
0.303941944318            0.116330142262           
0.318763676526            0.121704690025           
0.335587287013            0.127722612631           
0.355152973924            0.13493385829            
0.378682759613            0.14349153869            
0.408353391324            0.154501385837           
0.448396020027            0.169571699437           
0.507645578543            0.192445462317           
0.603103782405            0.230680620954           
0.749841903925            0.293625111113           
0.943459645424            0.384602063075           
1.18773887454             0.512784204125           
1.49527463772             0.695350254829           
1.88243923903             0.95764569388            
2.36985059418             1.33672297965            
2.98346513516             1.88608576851            
3.75596007386             2.68167285845            
4.72847358266             3.82845837191            
5.95279555221             5.46579720874            
