k                         CCL nl error             
1.60428813783e-07         -6.59084146601e-06       
2.01967910455e-07         -6.59041069618e-06       
2.54262534839e-07         -6.58961987855e-06       
3.20097566377e-07         -6.58850741235e-06       
4.02978960565e-07         -6.58646686031e-06       
5.07320453873e-07         -6.58390323696e-06       
6.38678611304e-07         -6.57999774004e-06       
8.04048733741e-07         -6.57373151626e-06       
1.01223738323e-06         -6.5636200955e-06        
1.27433136451e-06         -6.54789205957e-06       
1.60428813783e-06         -6.52301526427e-06       
2.01967910455e-06         -6.48363232075e-06       
2.54262534839e-06         -6.42106712381e-06       
3.20097566377e-06         -6.32219814088e-06       
4.02978960565e-06         -6.16545220563e-06       
5.07320453873e-06         -5.9169646196e-06        
6.38678611304e-06         -5.52320785792e-06       
8.04048733741e-06         -4.89936719935e-06       
1.01223738323e-05         -3.91063954112e-06       
1.27433136451e-05         -2.34342256018e-06       
1.60428813783e-05         2.75992258348e-07        
2.01967910455e-05         2.51663902613e-07        
2.54262534839e-05         2.7675012337e-07         
3.20097566377e-05         2.70498635164e-07        
4.02978960565e-05         2.75983059075e-07        
5.07320453873e-05         3.0008201235e-07         
6.38678611304e-05         3.09715937226e-07        
8.04048733741e-05         3.34183535632e-07        
0.000101223738323         3.5971832701e-07         
0.000127433136451         4.03973676799e-07        
0.000160428813783         4.7327378118e-07         
0.000201967910455         5.83663065324e-07        
0.000254262534839         7.57521403271e-07        
0.000320097566377         1.03432467532e-06        
0.000402978960565         1.47089280501e-06        
0.000507320453873         2.16158414297e-06        
0.000638678611304         3.25747081361e-06        
0.000804048733741         4.98757552052e-06        
0.00101223738323          7.74670782723e-06        
0.00127433136451          1.20135954208e-05        
0.00160428813783          1.49926512098e-05        
0.00201967910455          8.02350188721e-06        
0.00254262534839          6.74609962134e-06        
0.00320097566377          -4.81898855287e-06       
0.00402978960565          -0.00118125882734        
0.00507320453873          -0.00147071209954        
0.00638678611304          -0.00181398875094        
0.00804048733741          -0.00228972367011        
0.0101223738323           -0.00286267058955        
0.0127433136445           -0.00355241508396        
0.0160428797383           -0.00437867242193        
0.0201961468385           -0.00533481693148        
0.0253742801257           -0.00635861951077        
0.0309728380713           -0.00726657737172        
0.0351608942841           -0.00782634389246        
0.0383436028926           -0.00818503894102        
0.0410615044011           -0.00843883817166        
0.0435339410374           -0.00861503920588        
0.0458654957924           -0.00872083623653        
0.0481143710698           -0.00875666065198        
0.050316749484            -0.00871778153622        
0.0524970593804           -0.008597237389          
0.0546728987304           -0.00839298336342        
0.0568576382303           -0.00809806938127        
0.0590619044598           -0.0077242156776         
0.0612944764053           -0.00727581199845        
0.0635628538446           -0.0067706154074         
0.0658736320413           -0.00622199095704        
0.0682327568436           -0.00564603639718        
0.0706457030467           -0.00506597000837        
0.0731176018512           -0.00448091044458        
0.0756533335517           -0.00390239991533        
0.0782575958549           -0.00331178908886        
0.0809349547249           -0.0026897560878         
0.0836898824589           -0.00199203813284        
0.0865267862877           -0.00116785920481        
0.0894500298764           -0.000168136813432       
0.0924639494934           0.00104063192482         
0.095572866215            0.00250377331049         
0.0987810952582           0.00420257262988         
0.102092953363            0.00612892943492         
0.105512765024            0.00823832289711         
0.109044868294            0.0104726133108          
0.112693620846            0.0127790911225          
0.116463406932            0.0151040573886          
0.120358645878            0.0174704230981          
0.124383802723            0.0199536502545          
0.128543401628            0.0226419487266          
0.132842042637            0.0256730602224          
0.137284422414            0.0291012133983          
0.141875359555            0.032921870385           
0.146619825095            0.0371445429086          
0.151522978863            0.041648517744           
0.156590212383            0.046400713926           
0.161827199112            0.0513545691802          
0.167239952895            0.0563812308688          
0.172834895745            0.0615891517065          
0.178618936238            0.0674507447672          
0.184599560189            0.0741326540166          
0.190784935703            0.0813408437518          
0.197184035277            0.0889391677588          
0.203806778428            0.0968979843604          
0.210664199336            0.105185730162           
0.217768645368            0.114125361112           
0.225134014183            0.123856529025           
0.232776039576            0.134338152215           
0.240712639561            0.145686675402           
0.248964344844            0.157674403454           
0.257554832289            0.170491279598           
0.266511597123            0.184299714132           
0.275866810906            0.199237980801           
0.285658431637            0.215397669631           
0.295931661439            0.232877680391           
0.306740891554            0.251741250685           
0.318152343716            0.272317288525           
0.330247727957            0.294870412245           
0.343129420049            0.319613676227           
0.356927973256            0.346956123277           
0.371813328228            0.377456894731           
0.388012092401            0.411726333937           
0.405835194749            0.450770354378           
0.425724132839            0.495924767386           
0.448332413752            0.5492054017             
0.474677981688            0.613808352389           
0.506449524156            0.695145934613           
0.546672550403            0.803253116678           
0.601264114202            0.95859537268            
0.682606868211            1.20665826249            
0.814037209457            1.64364601128            
1.01398463944             2.37547334576            
1.27598031505             3.41751444762            
1.60635810019             4.80242615463            
2.02228502144             6.57257773888            
2.54590600338             8.74175477451            
3.20510576369             11.2781946164            
4.0349890934              14.0974283692            
5.07975030599             17.0793591632            
6.39502674578             20.1113765601            
8.05086167937             23.1222561111            
