k                         CCL nl error             
1.31266957311e-07         -9.86426350615e-06       
1.65255308287e-07         -9.86363606825e-06       
2.08044107037e-07         -9.86267286804e-06       
2.61912013123e-07         -9.86098533649e-06       
3.29727688974e-07         -9.85849182258e-06       
4.15102566622e-07         -9.85478045827e-06       
5.22583169621e-07         -9.84899016531e-06       
6.57893232012e-07         -9.83983195091e-06       
8.28238508027e-07         -9.8252460962e-06        
1.04269050478e-06         -9.80222908742e-06       
1.31266957311e-06         -9.76584856617e-06       
1.65255308287e-06         -9.70819812854e-06       
2.08044107037e-06         -9.61678048904e-06       
2.61912013123e-06         -9.47196617347e-06       
3.29727688974e-06         -9.24248575791e-06       
4.15102566622e-06         -8.878744706e-06         
5.22583169621e-06         -8.30241660291e-06       
6.57893232012e-06         -7.38885869424e-06       
8.28238508027e-06         -5.94096733885e-06       
1.04269050478e-05         -3.6464314257e-06        
1.31266957311e-05         -9.8979435391e-09        
1.65255308287e-05         1.33596765302e-07        
2.08044107037e-05         1.34317110183e-07        
2.61912013123e-05         1.27863233488e-07        
3.29727688974e-05         1.31254140797e-07        
4.15102566622e-05         1.37042821e-07           
5.22583169621e-05         1.40890808351e-07        
6.57893232012e-05         1.4316748153e-07         
8.28238508027e-05         1.46469747564e-07        
0.000104269050478         1.52823576183e-07        
0.000131266957311         1.62364469347e-07        
0.000165255308287         1.75880234875e-07        
0.000208044107037         1.97469176624e-07        
0.000261912013123         2.30836991756e-07        
0.000329727688974         2.82274024882e-07        
0.000415102566622         3.62943040015e-07        
0.000522583169621         4.91132731299e-07        
0.000657893232012         7.00297179374e-07        
0.000828238508027         1.02394845658e-06        
0.00104269050478          1.52704049977e-06        
0.00131266957311          2.2446138121e-06         
0.00165255308287          3.6578103793e-06         
0.00208044107037          2.46018671715e-06        
0.00261912013123          4.7154073959e-06         
0.00329727688974          -9.30677257086e-06       
0.00415102566622          -0.00168261137506        
0.00522583169621          -0.00206726264401        
0.00657893232012          -0.00257308170261        
0.00828238508027          -0.00317549129927        
0.0104269050478           -0.00387870949746        
0.0131266956271           -0.00466952242206        
0.0165254515842           -0.00546407503138        
0.0207934271528           -0.00605920477225        
0.0258252313965           -0.00621670339649        
0.0300721174939           -0.00597161257129        
0.0331512664327           -0.00561346817845        
0.0356897179092           -0.00520352010937        
0.0379558381039           -0.00472306326034        
0.040069184295            -0.00414948294755        
0.0420930041428           -0.00346971762664        
0.0440652074404           -0.00267072068355        
0.0460106888403           -0.0017087384379         
0.0479469893448           -0.000604884652154       
0.0498871934556           0.00065384947807         
0.0518415386551           0.00204224417003         
0.053818368903            0.00357122410674         
0.055824729352            0.00518954573331         
0.0578667531742           0.00685275257576         
0.0599499220146           0.0085521797889          
0.0620792464377           0.0102349970754          
0.0642593939175           0.0119090178895          
0.0664947813631           0.0135717978988          
0.0687896430116           0.0152582430505          
0.0711480807993           0.0170194562014          
0.0735741020126           0.0189521223958          
0.0760716475463           0.0211421399153          
0.0786446131439           0.0236863377305          
0.081296865368            0.026633989953           
0.0840322536287           0.0300105969301          
0.0868546193234           0.0337865228273          
0.0897678029553           0.037893544792           
0.0927756499749           0.0422198717941          
0.0958820160139           0.046667403506           
0.0990907721272           0.0511649326872          
0.102405810628            0.0556912276371          
0.105831052082            0.0603617936013          
0.109370454017            0.0653494767216          
0.113028021889            0.0708547060455          
0.116807822842            0.0770288015142          
0.120714002811            0.0839433496995          
0.124750807491            0.0913106944066          
0.12892260773             0.0992398849974          
0.133233929908            0.107606275604           
0.137689491907            0.11623901439            
0.142294245348            0.125219953819           
0.14705342483             0.13463551302            
0.151972605091            0.144600892594           
0.157057767167            0.155544799501           
0.162315374891            0.167749013215           
0.167752463459            0.180695312849           
0.173376742221            0.194026785071           
0.179196714516            0.20812120936            
0.185221818184            0.22309961002            
0.191462591482            0.239117114              
0.197930870615            0.256493728399           
0.20464002702             0.274940026168           
0.211605255249            0.2945650144             
0.218843925905            0.315477951863           
0.226376023201            0.3377561799             
0.234224693863            0.36186570347            
0.242416944371            0.387551401323           
0.250984538499            0.415231283523           
0.259965169382            0.444975696411           
0.269404014007            0.477179526765           
0.279355830255            0.51194497651            
0.28988783952             0.549868501626           
0.301083773146            0.591242865082           
0.313049688252            0.636635381802           
0.325922553917            0.686918250321           
0.339883323159            0.743005679431           
0.355177554428            0.806275974925           
0.372149319122            0.8786394804             
0.39129973532             0.962904564823           
0.413393981133            1.06342729271            
0.439670574301            1.18732173483            
0.472283310612            1.34707539315            
0.515309791178            1.56723624059            
0.577134541697            1.90056205017            
0.674877106591            2.46084473229            
0.830502466679            3.41551797283            
1.04378897104             4.79732030837            
1.31401907937             6.58850955252            
1.65425188588             8.80671207992            
2.08257973658             11.4361678759            
2.62181255247             14.4095970148            
3.30066644726             17.6163595679            
4.15529286632             20.9396669039            
5.23120378285             24.2973541411            
6.5856953765              27.6532150312            
