k                         CCL nl error             
1.17750159452e-07         -1.59939384303e-05       
1.48238667976e-07         -1.59930039933e-05       
1.86621426126e-07         -1.59915255522e-05       
2.34942455735e-07         -1.59892026735e-05       
2.95775027835e-07         -1.59855326194e-05       
3.72358698715e-07         -1.59797246022e-05       
4.68771828115e-07         -1.59705106025e-05       
5.90148766747e-07         -1.59559113932e-05       
7.42953279198e-07         -1.5932763685e-05        
9.35322762957e-07         -1.58960854479e-05       
1.17750159452e-06         -1.5837990044e-05        
1.48238667977e-06         -1.57458867548e-05       
1.86621426126e-06         -1.55999054662e-05       
2.34942455735e-06         -1.53685764285e-05       
2.95775027835e-06         -1.50019417434e-05       
3.72358698715e-06         -1.4420887287e-05        
4.68771828115e-06         -1.34999845685e-05       
5.90148766747e-06         -1.20404539759e-05       
7.42953279198e-06         -9.72732591983e-06       
9.35322762957e-06         -6.06148894579e-06       
1.17750159452e-05         -2.51944657199e-07       
1.48238667977e-05         9.15524724418e-08        
1.86621426126e-05         -6.98280978552e-08       
2.34942455735e-05         6.94406681521e-08        
2.95775027835e-05         2.31273533189e-08        
3.72358698715e-05         1.68254467897e-08        
4.68771828115e-05         2.61253354842e-08        
5.90148766747e-05         4.74804703101e-08        
7.42953279198e-05         8.11678819161e-08        
9.35322762957e-05         1.3250554313e-07         
0.000117750159452         2.12637983595e-07        
0.000148238667977         3.37659414706e-07        
0.000186621426126         5.34603682917e-07        
0.000234942455735         8.46005667137e-07        
0.000295775027835         1.34022485454e-06        
0.000372358698715         2.12385091159e-06        
0.000468771828115         3.36896628208e-06        
0.000590148766747         5.32550738916e-06        
0.000742953279198         8.40530783583e-06        
0.000935322762957         1.11845753029e-05        
0.00117750159452          6.35423861832e-06        
0.00148238667977          3.92973245645e-06        
0.00186621426126          1.31572656892e-06        
0.00234942455735          5.79413258461e-06        
0.00295775027835          -2.24395954419e-05       
0.00372358698715          -0.00221622567087        
0.00468771828115          -0.00273746878282        
0.00590148766747          -0.00339791023246        
0.00742953279198          -0.00427181496545        
0.00935322762957          -0.00541796658779        
0.0117750159366           -0.00667920765268        
0.0148238548425           -0.00799402903464        
0.0186594374507           -0.00868606095267        
0.0233561970407           -0.00781674375205        
0.0278650280764           -0.00610005499063        
0.0310942806266           -0.00521506495919        
0.033660883785            -0.0050235469492         
0.0359082261617           -0.00512195100638        
0.0379810421465           -0.00527245036603        
0.039952320996            -0.00520082516939        
0.0418643447231           -0.0048268890367         
0.043744182283            -0.0040191866032         
0.0456105292076           -0.00251804132019        
0.0474771041963           -0.000320565710293       
0.0493544929923           0.00272557741907         
0.0512512210022           0.00655297757389         
0.0531744125436           0.0111800780397          
0.0551302145127           0.0163926867289          
0.0571240788195           0.0219887124461          
0.0591609564626           0.0275477860154          
0.0612454342609           0.0325697936572          
0.0633818331666           0.0367622161212          
0.0655742801035           0.0396311277623          
0.0678267611076           0.0412015010049          
0.0701431609696           0.0417587911409          
0.0725272929613           0.0418118568643          
0.074982921174            0.0421057506658          
0.0775137773121           0.0434208444027          
0.0801235733308           0.0465253888709          
0.0828160110001           0.051944150053           
0.0855947892801           0.0602728025662          
0.0884636102552           0.0715682218637          
0.0914261842912           0.0853256222007          
0.0944862350199           0.100416555084           
0.0976475047258           0.114868464728           
0.100913760683            0.126624609174           
0.104288802977            0.134422040063           
0.107776474347            0.13864044287            
0.111380672552            0.141374231875           
0.115105365802            0.146032028373           
0.118954611754            0.154639921527           
0.122932580599            0.169000909675           
0.12704358279             0.189824241712           
0.131292101966            0.215465771915           
0.135682833702            0.241232585425           
0.140220730781            0.261691134469           
0.144911055802            0.275568051071           
0.149759442111            0.286317702492           
0.154771964267            0.299405145771           
0.159955219574            0.32002035715            
0.165316422619            0.349866109205           
0.170863515315            0.38533754418            
0.176605295686            0.420058065872           
0.182551569591            0.448896554289           
0.188713330879            0.472652982904           
0.195102977187            0.499222231756           
0.201734570935            0.535061917757           
0.208624158255            0.580112345891           
0.215790162995            0.627426236643           
0.223253879166            0.670423440011           
0.231040094006            0.711418605783           
0.239177886692            0.758846925383           
0.247701666616            0.817200691109           
0.256652543684            0.879992923026           
0.26608016691             0.941220402388           
0.276045236648            1.00670230935            
0.286623007512            1.08309778652            
0.297908285003            1.16723859783            
0.310022738788            1.25614946497            
0.323125926741            1.35590146861            
0.337432486598            1.47002499538            
0.353240025906            1.59713755242            
0.370976511158            1.74527911234            
0.391285302441            1.91977698707            
0.415187858339            2.13209369348            
0.444419035841            2.40069456275            
0.482175137689            2.76143886995            
0.534881871051            3.28830551457            
0.615982859261            4.14416649349            
0.74736565825             5.62005186475            
0.936684979898            7.87519754996            
1.17908845627             10.8695353756            
1.48438360708             14.6552667475            
1.86872824299             19.2637880476            
2.35258947283             24.6553693247            
2.96173467087             30.7358359684            
3.72860304015             37.3994185752            
4.69403311774             44.5611010266            
5.90943757572             52.1748076298            
7.43954113349             60.2443473368            
