k                         CCL nl error             
1.30976941318e-07         -1.26204727699e-05       
1.64890199784e-07         -1.2619538184e-05        
2.07584462664e-07         -1.2618233845e-05        
2.61333355141e-07         -1.26162921011e-05       
3.28999201736e-07         -1.26133190205e-05       
4.14185455526e-07         -1.26086215463e-05       
5.21428595157e-07         -1.26011758229e-05       
6.56439708879e-07         -1.25893830559e-05       
8.26408630819e-07         -1.25706925088e-05       
1.04038682586e-06         -1.25411230561e-05       
1.30976941318e-06         -1.24942588896e-05       
1.64890199784e-06         -1.24199885462e-05       
2.07584462664e-06         -1.23022900104e-05       
2.61333355141e-06         -1.21159048921e-05       
3.28999201736e-06         -1.1820407171e-05        
4.14185455526e-06         -1.13521666303e-05       
5.21428595157e-06         -1.0609957227e-05        
6.56439708879e-06         -9.4339127381e-06        
8.26408630819e-06         -7.56996621367e-06       
1.04038682586e-05         -4.61581946468e-06       
1.30976941318e-05         3.22680308236e-07        
1.64890199784e-05         3.590059773e-07          
2.07584462664e-05         3.94950394764e-07        
2.61333355141e-05         3.8544659112e-07         
3.28999201736e-05         4.14863797984e-07        
4.14185455526e-05         4.27686633387e-07        
5.21428595157e-05         4.52928027685e-07        
6.56439708879e-05         4.94928799186e-07        
8.26408630819e-05         5.53616035633e-07        
0.000104038682586         6.50272957668e-07        
0.000130976941318         8.02189370461e-07        
0.000164890199784         1.0414378532e-06         
0.000207584462664         1.41879915724e-06        
0.000261333355141         2.01729678132e-06        
0.000328999201736         2.96344610195e-06        
0.000414185455526         4.46261712442e-06        
0.000521428595157         6.82929304422e-06        
0.000656439708879         1.06140348623e-05        
0.000826408630819         1.64628718571e-05        
0.00104038682586          1.17609390678e-05        
0.00130976941318          6.78195530272e-06        
0.00164890199784          3.81915856712e-06        
0.00207584462664          2.72902812592e-06        
0.00261333355141          2.83449662419e-06        
0.00328999201736          1.33591726601e-06        
0.00414185455526          -0.000209887005371       
0.00521428595157          -0.00022192037979        
0.00656439708879          -0.000262802615023       
0.00826408630819          -0.000259325822505       
0.0104038682586           -0.000185172856861       
0.0130976940297           6.42744319233e-06        
0.0164889418545           0.000353842778988        
0.0207475815949           0.000875324228211        
0.0257702302229           0.00157266886407         
0.0300131224445           0.00228393523121         
0.0330887169854           0.00297258606551         
0.0356236392797           0.00368344813614         
0.0378863263354           0.00442082163867         
0.0399963179193           0.0051912322235          
0.0420168320635           0.00598530077265         
0.0439857520758           0.00679937504768         
0.0459279509091           0.0076221785387          
0.0478609518712           0.00845299870166         
0.0497978247841           0.00927627620623         
0.0517487946617           0.0100844251052          
0.053722194611            0.0108594697941          
0.0557250601168           0.0116018816473          
0.057763515555            0.0123013734342          
0.0598430344179           0.0129721527631          
0.0619686195925           0.0136072038787          
0.0641449312251           0.0142253421578          
0.0663763791531           0.0148543515668          
0.0686671907262           0.0155331934007          
0.0710214611249           0.016289835217           
0.0734431909705           0.0171937844053          
0.0759363145525           0.0182813740002          
0.0785047210462           0.0195300974328          
0.0811522704656           0.0208810296632          
0.0838828056788           0.0222536488191          
0.0867001615377           0.0235876288185          
0.0896081719872           0.0248903759447          
0.0926106758995           0.0262130130348          
0.0957115222995           0.0275911236239          
0.0989145755965           0.0291413334861          
0.102223721409            0.0308410227901          
0.105642873542            0.0326645996967          
0.109175982679            0.0346054138348          
0.112827047322            0.0365234633134          
0.116600127524            0.0388373288726          
0.120499361953            0.0413189550967          
0.124528988815            0.0432607642993          
0.128693371195            0.0449199124942          
0.132997027373            0.0469530822365          
0.137444666722            0.049878942463           
0.142041231851            0.0528039110147          
0.14679194775             0.0552990511294          
0.151702378837            0.0579967943163          
0.156778494974            0.061115152765           
0.162026747823            0.0643094122851          
0.167454159222            0.0677645375026          
0.173068423772            0.0711986915721          
0.178878028427            0.0745913279341          
0.184892392714            0.0786887402494          
0.191122034308            0.0829372387479          
0.197578766144            0.086955740007           
0.204275933204            0.0912523809539          
0.211228699779            0.0956269669277          
0.218454401644            0.10080671842            
0.225972982666            0.106320359261           
0.233807542481            0.112130063954           
0.241985032178            0.117397623297           
0.250537149799            0.123290115162           
0.259501509705            0.130323368952           
0.268923193431            0.137826842196           
0.278856841737            0.144854680704           
0.289369530249            0.152992461704           
0.300544805898            0.162098006928           
0.312488488063            0.171614792741           
0.325337232542            0.182143058416           
0.339271568772            0.193718839247           
0.354536464766            0.206921085493           
0.371475138329            0.221675530758           
0.390587417838            0.238874075932           
0.412636424868            0.259264254565           
0.438857174016            0.284172209992           
0.471396998903            0.316238798903           
0.514320475496            0.360351857645           
0.575984166817            0.427314099599           
0.67345541129             0.541252263205           
0.828679031777            0.741990622944           
1.0414841315              1.05217387178            
1.31111716915             1.49660337474            
1.65059859579             2.12625806047            
2.07798051684             3.01050894883            
2.61602247787             4.23638546298            
3.29337717521             5.90562060998            
4.1461162165              8.12486737971            
5.2196510652              10.9872981908            
6.57115136668             14.5473241273            
8.27258944026             18.7972235783            
