k                         CCL nl error             
9.42318801789e-08         -2.33894056289e-05       
1.18630908558e-07         -2.33878847325e-05       
1.49347465408e-07         -2.33855829132e-05       
1.8801731939e-07          -2.33821508327e-05       
2.36699781237e-07         -2.33766979958e-05       
2.97987369565e-07         -2.33680743813e-05       
3.75143871939e-07         -2.33544089923e-05       
4.72278153463e-07         -2.33327595136e-05       
5.9456296883e-07          -2.3298451517e-05        
7.48510430372e-07         -2.32440385452e-05       
9.42318801789e-07         -2.31578448041e-05       
1.18630908558e-06         -2.30212159851e-05       
1.49347465408e-06         -2.28047137331e-05       
1.8801731939e-06          -2.24616363892e-05       
2.36699781237e-06         -2.1917826715e-05        
2.97987369565e-06         -2.10560468693e-05       
3.75143871939e-06         -1.96901869703e-05       
4.72278153463e-06         -1.75254669044e-05       
5.9456296883e-06          -1.40947388873e-05       
7.48510430372e-06         -8.65754725702e-06       
9.42318801789e-06         4.68138747486e-07        
1.18630908558e-05         5.31973752479e-07        
1.49347465408e-05         3.93260258269e-07        
1.8801731939e-05          4.68126556291e-07        
2.36699781237e-05         4.12805351948e-07        
2.97987369565e-05         3.60623479273e-07        
3.75143871939e-05         3.54392375362e-07        
4.72278153463e-05         3.59934020861e-07        
5.9456296883e-05          3.63652148984e-07        
7.48510430372e-05         3.71059782463e-07        
9.42318801789e-05         3.81288969146e-07        
0.000118630908558         3.914713248e-07          
0.000149347465408         4.06738900699e-07        
0.00018801731939          4.2653587784e-07         
0.000236699781237         4.59871742807e-07        
0.000297987369565         5.12687542461e-07        
0.000375143871939         6.07437354013e-07        
0.000472278153463         7.53254486078e-07        
0.00059456296883          9.77893742564e-07        
0.000748510430372         1.30859088062e-06        
0.000942318801789         1.75630523944e-06        
0.00118630908558          2.28125824893e-06        
0.00149347465408          1.68846322775e-06        
0.0018801731939           1.6081760214e-06         
0.00236699781237          3.36262983444e-06        
0.00297987369565          -1.93368122426e-05       
0.00375143871939          -0.000268761548236       
0.00472278153463          -0.000278717926519       
0.0059456296883           -0.000228183285789       
0.00748510430372          -5.23936984838e-05       
0.00942318801764          0.000286943214254        
0.0118630900939           0.000871404526022        
0.0149344083927           0.00167445486753         
0.0187715841159           0.0027125078316          
0.0230059701608           0.00393986751027         
0.0262303561905           0.00521588703056         
0.0286567082994           0.00642880205868         
0.030716186504            0.00771750429276         
0.0325835268007           0.00902991049392         
0.0343409996198           0.0103382948567          
0.0360339731004           0.0116362858866          
0.0376904647551           0.0128993146883          
0.0393292945025           0.0141480127469          
0.0409639647665           0.015375864907           
0.0426046995894           0.0166354405302          
0.0442596010736           0.017940419709           
0.0459353458308           0.0192596475982          
0.0476376251939           0.0205761875608          
0.0493714346984           0.0219070061766          
0.0511412707628           0.0231985730965          
0.0529512679737           0.0243718891253          
0.0548052970551           0.0254569034803          
0.0567070360356           0.0264597350442          
0.0586600226608           0.0274325649675          
0.0606676933793           0.0284376306653          
0.0627334125283           0.0296013179849          
0.0648604942534           0.0310580673232          
0.0670522189862           0.0325746948259          
0.0693118458362           0.0341908605523          
0.0716426219387           0.0358927371782          
0.0740477895938           0.0376506277587          
0.0765305918943           0.0395029999537          
0.0790942774498           0.0416487112049          
0.0817421047536           0.0440969777139          
0.0844773467062           0.0468159879569          
0.087303295783            0.0497578222706          
0.0902232703197           0.052924379282           
0.0932406223821           0.0561953552799          
0.0963587476759           0.0595955566027          
0.0995810979551           0.0629895179066          
0.102911196378            0.0654818080697          
0.10635265627             0.0682892811639          
0.109909203759            0.0715912750483          
0.113584704767            0.075776654429           
0.117383196885            0.0808742515567          
0.12130892671             0.0854211789246          
0.125366393316            0.0886620963709          
0.12956039866             0.0923925960383          
0.133896105887            0.0978938023122          
0.138379106781            0.103431188227           
0.14301549987             0.108541293825           
0.147811981206            0.114409511705           
0.152775950354            0.120283200201           
0.157915634907            0.126495645403           
0.163240237866            0.133403117687           
0.168760113547            0.139880155487           
0.174486979497            0.147348998939           
0.18043417438             0.154996968991           
0.18661697517             0.163202200688           
0.193052991743            0.172602485543           
0.199762663675            0.181536034416           
0.206769893736            0.190953495106           
0.214102866767            0.201528031535           
0.221795123779            0.213504890485           
0.229886993491            0.225032706765           
0.238427533893            0.237859402398           
0.247477217123            0.252531653821           
0.257111723654            0.267380682372           
0.26742743712             0.28414638854            
0.278549627222            0.302690513309           
0.290645032854            0.32337144886            
0.303941944318            0.346498755386           
0.318763676526            0.373036364298           
0.335587287013            0.403904131007           
0.355152973924            0.44112752895            
0.378682759613            0.487316960546           
0.408353391324            0.548074505168           
0.448396020027            0.634113338286           
0.507645578543            0.769626023166           
0.603103782405            1.00711357881            
0.749841903925            1.41410979238            
0.943459645424            2.01855434257            
1.18773887454             2.87277914448            
1.49527463772             4.06330630358            
1.88243923903             5.69566385341            
2.36985059418             7.88601708079            
2.98346513516             10.7451568464            
3.75596007386             14.3543541807            
4.72847358266             18.7386567632            
5.95279555221             23.8502813238            
