k                         CCL nl error             
1.1289087756e-07          -1.36008246613e-05       
1.4212119452e-07          -1.35998609907e-05       
1.78919983335e-07         -1.35980919075e-05       
2.25246913699e-07         -1.35958395759e-05       
2.83569063584e-07         -1.35926783386e-05       
3.56992300144e-07         -1.35877034782e-05       
4.49426678466e-07         -1.35798127334e-05       
5.65794666259e-07         -1.35670968664e-05       
7.12293283212e-07         -1.35470406052e-05       
8.96724114885e-07         -1.35156382165e-05       
1.1289087756e-06          -1.34660592823e-05       
1.4212119452e-06          -1.33873164829e-05       
1.78919983335e-06         -1.32627047022e-05       
2.25246913699e-06         -1.30652933865e-05       
2.83569063584e-06         -1.27523980298e-05       
3.56992300144e-06         -1.2256610684e-05        
4.49426678466e-06         -1.14708275203e-05       
5.65794666259e-06         -1.02253049092e-05       
7.12293283212e-06         -8.25157929067e-06       
8.96724114885e-06         -5.12352463115e-06       
1.1289087756e-05          1.04240471987e-07        
1.4212119452e-05          1.23528821279e-07        
1.78919983335e-05         1.17041321906e-07        
2.25246913699e-05         1.14259469552e-07        
2.83569063584e-05         1.19938299217e-07        
3.56992300144e-05         1.28479470747e-07        
4.49426678466e-05         1.26249549868e-07        
5.65794666259e-05         1.32184106577e-07        
7.12293283212e-05         1.34152447623e-07        
8.96724114885e-05         1.36666860477e-07        
0.00011289087756          1.4156207874e-07         
0.00014212119452          1.4894699174e-07         
0.000178919983335         1.59912977016e-07        
0.000225246913699         1.76295001576e-07        
0.000283569063584         2.01607154513e-07        
0.000356992300144         2.36605100773e-07        
0.000449426678466         2.91991579638e-07        
0.000565794666259         4.10072613535e-07        
0.000712293283212         5.50947001904e-07        
0.000896724114885         7.77896948126e-07        
0.0011289087756           1.06446168647e-06        
0.0014212119452           1.65040409985e-06        
0.00178919983335          1.64160344784e-06        
0.00225246913699          1.51698745302e-06        
0.00283569063584          -1.02831357054e-06       
0.00356992300144          -0.000300857255012       
0.00449426678466          -0.00033217062398        
0.00565794666259          -0.000423257564321       
0.00712293283212          -0.000493710650123       
0.00896724114885          -0.000532810222019       
0.0112890877434           -0.000512576044776       
0.0142121037269           -0.000384990344414       
0.0178887329947           -8.05012616912e-05       
0.0223697744931           0.00045736792484         
0.0265786962574           0.00110744035236         
0.0295900621827           0.00168715430046         
0.0319995871176           0.0022388334393          
0.0341169331262           0.00279701986057         
0.0360737776765           0.00338006486652         
0.0379370936825           0.00398931846039         
0.0397459139071           0.00463679668982         
0.0415253395335           0.00532575927637         
0.043292767944            0.00606482179988         
0.0450610019077           0.00685363749692         
0.0468399443143           0.0076953093843          
0.048637587197            0.00857613325258         
0.0504606211693           0.00947550734906         
0.0523148279072           0.0103821074018          
0.0542053422502           0.0112798496973          
0.0561368325629           0.0121498174213          
0.0581136279555           0.0129821294612          
0.0601398098441           0.013787628749           
0.0622192789059           0.0145683343541          
0.0643558046318           0.0153551205921          
0.0665530623078           0.0161857236548          
0.0688146607487           0.017109824527           
0.0711441631421           0.0181600643519          
0.0735451027171           0.0193460537524          
0.0760209945375           0.0206800353199          
0.0785753444327           0.0221334460001          
0.0812116558942           0.0236919471887          
0.0839334356424           0.0253371919588          
0.0867441984884           0.0270467251646          
0.0896474720629           0.028835568279           
0.0926468019511           0.0307051774084          
0.0957457577574           0.0326631010158          
0.0989479406024           0.0347946418312          
0.102256992555            0.0370929367951          
0.10567660849             0.0395481901521          
0.109210550868            0.0421868768363          
0.112862667913            0.0444696119102          
0.116636915705            0.0470138792994          
0.120537384683            0.0499071131386          
0.124568331106            0.0530083615319          
0.12873421406             0.0563462924473          
0.133039738683            0.0596978848954          
0.137489906383            0.062750582223           
0.142090072992            0.0660949436775          
0.146846016018            0.070303165538           
0.151764012469            0.0745953424882          
0.156850929095            0.0785600613077          
0.162114327476            0.0829709427287          
0.167562587023            0.0877122862614          
0.173205049963            0.0925942740628          
0.179052193557            0.0980293782843          
0.185115836495            0.103462642746           
0.191409388653            0.109236608565           
0.197948156449            0.115429176946           
0.204749720319            0.121884866165           
0.211834406785            0.129135753663           
0.219225886148            0.136323170134           
0.226951939211            0.1441972316             
0.235045454735            0.152608448115           
0.24354574697             0.161796455082           
0.252500325034            0.17128055016            
0.261967313047            0.181854947004           
0.272018828417            0.193260079613           
0.282745806837            0.205504863665           
0.294265074612            0.219151940918           
0.306730027229            0.23421472101            
0.32034731441             0.251095834983           
0.335403969189            0.270197235196           
0.352313626398            0.292225882473           
0.371699716102            0.318221087902           
0.394555229027            0.349996322163           
0.422573321818            0.390311813989           
0.458887852728            0.444932401251           
0.509825294042            0.525643450324           
0.588593130862            0.659725756502           
0.716003913315            0.898205323445           
0.897958892306            1.27991483128            
1.13036644597             1.82764427976            
1.4230464806              2.59595099391            
1.79150937608             3.65921368503            
2.25537667902             5.10462944895            
2.83935101438             7.02397015059            
3.57453114501             9.49824094275            
4.5000680937              12.576141015             
5.66525007797             16.2532685215            
7.13212728733             20.4630613835            
