k                         CCL nl error             
1.29512315962e-07         -1.58352360271e-05       
1.63046345705e-07         -1.58342626917e-05       
2.05263187909e-07         -1.58328014951e-05       
2.58411043364e-07         -1.58304960697e-05       
3.25320229179e-07         -1.5826882429e-05        
4.09553903484e-07         -1.58211474017e-05       
5.15597816596e-07         -1.58120660171e-05       
6.49099193578e-07         -1.57976769873e-05       
8.17167469571e-07         -1.57748649998e-05       
1.02875289313e-06         -1.57387208315e-05       
1.29512315962e-06         -1.5681443443e-05        
1.63046345705e-06         -1.55906520155e-05       
2.05263187909e-06         -1.54467685772e-05       
2.58411043364e-06         -1.52187385755e-05       
3.25320229179e-06         -1.48573436598e-05       
4.09553903484e-06         -1.42845921131e-05       
5.15597816596e-06         -1.33767948968e-05       
6.49099193578e-06         -1.19381368051e-05       
8.17167469571e-06         -9.65805328625e-06       
1.02875289313e-05         -6.04455936711e-06       
1.29512315962e-05         -5.07693100331e-09       
1.63046345705e-05         4.98096040573e-08        
2.05263187909e-05         7.41953078736e-08        
2.58411043364e-05         7.48103194919e-08        
3.25320229179e-05         1.02826344597e-07        
4.09553903484e-05         1.2763224502e-07         
5.15597816596e-05         1.71812191065e-07        
6.49099193578e-05         2.68217260524e-07        
8.17167469571e-05         4.25382921848e-07        
0.000102875289313         6.65700370088e-07        
0.000129512315962         1.05590074207e-06        
0.000163046345705         1.6719365331e-06         
0.000205263187909         2.64827728755e-06        
0.000258411043364         4.19624374213e-06        
0.000325320229179         6.65464642496e-06        
0.000409553903484         1.0545624496e-05         
0.000515597816596         1.67650341175e-05        
0.000649099193578         2.64470780773e-05        
0.000817167469571         2.09105726793e-05        
0.00102875289313          1.15653977026e-05        
0.00129512315962          5.92057376793e-06        
0.00163046345705          3.77321840742e-06        
0.00205263187909          2.20872604997e-06        
0.00258411043364          5.2781402235e-06         
0.00325320229179          -3.319541166e-05         
0.00409553903484          -0.00155161106669        
0.00515597816596          -0.00187313163054        
0.00649099193578          -0.00238226905173        
0.00817167469571          -0.00302941414532        
0.0102875289313           -0.00386311312284        
0.0129512315627           -0.00485732135136        
0.0163046005822           -0.00592459749885        
0.0205203843312           -0.00641664928628        
0.0255985810061           -0.00563561466915        
0.0301560079953           -0.00439660260726        
0.033424274252            -0.00389232419576        
0.036073992284            -0.00403063343264        
0.0384186724244           -0.00449815290632        
0.0405942057957           -0.00498195596569        
0.0426708944333           -0.00544451201492        
0.0446902106809           -0.00573013957002        
0.0466790658234           -0.00556988024983        
0.0486562440854           -0.00489754802564        
0.0506356491157           -0.00369842892818        
0.0526280880814           -0.00175558876567        
0.0546423195767           0.00088558589322         
0.0566857027085           0.00419827814832         
0.0587646168957           0.00821584618246         
0.0608847431983           0.0127619873897          
0.0630512584738           0.0175043888698          
0.065268972654            0.0219547212077          
0.0675424277324           0.0256389263926          
0.0698759702572           0.0280223482285          
0.0722738050404           0.0289493214962          
0.0747400352681           0.0284692673518          
0.077278692592            0.0271514992045          
0.0798937597459           0.0255077082807          
0.0825891875498           0.0244599241373          
0.0853689077096           0.0247254899512          
0.0882368425241           0.0268852005471          
0.0911969124058           0.0315975738794          
0.0942530419926           0.0392352027217          
0.0974091655419           0.0497263075731          
0.100669232242            0.0624983367995          
0.104037212045            0.0757901243243          
0.107517102593            0.0870127543313          
0.11111293782             0.0937410415488          
0.114828798769            0.0955853865374          
0.118668827185            0.0945998362582          
0.122637242437            0.0928011753256          
0.126738362309            0.0934380308941          
0.130976628216            0.099854132857           
0.135356635433            0.114080613705           
0.139883168933            0.135037127107           
0.144561245511            0.158614417968           
0.149396162947            0.178646604487           
0.154393557101            0.18999186852            
0.159559468016            0.192795058301           
0.164900416362            0.194037168388           
0.1704234919              0.201460495163           
0.176136456118            0.219397824374           
0.182047861787            0.248134032902           
0.188167193017            0.280652546458           
0.194505030455            0.305621429205           
0.201073247709            0.318889177442           
0.207885246971            0.327812739979           
0.214956244466            0.345488584081           
0.222303619843            0.377938593618           
0.229947348611            0.418891755149           
0.237910543643            0.453724866351           
0.246220141727            0.476746839468           
0.254907785552            0.500748826241           
0.264010972955            0.540424263016           
0.273574577518            0.590733903224           
0.283652894551            0.63549815601            
0.294312445362            0.674346954137           
0.305635900964            0.724137104151           
0.317727700828            0.787707793486           
0.330722313471            0.849792174899           
0.344796752315            0.9146228696             
0.360190209868            0.997281545287           
0.377236131533            1.08644161522            
0.396417159536            1.18956013417            
0.418464675948            1.31506199185            
0.444551422653            1.46678791689            
0.476693504121            1.66206662232            
0.518658131385            1.92965271407            
0.578112854802            2.3302857611             
0.6709564106              3.00122787869            
0.820395462137            4.17954677917            
1.02999743323             5.99144700874            
1.29662260546             8.48572442904            
1.63235082182             11.8102378915            
2.05500793031             16.1252408047            
2.58710170491             21.5563203265            
3.25696807921             28.1586551822            
4.10027988031             35.9010730091            
5.1619465368              44.6912202791            
6.4985056695              54.4220103892            
8.18113392602             65.0083798892            
