k                         CCL nl error             
1.1289087756e-07          -1.39749881853e-05       
1.4212119452e-07          -1.39740428398e-05       
1.78919983335e-07         -1.39723815775e-05       
2.25246913699e-07         -1.39701272256e-05       
2.83569063584e-07         -1.39668440873e-05       
3.56992300144e-07         -1.39616610342e-05       
4.49426678466e-07         -1.39534481662e-05       
5.65794666259e-07         -1.39402798118e-05       
7.12293283212e-07         -1.39194802366e-05       
8.96724114885e-07         -1.38867828245e-05       
1.1289087756e-06          -1.38350926375e-05       
1.4212119452e-06          -1.37530584883e-05       
1.78919983335e-06         -1.36231654002e-05       
2.25246913699e-06         -1.34173647912e-05       
2.83569063584e-06         -1.30911796583e-05       
3.56992300144e-06         -1.25742921988e-05       
4.49426678466e-06         -1.17550741632e-05       
5.65794666259e-06         -1.04566083931e-05       
7.12293283212e-06         -8.39889780209e-06       
8.96724114885e-06         -5.13773878768e-06       
1.1289087756e-05          3.12611957082e-07        
1.4212119452e-05          3.24808261228e-07        
1.78919983335e-05         3.17854160783e-07        
2.25246913699e-05         3.25689793513e-07        
2.83569063584e-05         3.17271477949e-07        
3.56992300144e-05         3.41790950544e-07        
4.49426678466e-05         3.410302803e-07          
5.65794666259e-05         3.43735939216e-07        
7.12293283212e-05         3.47494621626e-07        
8.96724114885e-05         3.49905837311e-07        
0.00011289087756          3.54834710737e-07        
0.00014212119452          3.62387026822e-07        
0.000178919983335         3.73306521929e-07        
0.000225246913699         3.89465709666e-07        
0.000283569063584         4.14320839596e-07        
0.000356992300144         4.4896091389e-07         
0.000449426678466         5.05018000567e-07        
0.000565794666259         6.27010092898e-07        
0.000712293283212         7.67597087437e-07        
0.000896724114885         9.7644193669e-07         
0.0011289087756           1.28505655353e-06        
0.0014212119452           1.8683291825e-06         
0.00178919983335          1.79930168461e-06        
0.00225246913699          2.0055782812e-06         
0.00283569063584          -1.62058445221e-06       
0.00356992300144          -0.00045428886601        
0.00449426678466          -0.000530209966883       
0.00565794666259          -0.000667303362588       
0.00712293283212          -0.00079825912548        
0.00896724114885          -0.000916690754562       
0.0112890877434           -0.000992683467315       
0.0142121037269           -0.000965156113077       
0.0178887329947           -0.000736578055664       
0.0223697744931           -0.000197588583665       
0.0265786962574           0.00051221573587         
0.0295900621827           0.00113654103374         
0.0319995871176           0.00172074268096         
0.0341169331262           0.00231146996835         
0.0360737776765           0.0029384440189          
0.0379370936825           0.00361119606582         
0.0397459139071           0.00434632572561         
0.0415253395335           0.00515117362404         
0.043292767944            0.00604186620545         
0.0450610019077           0.007010731232           
0.0468399443143           0.00806929549545         
0.048637587197            0.00918848601367         
0.0504606211693           0.0103390639908          
0.0523148279072           0.0115052745414          
0.0542053422502           0.0126556798786          
0.0561368325629           0.0137571688489          
0.0581136279555           0.0147943004461          
0.0601398098441           0.0157760002806          
0.0622192789059           0.0167106044373          
0.0643558046318           0.0176442908602          
0.0665530623078           0.0186346645334          
0.0688146607487           0.0197596990779          
0.0711441631421           0.0210729722755          
0.0735451027171           0.0226092959642          
0.0760209945375           0.0243901114976          
0.0785753444327           0.0263828024121          
0.0812116558942           0.0285507032346          
0.0839334356424           0.0308403850531          
0.0867441984884           0.0331838515507          
0.0896474720629           0.0355564815146          
0.0926468019511           0.0379435654057          
0.0957457577574           0.0403643087783          
0.0989479406024           0.0429634324193          
0.102256992555            0.0457936646885          
0.10567660849             0.0489101837689          
0.109210550868            0.0523775947987          
0.112862667913            0.0556542214022          
0.116636915705            0.0592990202719          
0.120537384683            0.0633087072138          
0.124568331106            0.0674854203626          
0.12873421406             0.0718520434561          
0.133039738683            0.076245707746           
0.137489906383            0.0804534214527          
0.142090072992            0.0851290910966          
0.146846016018            0.090839899484           
0.151764012469            0.0967769135147          
0.156850929095            0.10245775826            
0.162114327476            0.108599487683           
0.167562587023            0.115129733921           
0.173205049963            0.121944607636           
0.179052193557            0.129501322514           
0.185115836495            0.137252745888           
0.191409388653            0.14548840044            
0.197948156449            0.154260519407           
0.204749720319            0.163458613992           
0.211834406785            0.173658312523           
0.219225886148            0.184058139295           
0.226951939211            0.195373740584           
0.235045454735            0.207469714993           
0.24354574697             0.220630444129           
0.252500325034            0.23444972101            
0.261967313047            0.24972749794            
0.272018828417            0.26626125432            
0.282745806837            0.284143347586           
0.294265074612            0.304015962416           
0.306730027229            0.326012984445           
0.32034731441             0.350699676088           
0.335403969189            0.378708573939           
0.352313626398            0.411072055963           
0.371699716102            0.449343155255           
0.394555229027            0.496137303557           
0.422573321818            0.555645568429           
0.458887852728            0.636308001309           
0.509825294042            0.755635228361           
0.588593130862            0.953808055036           
0.716003913315            1.305361809              
0.897958892306            1.86426227309            
1.13036644597             2.65650125443            
1.4230464806              3.74775543514            
1.79150937608             5.22075882014            
2.25537667902             7.15942185757            
2.83935101438             9.63303233589            
3.57453114501             12.6767999624            
4.5000680937              16.2752482219            
5.66525007797             20.3566697044            
7.13212728733             24.8010969013            
