k                         CCL nl error             
1.12525154137e-07         -1.38619190718e-05       
1.41660776009e-07         -1.38610700219e-05       
1.78340350772e-07         -1.38593442545e-05       
2.24517199535e-07         -1.38570419729e-05       
2.82650407879e-07         -1.38535387996e-05       
3.55835781133e-07         -1.3848379085e-05        
4.47970707294e-07         -1.38403512396e-05       
5.63961707152e-07         -1.38273556118e-05       
7.09985724413e-07         -1.38070385697e-05       
8.93819070474e-07         -1.37749685099e-05       
1.12525154137e-06         -1.37243858369e-05       
1.41660776009e-06         -1.36440966256e-05       
1.78340350772e-06         -1.35169780871e-05       
2.24517199535e-06         -1.33156129547e-05       
2.82650407879e-06         -1.2996370609e-05        
3.55835781133e-06         -1.24905034224e-05       
4.47970707294e-06         -1.16889934923e-05       
5.63961707152e-06         -1.0418333937e-05        
7.09985724413e-06         -8.40467779965e-06       
8.93819070474e-06         -5.21360214017e-06       
1.12525154137e-05         -1.560853817e-07         
1.41660776009e-05         1.14183928036e-07        
1.78340350772e-05         1.04753120044e-07        
2.24517199535e-05         1.16267673118e-07        
2.82650407879e-05         1.23601133829e-07        
3.55835781133e-05         1.33030359227e-07        
4.47970707294e-05         1.34349019517e-07        
5.63961707152e-05         1.35600640798e-07        
7.09985724413e-05         1.3750269197e-07         
8.93819070474e-05         1.40384698795e-07        
0.000112525154137         1.45172497201e-07        
0.000141660776009         1.51686764886e-07        
0.000178340350772         1.61773038903e-07        
0.000224517199535         1.76578330823e-07        
0.000282650407879         1.98120103969e-07        
0.000355835781133         2.29205403634e-07        
0.000447970707294         2.82588947896e-07        
0.000563961707152         3.67835897711e-07        
0.000709985724413         5.18137425717e-07        
0.000893819070474         7.31733758437e-07        
0.00112525154137          9.80793768881e-07        
0.00141660776009          1.47410387715e-06        
0.00178340350772          1.67475711794e-06        
0.00224517199535          1.52673597338e-06        
0.00282650407879          -1.01047318076e-06       
0.00355835781133          -0.000299930343559       
0.00447970707294          -0.000327456547089       
0.00563961707152          -0.000416147172902       
0.00709985724413          -0.00047897009783        
0.00893819070474          -0.000500908252324       
0.0112525154011           -0.000450760294267       
0.0141660618818           -0.000271253476792       
0.0178307735408           0.000108370229523        
0.0222970860953           0.000761366508606        
0.0264913325864           0.00153895830587         
0.029492191355            0.00222336423322         
0.0318934535862           0.0028658068909          
0.0340036062609           0.00350739403229         
0.0359538379594           0.00417064303923         
0.0378108780733           0.00485866245181         
0.0396136195659           0.00558152554522         
0.0413870747325           0.00634264215155         
0.0431485798989           0.00715579741576         
0.0449108932336           0.00801880785438         
0.0466838833444           0.00893480336234         
0.0484755147475           0.00988982897266         
0.0502924551291           0.0108667603119          
0.0521404664337           0.0118466812206          
0.0540246660388           0.0128277729115          
0.0559497064814           0.0137790607975          
0.0579199022316           0.014703853974           
0.0599393209324           0.015597248292           
0.0620118501204           0.0164755960661          
0.064141246606            0.0173609678448          
0.0663311733254           0.0182959972836          
0.0685852269777           0.0193193702045          
0.070906958796            0.0204792158074          
0.073299890162            0.0217735691879          
0.0757675243578           0.0232129910436          
0.0783133554658           0.0247806178942          
0.080940875241            0.0264527798451          
0.0836535786591           0.0282013563978          
0.0864549687616           0.0300422709164          
0.0893485613688           0.0319546628367          
0.0923378901986           0.0339599278872          
0.09542651291             0.0360610795529          
0.0986180185771           0.0383447935398          
0.10191603709             0.0407993110722          
0.105324250975            0.0434190033882          
0.108846410123            0.0462292041009          
0.112486349913            0.0486787551071          
0.116248013231            0.0513893095454          
0.120135476883            0.0544701387008          
0.124152982957            0.0577607549361          
0.128304975708            0.0612871968299          
0.132596144641            0.0648448421354          
0.137031474563            0.0681159600603          
0.141616303548            0.0716756489797          
0.146356389969            0.0761137433476          
0.151257990064            0.0806494491152          
0.156327947887            0.0848442944219          
0.161573800042            0.0895030866449          
0.167003898294            0.0945232557363          
0.172627554071            0.0996781791572          
0.178455210123            0.105406604297           
0.184498646243            0.111149481983           
0.19077122821             0.117225992135           
0.197288212154            0.123755191579           
0.204067120805            0.13055054519            
0.211128214033            0.138180132986           
0.218495084606            0.145742621987           
0.226195422435            0.154024718347           
0.234262008829            0.162862254467           
0.242734029775            0.172511235313           
0.251658839664            0.182474523578           
0.261094373672            0.193578150296           
0.271112515301            0.205533770924           
0.281803906049            0.218382820579           
0.293284995389            0.232693180743           
0.305708685743            0.248480184393           
0.319280965343            0.266160431722           
0.334287953005            0.286163048044           
0.351141974093            0.309229007501           
0.370464499802            0.336434623166           
0.393245429822            0.369668580107           
0.421172711043            0.411825843034           
0.457370690185            0.468929646047           
0.50814687437             0.553269342857           
0.586668854006            0.693320620896           
0.713679866092            0.942288330976           
0.89504917869             1.34057604259            
1.12670385763             1.91181048379            
1.41843555857             2.71260904392            
1.78570456917             3.81984043549            
2.24806886008             5.32297264165            
2.83015101542             7.31506687569            
3.56294903253             9.87649885231            
4.48548707798             13.052818571             
5.64689366674             16.8344629092            
7.10901793476             21.1495414504            
