k                         CCL nl error             
1.70273226393e-07         -6.08116404918e-06       
2.14361291655e-07         -6.08050754285e-06       
2.69864877369e-07         -6.07952665086e-06       
3.39739751871e-07         -6.0785305496e-06        
4.27707007027e-07         -6.07707407609e-06       
5.38451219948e-07         -6.07476457963e-06       
6.77869923805e-07         -6.07120099773e-06       
8.53387672969e-07         -6.06558032685e-06       
1.07435142761e-06         -6.05660920888e-06       
1.35252831342e-06         -6.04241787055e-06       
1.70273226393e-06         -6.02009656907e-06       
2.14361291655e-06         -5.98471722186e-06       
2.69864877369e-06         -5.92852786134e-06       
3.39739751871e-06         -5.83967429212e-06       
4.27707007027e-06         -5.69887685177e-06       
5.38451219948e-06         -5.47560102275e-06       
6.77869923805e-06         -5.12200939449e-06       
8.53387672969e-06         -4.56141924555e-06       
1.07435142761e-05         -3.67308182424e-06       
1.35252831342e-05         -2.26530231214e-06       
1.70273226393e-05         -3.40958993985e-08       
2.14361291655e-05         1.20171402692e-07        
2.69864877369e-05         1.38570674728e-07        
3.39739751871e-05         1.76965337943e-07        
4.27707007027e-05         2.27453708249e-07        
5.38451219948e-05         3.12030047609e-07        
6.77869923805e-05         4.40219407176e-07        
8.53387672969e-05         6.43328715312e-07        
0.000107435142761         9.64310392651e-07        
0.000135252831342         1.47263034414e-06        
0.000170273226393         2.27947518965e-06        
0.000214361291655         3.55740601764e-06        
0.000269864877369         5.58307056055e-06        
0.000339739751871         8.7918706085e-06         
0.000427707007027         1.38841977788e-05        
0.000538451219948         2.1934545825e-05         
0.000677869923805         3.47803291853e-05        
0.000853387672969         5.48355724256e-05        
0.00107435142761          4.64539960815e-05        
0.00135252831342          2.47031051993e-05        
0.00170273226393          1.33718602078e-05        
0.00214361291655          7.72410666136e-06        
0.00269864877369          6.09306819999e-06        
0.00339739751871          -7.29384935645e-07       
0.00427707007027          -0.000642259557256       
0.00538451219948          -0.000799486533403       
0.00677869923805          -0.000970926631471       
0.00853387672969          -0.00123502867399        
0.0107435142761           -0.001544079384          
0.0135252831339           -0.00190641579679        
0.0170273218166           -0.0023231607234         
0.0214357358382           -0.00276297544363        
0.0269492228811           -0.0031409908216         
0.0331031639705           -0.00334048566189        
0.0378460576703           -0.0033876306689         
0.0413942360935           -0.00339115780786        
0.0443945231676           -0.00337929414332        
0.0471093542075           -0.00335606495079        
0.0496613441155           -0.00330262311904        
0.0521177301538           -0.00321103680101        
0.0545198669311           -0.0030619769198         
0.0568954471081           -0.00283954131754        
0.0592642894875           -0.00253100283764        
0.0616413697888           -0.0021273433938         
0.0640385346308           -0.00162615375794        
0.0664655314212           -0.00103288638104        
0.0689306581366           -0.000357896689963       
0.0714411899698           0.000381749458381        
0.0740036688425           0.00116156664602         
0.0766241052802           0.00194942315712         
0.0793081223542           0.00271201054352         
0.0820610601739           0.00341502631194         
0.084888052805            0.00404081992388         
0.0877940854632           0.00459139306536         
0.0907840373223           0.00508854026066         
0.0938627136616           0.00558232408293         
0.0970348700335           0.0061338195589          
0.100305230435            0.00681396835796         
0.103678501016            0.00772187360302         
0.107159380535            0.00894234424165         
0.110752568588            0.0105354962183          
0.114462772497            0.0125017869013          
0.118294713642            0.0147732034371          
0.12225313399             0.0172054602948          
0.126342803536            0.0196264939645          
0.130568529328            0.0218145791296          
0.134935166759            0.0236282963028          
0.139447633796            0.0251345074993          
0.144110928792            0.0268184119177          
0.148930152552            0.0286202501127          
0.153910535297            0.0307372400775          
0.159057469223            0.033565476412           
0.164376547333            0.037413572446           
0.169873609319            0.0419796589585          
0.175554795318            0.0465661732295          
0.181426608514            0.0506229104496          
0.187495987735            0.0540792193397          
0.193770391442            0.0571697969748          
0.200257894869            0.0607055027462          
0.206967302518            0.0654000088895          
0.213908278876            0.0712614120692          
0.221091500993            0.0779871139806          
0.228528837693            0.0848543137612          
0.23623356161             0.0909993905832          
0.244220602173            0.0967112161097          
0.252506850268            0.102904771543           
0.26111152881             0.110642750671           
0.270056648337            0.119938243478           
0.27936757349             0.129672018818           
0.28907373587             0.138982549979           
0.299209542521            0.148132728139           
0.309815549573            0.158730569999           
0.320940000723            0.17139228727            
0.332640876231            0.184874393551           
0.344988669809            0.198321202174           
0.358070225329            0.213028645282           
0.371994153539            0.23014064383            
0.386898668097            0.248893840278           
0.402963240479            0.269010663109           
0.42042649631             0.291969637085           
0.439614729464            0.318349064432           
0.460989336323            0.348167908189           
0.485229831481            0.383684344915           
0.51338809372             0.426264639196           
0.547195729738            0.479783308926           
0.589726515628            0.550288726095           
0.646933131897            0.650592483657           
0.731224910553            0.808950622535           
0.866749791267            1.08725030273            
1.07631580282             1.56633290474            
1.35409829228             2.27325020268            
1.70469713611             3.24916776489            
2.14608651676             4.56029221064            
2.70176285185             6.27084246217            
3.40131791083             8.42829265081            
4.28200555154             11.0481773155            
5.39072560227             14.1006688079            
6.78652144871             17.5036215798            
8.54372430947             21.1317575805            
