k                         CCL nl error             
9.92100167608e-08         -2.0616091212e-05        
1.24898011205e-07         -2.06148803548e-05       
1.57237280188e-07         -2.061292443e-05         
1.9795000771e-07          -2.06098873313e-05       
2.49204294971e-07         -2.06051198997e-05       
3.13729619668e-07         -2.05975593219e-05       
3.94962190632e-07         -2.05855893338e-05       
4.97227938485e-07         -2.05665735706e-05       
6.25972887213e-07         -2.05364644447e-05       
7.88053174806e-07         -2.04888135034e-05       
9.92100167608e-07         -2.04133069125e-05       
1.24898011205e-06         -2.02936248232e-05       
1.57237280188e-06         -2.01039380623e-05       
1.9795000771e-06          -1.98033407677e-05       
2.49204294971e-06         -1.93269293451e-05       
3.13729619668e-06         -1.85718560163e-05       
3.94962190632e-06         -1.73751485603e-05       
4.97227938485e-06         -1.54786184179e-05       
6.25972887213e-06         -1.24728533911e-05       
7.88053174806e-06         -7.7092116483e-06        
9.92100167608e-06         -1.5986559155e-07        
1.24898011205e-05         2.61605128452e-07        
1.57237280188e-05         2.71852057435e-07        
1.9795000771e-05          2.116543046e-07          
2.49204294971e-05         2.56268645819e-07        
3.13729619668e-05         2.24728468082e-07        
3.94962190632e-05         2.192044243e-07          
4.97227938485e-05         2.24191455209e-07        
6.25972887213e-05         2.28945497768e-07        
7.88053174806e-05         2.35049812011e-07        
9.92100167608e-05         2.40233805882e-07        
0.000124898011205         2.45505871652e-07        
0.000157237280188         2.52462315278e-07        
0.00019795000771          2.61793137996e-07        
0.000249204294971         2.76078209325e-07        
0.000313729619668         3.00358225782e-07        
0.000394962190632         3.41279963626e-07        
0.000497227938485         4.02732639889e-07        
0.000625972887213         4.80292505683e-07        
0.000788053174806         6.48586086176e-07        
0.000992100167608         8.86645602481e-07        
0.00124898011205          1.14087863734e-06        
0.00157237280188          1.5399452603e-06         
0.0019795000771           9.63578180369e-07        
0.00249204294971          3.91918381109e-06        
0.00313729619668          -5.80955388581e-05       
0.00394962190632          -0.00104946980978        
0.00497227938485          -0.00128340859505        
0.00625972887213          -0.0015173235252         
0.00788053174806          -0.00167255398937        
0.00992100167534          -0.00175676774628        
0.0124897993157           -0.0015930802078         
0.0157230809776           -0.000810326766725       
0.019746571534            0.000925178514431        
0.0240245180881           0.00338511376914         
0.0271879948244           0.00533438069131         
0.0296101364032           0.00680373252602         
0.0316876936564           0.00816486070833         
0.0335821641097           0.00954567942398         
0.0353712786756           0.0109877828184          
0.0370985906073           0.0126220339329          
0.0387913095505           0.0144494410095          
0.0404678756299           0.0165145981633          
0.0421416136444           0.0188893705783          
0.0438226735055           0.0214877789262          
0.0455191396695           0.0243328817614          
0.0472377036144           0.027363246101           
0.0489840911441           0.0304635956874          
0.0507633446019           0.0334666492788          
0.0525800153022           0.0362911450822          
0.0544382982461           0.0388416578741          
0.0563421284896           0.0411213070401          
0.0582952512785           0.0430902827754          
0.0603012737755           0.0448830487143          
0.0623637035721           0.0467509825306          
0.0644859775362           0.0489159568599          
0.0666714834826           0.051605394549           
0.0689235764637           0.0549640337811          
0.0712455910218           0.0591170071358          
0.0736408504405           0.0641359139727          
0.0761126738277           0.0698570312793          
0.0786643817326           0.0760810348274          
0.0812993009071           0.0824283073802          
0.0840207687693           0.0885908486959          
0.0868321380884           0.0943116089223          
0.0897367823891           0.0996733154149          
0.0927381025593           0.104895258708           
0.095839535137            0.11055661678            
0.0990445627434           0.117100342449           
0.10235672713             0.124972818338           
0.105779645301            0.133521978373           
0.10931702918             0.143193776468           
0.1129727093              0.153767732892           
0.116750663022            0.16437956513            
0.120655047809            0.174819829011           
0.124690240188            0.18489488548            
0.128860881068            0.194806271875           
0.133171928276            0.205902423068           
0.137628717321            0.219544078229           
0.14223703168             0.234586927084           
0.147003184237            0.249598540133           
0.151934111957            0.265038269621           
0.15703748652             0.28093958084            
0.16232184439             0.297474444907           
0.16779674092             0.3158175971             
0.173472934493            0.335562395615           
0.179362608621            0.356495285232           
0.18547964256             0.378550882321           
0.191839944616            0.401434604904           
0.198461867375            0.426545416804           
0.205366731279            0.45299988209            
0.212579493342            0.48147106516            
0.220129613043            0.511818978821           
0.228052190256            0.544706040398           
0.236389484934            0.579538827937           
0.245192982919            0.617813378357           
0.254526259831            0.659211956654           
0.264469039716            0.703993399207           
0.275123091807            0.753641723556           
0.286621044384            0.808412835499           
0.299139995859            0.869545408714           
0.312923345363            0.938631097096           
0.328317392065            1.01801780621            
0.345835978032            1.11107343984            
0.366281899274            1.22308103564            
0.390991864933            1.3634599143             
0.422371415585            1.54879681367            
0.465146788862            1.81326718624            
0.529220792574            2.23293659615            
0.632924262733            2.96331744753            
0.789391798099            4.15991982857            
0.993438585728            5.8399888138             
1.25066163882             8.06850623875            
1.57448971273             10.9367869462            
1.98216510997             14.5090638414            
2.49539802731             18.8014507224            
3.14151998912             23.7680007942            
3.95493934597             29.2992393407            
4.97897364474             35.2456657023            
6.26815644602             41.4698999173            
