k                         CCL nl error             
1.23735069584e-07         -1.25160983088e-05       
1.5577322343e-07          -1.25151317407e-05       
1.96106869453e-07         -1.25135403828e-05       
2.46883921381e-07         -1.25115105271e-05       
3.1080844239e-07          -1.25085340148e-05       
3.91284646326e-07         -1.25038055014e-05       
4.92598184504e-07         -1.24964232816e-05       
6.20144372276e-07         -1.2484603291e-05        
7.80715509239e-07         -1.24659808589e-05       
9.82862593963e-07         -1.24365734911e-05       
1.23735069584e-06         -1.2390118091e-05        
1.5577322343e-06          -1.23163549114e-05       
1.96106869453e-06         -1.21995977889e-05       
2.46883921381e-06         -1.20146152986e-05       
3.1080844239e-06          -1.17214366645e-05       
3.91284646326e-06         -1.12566917776e-05       
4.92598184504e-06         -1.05201563346e-05       
6.20144372276e-06         -9.35310235042e-06       
7.80715509239e-06         -7.5033763344e-06        
9.82862593963e-06         -4.5717870952e-06        
1.23735069584e-05         3.30071838246e-07        
1.5577322343e-05          3.20152104629e-07        
1.96106869453e-05         3.84333525627e-07        
2.46883921381e-05         3.36802311381e-07        
3.1080844239e-05          3.45377957063e-07        
3.91284646326e-05         3.6266857068e-07         
4.92598184504e-05         3.52434223348e-07        
6.20144372276e-05         3.69663821675e-07        
7.80715509239e-05         3.76953196092e-07        
9.82862593963e-05         3.89130924007e-07        
0.000123735069584         4.08244978593e-07        
0.00015577322343          4.3861869218e-07         
0.000196106869453         4.84490102393e-07        
0.000246883921381         5.58329829664e-07        
0.00031080844239          6.72944221796e-07        
0.000391284646326         8.49762159864e-07        
0.000492598184504         1.1380442505e-06         
0.000620144372276         1.58951173799e-06        
0.000780715509239         2.30186442764e-06        
0.000982862593963         3.40620631989e-06        
0.00123735069584          5.04230564888e-06        
0.0015577322343           4.06500689549e-06        
0.00196106869453          2.25691975117e-06        
0.00246883921381          2.7654359576e-06         
0.0031080844239           -1.94817053941e-06       
0.00391284646326          -0.000580280783519       
0.00492598184504          -0.000678406619217       
0.00620144372276          -0.000834201957156       
0.00780715509239          -0.000971120763403       
0.00982862593962          -0.00107236351726        
0.0123735068851           -0.00107435605317        
0.0155772621282           -0.000862133343385       
0.0196018241817           -0.000239375894542       
0.0243767584548           0.000960049686638        
0.0284711791967           0.0022630247629          
0.0314290981627           0.00332689121242         
0.0338572539604           0.00427709878587         
0.0360200442836           0.00519627124451         
0.0380344024212           0.00612968774444         
0.0399618319751           0.00711920340551         
0.0418390456602           0.00817371142071         
0.0436900774698           0.00933379621174         
0.0455318204987           0.0105982435353          
0.0473768504808           0.0119816678114          
0.0492349899608           0.0134837081589          
0.051114232879            0.0150859687958          
0.0530213202139           0.016757582027           
0.0549621138485           0.0184661012015          
0.056941847989            0.020162496062           
0.0589653031767           0.0218162584804          
0.0610369296114           0.0233834048642          
0.0631609362441           0.02486154529            
0.0653413561187           0.0262631702766          
0.0675820948331           0.0276356708845          
0.0698869667526           0.0290415027388          
0.0722597221886           0.0306203685674          
0.0747040678253           0.0324274974119          
0.077223682079            0.0345370069264          
0.0798222266644           0.0369832639266          
0.082503355378            0.0397751865573          
0.0852707209292           0.0428929464262          
0.0881279805321           0.0462613797693          
0.0910788008939           0.0497963344239          
0.0941268631905           0.0533721208292          
0.0972758685838           0.0568748954625          
0.100529544822            0.0602871355925          
0.103891654451            0.0637036215293          
0.107366005146            0.0672692655704          
0.110956462695            0.0711699944923          
0.114666967127            0.0754846050965          
0.118501552502            0.0801441914072          
0.122464370893            0.0854071385759          
0.126559721084            0.0910784793012          
0.130792082564            0.0970824097797          
0.135166155454            0.103255368902           
0.139686907065            0.10903553031            
0.144359625959            0.114515363646           
0.149189984511            0.120832731571           
0.154184111266            0.128420261057           
0.159348674692            0.136510569854           
0.164690980373            0.144874918455           
0.170219084301            0.153572230028           
0.175941925676            0.162286143663           
0.181869483677            0.17151864926            
0.188012964033            0.181511076309           
0.19438502307             0.192129286905           
0.201000039416            0.203792505727           
0.207874446973            0.215828803111           
0.215027147535            0.228572938162           
0.222480028165            0.242128894829           
0.230258618047            0.256520291715           
0.238392933609            0.272035657882           
0.246918581472            0.288856673258           
0.255878220374            0.306674708184           
0.265323531959            0.325789702453           
0.275317927775            0.346697348526           
0.285940345907            0.369475474153           
0.297290702456            0.394210320761           
0.30949793089             0.421579588835           
0.322732205846            0.451926348428           
0.337224198009            0.486104740455           
0.353296679567            0.525053499533           
0.371418972504            0.570278478864           
0.392306252993            0.624123122838           
0.417113209925            0.690203144121           
0.447841727718            0.775334691585           
0.488268708651            0.892495996554           
0.546140498702            1.06979662126            
0.637350068882            1.37034045723            
0.783056289416            1.89692651898            
0.983924826904            2.69934322784            
1.23864985013             3.81213121694            
1.55936762009             5.31299262256            
1.96312752317             7.2845396646             
2.47143112551             9.7938128305             
3.1113474474              12.8741918923            
3.91695436646             16.5114789711            
4.93115338877             20.6402009616            
6.20795431058             25.1505735306            
7.81535143684             29.9061987418            
