k                         CCL nl error             
1.21539996938e-07         -1.27947062384e-05       
1.53009790695e-07         -1.27939496184e-05       
1.92627913759e-07         -1.27927552538e-05       
2.42504175652e-07         -1.27908002516e-05       
3.05294669195e-07         -1.27877334314e-05       
3.84343217135e-07         -1.27830128257e-05       
4.83859442902e-07         -1.27755461632e-05       
6.09142948405e-07         -1.27637235176e-05       
7.66865537163e-07         -1.27449498156e-05       
9.65426512163e-07         -1.27152318535e-05       
1.21539996938e-06         -1.266817836e-05         
1.53009790695e-06         -1.25935897604e-05       
1.92627913759e-06         -1.2475373805e-05        
2.42504175652e-06         -1.22880302842e-05       
3.05294669195e-06         -1.1991115974e-05        
3.84343217135e-06         -1.1520568604e-05        
4.83859442902e-06         -1.07747803856e-05       
6.09142948405e-06         -9.59278789316e-06       
7.66865537163e-06         -7.71955960617e-06       
9.65426512163e-06         -4.75075947383e-06       
1.21539996938e-05         2.14103736463e-07        
1.53009790695e-05         2.16708460984e-07        
1.92627913759e-05         2.15833011289e-07        
2.42504175652e-05         2.62575708447e-07        
3.05294669195e-05         2.66924190258e-07        
3.84343217135e-05         2.3136128747e-07         
4.83859442902e-05         2.24625223301e-07        
6.09142948405e-05         2.33352259401e-07        
7.66865537163e-05         2.39326391718e-07        
9.65426512163e-05         2.46480041894e-07        
0.000121539996938         2.55992882281e-07        
0.000153009790695         2.67613655732e-07        
0.000192627913759         2.85334961122e-07        
0.000242504175652         3.12246658177e-07        
0.000305294669195         3.54002391081e-07        
0.000384343217135         4.19236361188e-07        
0.000483859442902         5.29052693689e-07        
0.000609142948405         7.04944416244e-07        
0.000766865537163         9.47839701192e-07        
0.000965426512163         1.38895005688e-06        
0.00121539996938          1.91093931536e-06        
0.00153009790695          3.20289511623e-06        
0.00192627913759          1.77305768651e-06        
0.00242504175652          5.71083904642e-06        
0.00305294669195          -1.41118785245e-05       
0.00384343217135          -0.00240279729334        
0.00483859442902          -0.00296217361103        
0.00609142948405          -0.00369920583992        
0.00766865537163          -0.00463769617614        
0.00965426512163          -0.00578512405677        
0.0121539996641           -0.00711050678301        
0.0153009485301           -0.00865605092249        
0.0192573949904           -0.010184309816          
0.0240275806282           -0.0113556624603         
0.0283222327584           -0.0119018393252         
0.0314010187299           -0.012103166271          
0.0338948947296           -0.0121251465882         
0.0361006359387           -0.0119790364996         
0.0381467038371           -0.011697962366          
0.0400994793686           -0.0112055128488         
0.0419980892505           -0.0105505857987         
0.043867906981            -0.00963898925255        
0.0457266347759           -0.008470878821          
0.047587370166            -0.00706453869224        
0.0494602902874           -0.00541167756602        
0.0513536407297           -0.00358799425112        
0.0532743478192           -0.00159584168979        
0.0552284145004           0.000501204900762        
0.0572211855717           0.00260928524806         
0.0592575306985           0.00468130482329         
0.0613419737904           0.00669288713613         
0.0634787862796           0.00865694259688         
0.0656720554261           0.010571286776           
0.0679257349206           0.0125390900259          
0.0702436826733           0.0147470446192          
0.0726296891627           0.017261085773           
0.0750874987429           0.0203037613857          
0.0776208256623           0.0239992202764          
0.0802333661227           0.0283649194026          
0.0829288074224           0.0334165731521          
0.0857108350392           0.039023564542           
0.0885831383831           0.0449894417914          
0.0915494158703           0.0511466775127          
0.0946133799148           0.0573054686645          
0.0977787624044           0.0633555980964          
0.101049321206            0.0694419600859          
0.104428848234            0.0758371847707          
0.107921179603            0.0829111848376          
0.111530208387            0.0909766402056          
0.1152599005              0.100235345327           
0.119114314209            0.110392142118           
0.123097623813            0.121445081052           
0.127214148015            0.133166023423           
0.131468383577            0.145127811108           
0.13586504487             0.157383919025           
0.140409110037            0.170029607789           
0.145105874612            0.183419077846           
0.149961013587            0.198258170762           
0.154980653204            0.215062646294           
0.16017145402             0.233098436264           
0.165540707289            0.251690801469           
0.171096447218            0.271143807508           
0.176847582475            0.291638333331           
0.18280405129             0.313542770574           
0.188977005858            0.337436228832           
0.195379033542            0.363012111819           
0.202024424811            0.390217391282           
0.208929501187            0.419073863901           
0.216113021099            0.449716374217           
0.223596688059            0.482896853476           
0.231405794889            0.518371654185           
0.239570051256            0.556554413193           
0.248124661845            0.597518124589           
0.257111752753            0.64181718094            
0.266582290452            0.689641334903           
0.276598711598            0.741748181634           
0.287238602015            0.798514543023           
0.298599964033            0.860673152438           
0.310808958811            0.929427585738           
0.324031634099            1.00589659283            
0.338492316941            1.09189604993            
0.354503649572            1.18987679792            
0.37251802243             1.30344692769            
0.3932207139              1.43808892982            
0.417710023683            1.60273325534            
0.447872991744            1.81268251599            
0.48723332278             2.09739722311            
0.542958985739            2.51888695664            
0.629921541157            3.21115544739            
0.769954270123            4.38616806839            
0.966605071496            6.09646586902            
1.21681821374             8.27195003515            
1.53188305                10.8879570562            
1.92852649931             13.8780464336            
2.4278710173              17.1276633342            
3.05650852023             20.5159741101            
3.84791624749             23.9550600161            
4.84423954642             27.4001968777            
6.0985362658              30.8459348198            
