k                         CCL nl error             
1.4148451727e-07          -1.26954323734e-05       
1.78118454167e-07         -1.26946276821e-05       
2.2423784826e-07          -1.26934125174e-05       
2.8229872546e-07          -1.2691513089e-05        
3.55393039199e-07         -1.26885754336e-05       
4.47413328223e-07         -1.26839168579e-05       
5.63260008475e-07         -1.26765303643e-05       
7.09102338117e-07         -1.26648302123e-05       
8.92706953018e-07         -1.26462734453e-05       
1.12385146844e-06         -1.26168687268e-05       
1.4148451727e-06          -1.25702794943e-05       
1.78118454167e-06         -1.24964205988e-05       
2.2423784826e-06          -1.2379377616e-05        
2.8229872546e-06          -1.21938865216e-05       
3.55393039199e-06         -1.18998877381e-05       
4.47413328223e-06         -1.14339736786e-05       
5.63260008475e-06         -1.06955612427e-05       
7.09102338117e-06         -9.52524112541e-06       
8.92706953018e-06         -7.67048987063e-06       
1.12385146844e-05         -4.73103302695e-06       
1.4148451727e-05          1.826718702e-07          
1.78118454167e-05         1.79454201488e-07        
2.2423784826e-05          2.19915385085e-07        
2.8229872546e-05          2.5832928418e-07         
3.55393039199e-05         3.14847715777e-07        
4.47413328223e-05         4.04358397937e-07        
5.63260008475e-05         5.31691051321e-07        
7.09102338117e-05         7.52610563636e-07        
8.92706953018e-05         1.095403248e-06          
0.000112385146844         1.63922713305e-06        
0.00014148451727          2.49834336033e-06        
0.000178118454167         3.85618671806e-06        
0.00022423784826          6.00836474061e-06        
0.00028229872546          9.42111662531e-06        
0.000355393039199         1.48329817609e-05        
0.000447413328223         2.34282306932e-05        
0.000563260008475         3.70309103094e-05        
0.000709102338117         4.49527875144e-05        
0.000892706953018         2.51390122709e-05        
0.00112385146844          1.27250627535e-05        
0.0014148451727           7.74816366635e-06        
0.00178118454167          4.50715995444e-06        
0.0022423784826           5.26523435646e-06        
0.0028229872546           -3.09419034426e-06       
0.00355393039199          -0.000997015612194       
0.00447413328223          -0.00129633065393        
0.00563260008475          -0.00156613618445        
0.00709102338117          -0.00201136309195        
0.00892706953018          -0.00252000369103        
0.0112385146844           -0.0032035402744         
0.0141484516458           -0.00405277431874        
0.0178117781781           -0.00488665061241        
0.0224138227669           -0.00527745770524        
0.0278775204682           -0.00461777078559        
0.0325707477558           -0.00365509786614        
0.0359600189664           -0.00320277383667        
0.0387409612223           -0.00320421208928        
0.0412173669652           -0.00345099766145        
0.0435234855522           -0.00385446007162        
0.0457298835155           -0.00413775257327        
0.0478786643097           -0.0042998966252         
0.0499973816009           -0.00416205070266        
0.052105397191            -0.00364424823438        
0.0542171213974           -0.0027090499351         
0.056343807588            -0.0012085214569         
0.0584946126747           0.000775232475915        
0.0606772572412           0.00336981592332         
0.0628984542104           0.00653740710659         
0.0651641970777           0.0100606349137          
0.0674799593807           0.0137986230925          
0.0698508360513           0.0173776963154          
0.0722816455272           0.0204541564792          
0.0747770046352           0.022622887497           
0.0773413841284           0.0236803700991          
0.0799791501862           0.023680185918           
0.082694595559            0.0228134626071          
0.0854919629775           0.0216718032374          
0.088375462753            0.0207900521373          
0.0913492860318           0.0207668257719          
0.0944176148601           0.0222241430843          
0.09758463001             0.0256314958877          
0.100854517384            0.0313034146823          
0.104231473728            0.0393127608256          
0.107719712321            0.0490444220609          
0.111323469289            0.0594804776183          
0.115047011155            0.0685937998209          
0.118894644219            0.0744529339743          
0.122870726387            0.0770129776203          
0.126979682004            0.0764223805832          
0.131226020301            0.0745211670694          
0.135614358032            0.0742634769917          
0.140149446894            0.0786375745564          
0.144836206355            0.089089478047           
0.149679762535            0.104910062607           
0.154685493868            0.123550550555           
0.159859084368            0.140086079297           
0.165206585456            0.149717591431           
0.170734487529            0.15215216366            
0.176449802727            0.152487655276           
0.182360160726            0.156637428017           
0.188473919921            0.169314276764           
0.194800297006            0.191291397571           
0.201349518869            0.217118983532           
0.208133001895            0.237795002444           
0.215163565353            0.248190062071           
0.222455687627            0.253683931244           
0.230025816937            0.265399250211           
0.237892752115            0.289358107662           
0.246078114433            0.321888490941           
0.254606939188            0.349832440822           
0.263508426741            0.366954837218           
0.272816908747            0.383082093492           
0.2825731091              0.412160658613           
0.292825815137            0.45158016276            
0.303634130407            0.486445004871           
0.315070568707            0.514392646873           
0.327225393149            0.550527143294           
0.340212845848            0.599649141806           
0.354180333772            0.64678246309            
0.369322393879            0.693886082714           
0.385902687347            0.756815796602           
0.404290094683            0.823941167711           
0.425020884689            0.90095041239            
0.448912070301            0.996037709187           
0.477282401871            1.11044649347            
0.512417436378            1.25836128228            
0.558627644201            1.4626581539             
0.624751180579            1.77131602932            
0.728929976977            2.29177582249            
0.89541145238             3.1956878425             
1.12507020276             4.5515300214             
1.4163349663              6.38911383848            
1.78305990125             8.79876397797            
2.24473942033             11.8645431877            
2.82595949911             15.6332039397            
3.55767222613             20.090285246             
4.47884397231             25.1473367424            
5.6385304922              30.6614361383            
7.09848932181             36.4861098067            
8.93646859257             42.5140200387            
