k                         CCL nl error             
1.58777493968e-07         -6.79447556969e-06       
1.99889021978e-07         -6.7938082946e-06        
2.51645369306e-07         -6.79285930682e-06       
3.1680275018e-07          -6.79173095563e-06       
3.98831032728e-07         -6.79026448932e-06       
5.02098522114e-07         -6.78775217999e-06       
6.32104588713e-07         -6.78374384436e-06       
7.95772529643e-07         -6.77746061105e-06       
1.00181825957e-06         -6.76732627305e-06       
1.26121446498e-06         -6.75139707665e-06       
1.58777493968e-06         -6.72649764821e-06       
1.99889021978e-06         -6.68694924761e-06       
2.51645369306e-06         -6.62412337829e-06       
3.1680275018e-06          -6.52481579784e-06       
3.98831032728e-06         -6.36740807288e-06       
5.02098522114e-06         -6.11781891664e-06       
6.32104588713e-06         -5.72263669078e-06       
7.95772529643e-06         -5.09597845532e-06       
1.00181825957e-05         -4.10298181522e-06       
1.26121446498e-05         -2.52922151466e-06       
1.58777493968e-05         1.01268342973e-07        
1.99889021978e-05         1.06559648804e-07        
2.51645369306e-05         1.18038940059e-07        
3.1680275018e-05          1.41500469646e-07        
3.98831032728e-05         1.68859314577e-07        
5.02098522114e-05         2.20574378102e-07        
6.32104588713e-05         2.96752687027e-07        
7.95772529643e-05         4.20787979151e-07        
0.000100181825957         6.11882641109e-07        
0.000126121446498         9.14257478882e-07        
0.000158777493968         1.3940522325e-06         
0.000199889021978         2.1536404202e-06         
0.000251645369306         3.35850884483e-06        
0.00031680275018          5.26718584168e-06        
0.000398831032728         8.2917535694e-06         
0.000502098522114         1.30859321463e-05        
0.000632104588713         2.06872053727e-05        
0.000795772529643         3.2723906725e-05         
0.00100181825957          4.07831469635e-05        
0.00126121446498          2.27080945129e-05        
0.00158777493968          1.14656729264e-05        
0.00199889021978          6.59709182483e-06        
0.00251645369306          5.28384169112e-06        
0.0031680275018           -7.40264538772e-07       
0.00398831032728          -0.000590889365679       
0.00502098522114          -0.000736163646956       
0.00632104588713          -0.000892820648051       
0.00795772529643          -0.00113881507357        
0.0100181825957           -0.00142771890581        
0.0126121446497           -0.00176757877423        
0.0158777489585           -0.00216280592728        
0.0199886598369           -0.00259029154569        
0.0251386795227           -0.00296335774886        
0.0310033628484           -0.00318446800253        
0.035641870955            -0.00325899316154        
0.0390740991028           -0.00329137268219        
0.0419543072007           -0.00330946172812        
0.0445498673832           -0.00331052830799        
0.0469838393852           -0.00328287890935        
0.0493229605169           -0.00321396984237        
0.0516079511095           -0.00308516202811        
0.053865913742            -0.00287864539066        
0.0561161507289           -0.00258085999158        
0.0583731886128           -0.00218199999813        
0.0606484791286           -0.00168262080009        
0.0629514167616           -0.0010867504057         
0.0652899784484           -0.000410839452967       
0.0676711423681           0.000325332926945        
0.0701011714323           0.00109309622439         
0.072585810563            0.00185316410826         
0.0751304271259           0.00257455833739         
0.0777401127441           0.00321720032684         
0.08041975817             0.00376439500634         
0.0831741089209           0.00422133873457         
0.0860078069023           0.00462272179345         
0.0889254216621           0.00502357028931         
0.091931473884            0.00549110887694         
0.0950304530538           0.00610929033844         
0.0982268307761           0.00696614629224         
0.101525070921            0.00814708895077         
0.104929637583            0.00971128934427         
0.108445001689            0.0116585511288          
0.112075647039            0.01390685344            
0.115826076466            0.0163125346995          
0.119700818805            0.0186749035543          
0.123704437326            0.02077370604            
0.127841540261            0.0224793176621          
0.132116794069            0.0238230748892          
0.136534940065            0.0252974092829          
0.14110081502             0.0270567183741          
0.145819376389            0.0291380969991          
0.150695732773            0.0318593892371          
0.155735180309            0.0355770147105          
0.160943245678            0.040059659897           
0.166325736538            0.0445163134876          
0.171888800274            0.0483065501428          
0.177638992144            0.0515126608151          
0.183583354138            0.0544665554297          
0.189729506163            0.0578744129131          
0.19608575165             0.0624837136747          
0.202661200199            0.0682230766543          
0.20946591069             0.0746355635861          
0.216511059283            0.081163826261           
0.223809138054            0.0870106793207          
0.231374191831            0.0924593198871          
0.239222103183            0.0985247198122          
0.247370938773            0.105993751313           
0.255841374798            0.114935753985           
0.264657225484            0.124170556941           
0.273846107471            0.133075931763           
0.283440285637            0.141888554284           
0.29347776455             0.152142869638           
0.304003717455            0.164234636421           
0.315072386896            0.177116963265           
0.326749656724            0.18993630405            
0.339116599899            0.204096193211           
0.352274478088            0.220487878789           
0.366351959193            0.238291602769           
0.381515826689            0.257522861478           
0.397987378773            0.279421498276           
0.416068473411            0.304464541186           
0.436184692799            0.332840391529           
0.458960552688            0.366494438487           
0.485358516909            0.406750242837           
0.51695434225             0.45712378799            
0.556526670502            0.523114471668           
0.609418068323            0.616276227806           
0.686724731237            0.761867234307           
0.810447659962            1.01590326359            
1.00380707941             1.45720769035            
1.26257681509             2.11531956689            
1.58947338583             3.02769936217            
2.00102839131             4.25984640437            
2.51914549153             5.87874545307            
3.17141627529             7.93851965443            
3.99257654035             10.4650196903            
5.02635606517             13.441205992             
6.32780737917             16.7976721639            
7.96623751058             20.4153519925            
