k                         CCL nl error             
1.39141925001e-07         -1.03238319692e-05       
1.75169305229e-07         -1.03232143502e-05       
2.20525089719e-07         -1.03222299575e-05       
2.77624639386e-07         -1.03207099107e-05       
3.49508713463e-07         -1.03183147137e-05       
4.40005401022e-07         -1.03145213341e-05       
5.53933980674e-07         -1.03085281343e-05       
6.97361564727e-07         -1.02990120786e-05       
8.77926195042e-07         -1.02839211681e-05       
1.10524359662e-06         -1.02600141782e-05       
1.39141925001e-06         -1.02221458843e-05       
1.75169305229e-06         -1.01621395987e-05       
2.20525089719e-06         -1.00670162315e-05       
2.77624639386e-06         -9.91627582479e-06       
3.49508713463e-06         -9.67737159251e-06       
4.40005401022e-06         -9.29873501874e-06       
5.53933980674e-06         -8.69865940741e-06       
6.97361564727e-06         -7.74759396022e-06       
8.77926195042e-06         -6.24032218685e-06       
1.10524359662e-05         -3.851572521e-06         
1.39141925001e-05         -6.59401863773e-08       
1.75169305229e-05         1.27086025708e-07        
2.20525089719e-05         7.56583398009e-08        
2.77624639386e-05         3.82374952696e-08        
3.49508713463e-05         2.97521121013e-08        
4.40005401022e-05         1.77423248611e-08        
5.53933980674e-05         2.9008104377e-08         
6.97361564727e-05         5.8632063555e-08         
8.77926195042e-05         1.04562087413e-07        
0.000110524359662         1.73167114206e-07        
0.000139141925001         2.78668447659e-07        
0.000175169305229         4.43935442623e-07        
0.000220525089719         7.03869033596e-07        
0.000277624639386         1.11579824009e-06        
0.000349508713463         1.76920247051e-06        
0.000440005401022         2.80567372427e-06        
0.000553933980674         4.4503770495e-06         
0.000697361564727         7.04256724504e-06        
0.000877926195042         1.11583784241e-05        
0.00110524359662          1.75724998375e-05        
0.00139141925001          1.06067992559e-05        
0.00175169305229          6.60866951475e-06        
0.00220525089719          1.04329644408e-06        
0.00277624639386          1.05171692431e-05        
0.00349508713463          -2.66803469955e-05       
0.00440005401022          -0.00483847782576        
0.00553933980674          -0.00601239710755        
0.00697361564727          -0.00749150125419        
0.00877926195042          -0.00924309292974        
0.0110524359662           -0.0112972160043         
0.0139141923768           -0.0135792097841         
0.0175168391765           -0.0159267935848         
0.0220401414391           -0.0180148004116         
0.0273590028352           -0.0191416755541         
0.0318207762191           -0.0189647777166         
0.0350606896374           -0.0181526806407         
0.0377360661813           -0.0170600058904         
0.0401264969965           -0.0157617978997         
0.0423568981386           -0.0142690519256         
0.0444935006656           -0.0125717287787         
0.0465760663764           -0.0106650585918         
0.0486307376602           -0.00855819156081        
0.050675952334            -0.00619377620239        
0.052725474747            -0.00357597771107        
0.0547900815333           -0.000679948453428       
0.0568785611645           0.00250349927024         
0.0589983378312           0.0060008867087          
0.0611558774759           0.00977559305295         
0.0633569613075           0.013847482994           
0.0656068753737           0.0181670033328          
0.0679105450662           0.0227102936171          
0.0702726323805           0.0274511820039          
0.0726976072987           0.032365207933           
0.0751898007559           0.0374710106829          
0.0777534442345           0.0428475900253          
0.0803926994827           0.0485762465548          
0.0831116808526           0.0547991560727          
0.0859144720953           0.0616087048901          
0.0888051390125           0.0691403181338          
0.0917877390709           0.0775252104851          
0.0948663288951           0.0868718781936          
0.0980449704231           0.0972490648328          
0.10132773643             0.108526455987           
0.104718716068            0.12046623813            
0.108222021049            0.13276136079            
0.111841793049            0.145114244668           
0.115582212947            0.157417047911           
0.119447512441            0.169843675362           
0.123441988638            0.182941617504           
0.127570022176            0.197368932752           
0.131836099438            0.213679685395           
0.136244839449            0.23202863714            
0.140801026052            0.252402137397           
0.145509646               0.274452200006           
0.150375933665            0.296940080034           
0.155405423182            0.318810383863           
0.160604008953            0.340257344301           
0.165978015684            0.362936666863           
0.171534279374            0.388355476103           
0.177280241066            0.417210594658           
0.183224055681            0.449313371799           
0.189374718891            0.483134084731           
0.195742215909            0.517144006552           
0.202337697199            0.551461078955           
0.209173687681            0.587290781316           
0.216264338102            0.626860996782           
0.223625730025            0.671167805175           
0.231276249829            0.718767808296           
0.239237052441            0.768125067079           
0.247532643188            0.818963808992           
0.256191617041            0.873618621216           
0.265247610418            0.93385219595            
0.274740544402            0.999630319819           
0.284718273994            1.06910605329            
0.29523881361             1.1431090377             
0.306373397197            1.22450167281            
0.318210775287            1.31409424054            
0.330863393393            1.41139770295            
0.34447651748             1.51864023701            
0.359242133978            1.63874883331            
0.375420890359            1.77366407905            
0.393378196331            1.92746456169            
0.413646594764            2.10636009116            
0.437039898835            2.3187534364             
0.464876650691            2.57948634578            
0.499452578547            2.91382830169            
0.545119909295            3.37088421398            
0.610836618226            4.05309720375            
0.714855558222            5.16983363425            
0.880243915275            6.97071862067            
1.10639975268             9.3450113837             
1.3928419696              12.0582411869            
1.7534840309              14.9725961996            
2.20750560561             17.9968677707            
2.77908490358             21.0897384025            
3.49866060665             24.2526256422            
4.40455274495             27.519192954             
5.54500337821             30.9443988657            
6.98074566131             34.5958828195            
