# Matter power spectrum P(k) at redshift z=2.5
# for k=1.03163e-05 to 10.3308 h/Mpc,
# number of wavenumbers equal to 122
#    1:k (h/Mpc)              2:P (Mpc/h)^3        
       1.031625923138e-05       4.296575981408e+00 
       1.298740090104e-05       5.385079732309e+00 
       1.635016902748e-05       6.749344014242e+00 
       2.058364327582e-05       8.459226505322e+00 
       2.591327158724e-05       1.060227883608e+01 
       3.262287610390e-05       1.328822460169e+01 
       4.106976773301e-05       1.665456739681e+01 
       5.170377425557e-05       2.087361423032e+01 
       6.509119529601e-05       2.616125746690e+01 
       8.194495984220e-05       3.278795241375e+01 
       1.031625923138e-04       4.109241044791e+01 
       1.298740090104e-04       5.149863473653e+01 
       1.635016902748e-04       6.453702224656e+01 
       2.058364327582e-04       8.087032354392e+01 
       2.591327158724e-04       1.013252337487e+02 
       3.262287610390e-04       1.269301800999e+02 
       4.106976773301e-04       1.589593075218e+02 
       5.170377425557e-04       1.989815247860e+02 
       6.509119529601e-04       2.489115990475e+02 
       8.194495984220e-04       3.110578949993e+02 
       1.031625923138e-03       3.881592271098e+02 
       1.298740090104e-03       4.834003775993e+02 
       1.635016902748e-03       6.003583511345e+02 
       2.058364327582e-03       7.429517871080e+02 
       2.591327158724e-03       9.150772309620e+02 
       3.262287610390e-03       1.120126771172e+03 
       4.106976773301e-03       1.360199634023e+03 
       5.170377425557e-03       1.634880837787e+03 
       6.509119529601e-03       1.939530057208e+03 
       8.194495984220e-03       2.263091783876e+03 
       1.031625923138e-02       2.585191966098e+03 
       1.298740090104e-02       2.874035222706e+03 
       1.635016902481e-02       3.085941942763e+03 
       2.058363789658e-02       3.171975823605e+03 
       2.591162385826e-02       3.098115965049e+03 
       3.251456462593e-02       2.882043787826e+03 
       3.931590615055e-02       2.645543111001e+03 
       4.426571738604e-02       2.498396107823e+03 
       4.810494227308e-02       2.399659179854e+03 
       5.142227507852e-02       2.321624408394e+03 
       5.445948068017e-02       2.252908012917e+03 
       5.733481499864e-02       2.187872988428e+03 
       6.011530797048e-02       2.123409147611e+03 
       6.284319095029e-02       2.057785169541e+03 
       6.554727121306e-02       1.990189996240e+03 
       6.824847471748e-02       1.920494889862e+03 
       7.096281185058e-02       1.849086548310e+03 
       7.370308318293e-02       1.776767570020e+03 
       7.647991833594e-02       1.704616908624e+03 
       7.930243866278e-02       1.633867816737e+03 
       8.217869631729e-02       1.565770104393e+03 
       8.511597443180e-02       1.501437505729e+03 
       8.812099772145e-02       1.441725533193e+03 
       9.120008340299e-02       1.387110663078e+03 
       9.435925118473e-02       1.337614701267e+03 
       9.760430446912e-02       1.292768092812e+03 
       1.009408908546e-01       1.251632738487e+03 
       1.043745474702e-01       1.212890278560e+03 
       1.079107350368e-01       1.175006497296e+03 
       1.115548634724e-01       1.136447296862e+03 
       1.153123111542e-01       1.095974595402e+03 
       1.191884394706e-01       1.052898112121e+03 
       1.231886039899e-01       1.007274773877e+03 
       1.273181633556e-01       9.599360513741e+02 
       1.315824868902e-01       9.123386801388e+02 
       1.359869617951e-01       8.662363295275e+02 
       1.405370007840e-01       8.232758182079e+02 
       1.452380509498e-01       7.845591155396e+02 
       1.500956046443e-01       7.503016431569e+02 
       1.551152131368e-01       7.198031101570e+02 
       1.603025038063e-01       6.915452469565e+02 
       1.656632016188e-01       6.638083611734e+02 
       1.712031556368e-01       6.350611185346e+02 
       1.769283713196e-01       6.044955777560e+02 
       1.828450493861e-01       5.725889356292e+02 
       1.889596320577e-01       5.408535794371e+02 
       1.952788575610e-01       5.110038330923e+02 
       2.018098238776e-01       4.841134551206e+02 
       2.085600628899e-01       4.603066928444e+02 
       2.155376262942e-01       4.387449611093e+02 
       2.227511849730e-01       4.179962386981e+02 
       2.302101439431e-01       3.968472103398e+02 
       2.379247755741e-01       3.750801599442e+02 
       2.459063745312e-01       3.534313019459e+02 
       2.541674389084e-01       3.330305200821e+02 
       2.627218833474e-01       3.146263565502e+02 
       2.715852917143e-01       2.979220939502e+02 
       2.807752192696e-01       2.819798391863e+02 
       2.903115574651e-01       2.660834501817e+02 
       3.002169788571e-01       2.502276684493e+02 
       3.105174856465e-01       2.350699076827e+02 
       3.212430937855e-01       2.210641943975e+02 
       3.324286965790e-01       2.080558705386e+02 
       3.441151690384e-01       1.954784711009e+02 
       3.563507997416e-01       1.831161973299e+02 
       3.691931752043e-01       1.712310718783e+02 
       3.827117003783e-01       1.600648870185e+02 
       3.969910308037e-01       1.494399612419e+02 
       4.121358398506e-01       1.391269940631e+02 
       4.282775893903e-01       1.291419193145e+02 
       4.455843909712e-01       1.196032514734e+02 
       4.642757867725e-01       1.103962622728e+02 
       4.846456498662e-01       1.014073826118e+02 
       5.070990528949e-01       9.268396989821e+01 
       5.322143543968e-01       8.412481261769e+01 
       5.608534341732e-01       7.566092305225e+01 
       5.943700156543e-01       6.720819908203e+01 
       6.350329567896e-01       5.863704775662e+01 
       6.869573550223e-01       4.977241040734e+01 
       7.582925281482e-01       4.039573028744e+01 
       8.661323149909e-01       3.036538609126e+01 
       1.040994290416e+00       2.029882760506e+01 
       1.300881081722e+00       1.231817277323e+01 
       1.637321482821e+00       7.270113738029e+00 
       2.061262277309e+00       4.242387224150e+00 
       2.594975456458e+00       2.451743047935e+00 
       3.266880545116e+00       1.404592505175e+00 
       4.112758935542e+00       7.983669881242e-01 
       5.177656736538e+00       4.505588505103e-01 
       6.518283639175e+00       2.526283662258e-01 
       8.206032914639e+00       1.408128852906e-01 
       1.033078336626e+01       7.806471896612e-02 
