# Matter power spectrum P(k) at redshift z=2
# for k=9.07149e-06 to 11.4324 h/Mpc,
# number of wavenumbers equal to 123
#    1:k (h/Mpc)              2:P (Mpc/h)^3        
       9.071486039899e-06       2.372165300690e+01 
       1.142032429837e-05       2.939233956496e+01 
       1.437733647014e-05       3.641857132414e+01 
       1.809999423618e-05       4.512434288881e+01 
       2.278654269725e-05       5.591105708900e+01 
       2.868655764850e-05       6.927598071009e+01 
       3.611423640060e-05       8.583505163511e+01 
       4.546512993225e-05       1.063511067211e+02 
       5.723720742224e-05       1.317686079739e+02 
       7.205737492399e-05       1.632563855581e+02 
       9.071486039899e-05       2.022599390227e+02 
       1.142032429837e-04       2.505649167453e+02 
       1.437733647014e-04       3.103733381200e+02 
       1.809999423618e-04       3.843932301813e+02 
       2.278654269725e-04       4.759406659784e+02 
       2.868655764850e-04       5.890494036454e+02 
       3.611423640060e-04       7.285766199066e+02 
       4.546512993226e-04       9.002826571448e+02 
       5.723720742224e-04       1.110849876932e+03 
       7.205737492399e-04       1.367797203798e+03 
       9.071486039899e-04       1.679252144592e+03 
       1.142032429837e-03       2.053543127102e+03 
       1.437733647014e-03       2.498475693593e+03 
       1.809999423618e-03       3.019953875858e+03 
       2.278654269725e-03       3.619832809479e+03 
       2.868655764850e-03       4.293417938836e+03 
       3.611423640060e-03       5.026410492193e+03 
       4.546512993226e-03       5.791574637749e+03 
       5.723720742224e-03       6.545885657556e+03 
       7.205737492399e-03       7.228949155996e+03 
       9.071486039899e-03       7.762313112497e+03 
       1.142032429837e-02       8.054608487507e+03 
       1.437733647013e-02       8.011131376893e+03 
       1.809999413683e-02       7.560475380094e+03 
       2.278645952583e-02       6.704031789363e+03 
       2.867411917654e-02       5.579939419949e+03 
       3.567061815712e-02       4.510810169854e+03 
       4.169544168105e-02       3.877999524140e+03 
       4.604412800048e-02       3.546642116636e+03 
       4.960989534507e-02       3.323204790760e+03 
       5.278405930851e-02       3.144067537241e+03 
       5.573935228687e-02       2.984402211113e+03 
       5.856648717958e-02       2.832889147020e+03 
       6.131955293823e-02       2.684242217408e+03 
       6.403392979247e-02       2.536578024282e+03 
       6.673446974084e-02       2.389949833710e+03 
       6.943966344732e-02       2.245721896718e+03 
       7.216394687217e-02       2.105945013153e+03 
       7.491906391884e-02       1.972922141466e+03 
       7.771491440466e-02       1.848850674304e+03 
       8.056010458177e-02       1.735527048600e+03 
       8.346231723306e-02       1.634086685533e+03 
       8.642856775395e-02       1.544888671481e+03 
       8.946538559939e-02       1.467386861519e+03 
       9.257894534473e-02       1.400186648102e+03 
       9.577516279317e-02       1.341156877628e+03 
       9.905976624802e-02       1.287608375842e+03 
       1.024383497704e-01       1.236598555273e+03 
       1.059164131460e-01       1.185429164554e+03 
       1.094993919257e-01       1.131894883450e+03 
       1.131926800114e-01       1.074837748532e+03 
       1.170016466648e-01       1.014343998890e+03 
       1.209316494217e-01       9.517521253284e+02 
       1.249880441323e-01       8.893468712115e+02 
       1.291761931730e-01       8.297859868912e+02 
       1.335014727672e-01       7.754574745391e+02 
       1.379692802750e-01       7.278446581881e+02 
       1.425850422722e-01       6.871731863177e+02 
       1.473542242077e-01       6.523664695995e+02 
       1.522823424130e-01       6.213678114067e+02 
       1.573749792220e-01       5.917028658353e+02 
       1.626378019574e-01       5.612890787839e+02 
       1.680765865299e-01       5.290899100544e+02 
       1.736972464013e-01       4.954338488010e+02 
       1.795058676756e-01       4.619951248929e+02 
       1.855087511057e-01       4.306294425505e+02 
       1.917124618570e-01       4.027560506949e+02 
       1.981238879484e-01       3.786281765345e+02 
       2.047503084248e-01       3.571838553279e+02 
       2.115994724938e-01       3.369531020740e+02 
       2.186796911309e-01       3.169960349774e+02 
       2.259999430138e-01       2.969692736967e+02 
       2.335699971379e-01       2.771487196038e+02 
       2.414005551142e-01       2.584568832463e+02 
       2.495034170167e-01       2.415810118606e+02 
       2.578916757812e-01       2.263518761530e+02 
       2.665799466749e-01       2.122118208267e+02 
       2.755846403592e-01       1.985508139398e+02 
       2.849242907737e-01       1.851836575038e+02 
       2.946199527205e-01       1.725067983505e+02 
       3.046956890485e-01       1.607310014472e+02 
       3.151791743014e-01       1.498848169448e+02 
       3.261024515213e-01       1.396697398334e+02 
       3.375028929658e-01       1.298585680789e+02 
       3.494244359904e-01       1.205257077233e+02 
       3.619191957505e-01       1.118016365417e+02 
       3.750496024060e-01       1.036025897430e+02 
       3.888912817398e-01       9.580991014520e+01 
       4.035370110447e-01       8.840476462839e+01 
       4.191022661044e-01       8.140074138449e+01 
       4.357331839111e-01       7.475116593280e+01 
       4.536183019195e-01       6.841196444178e+01 
       4.730064015556e-01       6.235006502326e+01 
       4.942346042317e-01       5.654907323279e+01 
       5.177744678540e-01       5.095534118536e+01 
       5.443113568542e-01       4.553327582014e+01 
       5.748891078357e-01       4.023371859511e+01 
       6.111919408281e-01       3.499076718694e+01 
       6.561374425500e-01       2.973234679697e+01 
       7.152251227662e-01       2.435806483920e+01 
       7.997265463499e-01       1.876649118980e+01 
       9.327945269797e-01       1.304453601086e+01 
       1.145543818711e+00       7.969701185165e+00 
       1.439300560434e+00       4.569298640827e+00 
       1.811913420062e+00       2.585066004771e+00 
       2.281063609557e+00       1.451085857935e+00 
       2.871688943851e+00       8.088236540999e-01 
       3.615242186182e+00       4.479639056902e-01 
       4.551320257975e+00       2.466602112929e-01 
       5.729772729978e+00       1.350941163947e-01 
       7.213356493574e+00       7.362734850962e-02 
       9.081077794091e+00       3.994757608362e-02 
       1.143239960146e+01       2.158395757461e-02 
