# Matter power spectrum P(k) at redshift z=1.5
# for k=7.28719e-06 to 11.5626 h/Mpc,
# number of wavenumbers equal to 124
#    1:k (h/Mpc)              2:P (Mpc/h)^3        
       7.287189692323e-06       5.370961292717e+01 
       9.174028284230e-06       6.712135987966e+01 
       1.154941733554e-05       8.388203559761e+01 
       1.453985497512e-05       1.048276944982e+02 
       1.830459291198e-05       1.310030525391e+02 
       2.304411716944e-05       1.637133894593e+02 
       2.901082469697e-05       2.045890337686e+02 
       3.652246442813e-05       2.556665544645e+02 
       4.597905856992e-05       3.194880534931e+02 
       5.788420524404e-05       3.992254250223e+02 
       7.287189692323e-05       4.988325086585e+02 
       9.174028284230e-05       6.232303412213e+02 
       1.154941733554e-04       7.785295404159e+02 
       1.453985497512e-04       9.722899372596e+02 
       1.830459291198e-04       1.213810849171e+03 
       2.304411716944e-04       1.514430787434e+03 
       2.901082469697e-04       1.887790954508e+03 
       3.652246442813e-04       2.349982226391e+03 
       4.597905856992e-04       2.919461609289e+03 
       5.788420524404e-04       3.616619153600e+03 
       7.287189692323e-04       4.462905836437e+03 
       9.174028284230e-04       5.479338034386e+03 
       1.154941733554e-03       6.683697627247e+03 
       1.453985497512e-03       8.085605906415e+03 
       1.830459291198e-03       9.680117575868e+03 
       2.304411716944e-03       1.144052218907e+04 
       2.901082469697e-03       1.331049824236e+04 
       3.652246442813e-03       1.519660323899e+04 
       4.597905856992e-03       1.696489506488e+04 
       5.788420524404e-03       1.843869395026e+04 
       7.287189692323e-03       1.940835594378e+04 
       9.174028284230e-03       1.964456643149e+04 
       1.154941733553e-02       1.893200082517e+04 
       1.453985493379e-02       1.714768955634e+04 
       1.830455202993e-02       1.439929335571e+04 
       2.303711328867e-02       1.118217114664e+04 
       2.872929082534e-02       8.412531730582e+03 
       3.381193800225e-02       6.945631102301e+03 
       3.745898987831e-02       6.293086498821e+03 
       4.041997610199e-02       5.900623454621e+03 
       4.304204119084e-02       5.599709378573e+03 
       4.547598403499e-02       5.328500660068e+03 
       4.779996348212e-02       5.060020176351e+03 
       5.006014753844e-02       4.782882614691e+03 
       5.228652395357e-02       4.494484315482e+03 
       5.450004054235e-02       4.197467845101e+03 
       5.671621225005e-02       3.897933998569e+03 
       5.894710517408e-02       3.603490549448e+03 
       6.120250272455e-02       3.322640383059e+03 
       6.349062836842e-02       3.062735225898e+03 
       6.581861328510e-02       2.829872550754e+03 
       6.819280988809e-02       2.628099034766e+03 
       7.061900826678e-02       2.458808732683e+03 
       7.310258926038e-02       2.320885198521e+03 
       7.564863485935e-02       2.210947391483e+03 
       7.826200907011e-02       2.123305090019e+03 
       8.094741783410e-02       2.050499190996e+03 
       8.370945377860e-02       1.984167650594e+03 
       8.655262979105e-02       1.916139777903e+03 
       8.948140425356e-02       1.839378625021e+03 
       9.250020001467e-02       1.749555690772e+03 
       9.561341867216e-02       1.646053299928e+03 
       9.882545140496e-02       1.532120118563e+03 
       1.021406873695e-01       1.414179285536e+03 
       1.055635205286e-01       1.300125016319e+03 
       1.090983556846e-01       1.197384923207e+03 
       1.127496144298e-01       1.110994142356e+03 
       1.165217416851e-01       1.042475635850e+03 
       1.204192134781e-01       9.897653493404e+02 
       1.244465465933e-01       9.475934115862e+02 
       1.286083107189e-01       9.090963921661e+02 
       1.329091437086e-01       8.677058654639e+02 
       1.373537705705e-01       8.194375014049e+02 
       1.419470267992e-01       7.643271123537e+02 
       1.466938866748e-01       7.064169009234e+02 
       1.515994971724e-01       6.511747098851e+02 
       1.566692181662e-01       6.034409543451e+02 
       1.619086696783e-01       5.647717947903e+02 
       1.673237870200e-01       5.330292110212e+02 
       1.729208848262e-01       5.046007073739e+02 
       1.787067311898e-01       4.762542241322e+02 
       1.846886333940e-01       4.460160965370e+02 
       1.908745371292e-01       4.142383234176e+02 
       1.972731416036e-01       3.836919478748e+02 
       2.038940336447e-01       3.567400214221e+02 
       2.107478448030e-01       3.336307785995e+02 
       2.178464366759e-01       3.131436688791e+02 
       2.252031212764e-01       2.931764206204e+02 
       2.328329254288e-01       2.729615133651e+02 
       2.407529110883e-01       2.533314797061e+02 
       2.489825674823e-01       2.351734388668e+02 
       2.575442965158e-01       2.190118955085e+02 
       2.664640206981e-01       2.040226990677e+02 
       2.757719540142e-01       1.895066524493e+02 
       2.855035924125e-01       1.754530559761e+02 
       2.957010046410e-01       1.624285630075e+02 
       3.064145405289e-01       1.503143605201e+02 
       3.177051299669e-01       1.388663425571e+02 
       3.296474346951e-01       1.279469456565e+02 
       3.423342593833e-01       1.176113496845e+02 
       3.558828701841e-01       1.078774071977e+02 
       3.704442872632e-01       9.862507201391e+01 
       3.862173696285e-01       8.976462647280e+01 
       4.034709205180e-01       8.132890671642e+01 
       4.225798170092e-01       7.321712632772e+01 
       4.440869398667e-01       6.537760854050e+01 
       4.688154546490e-01       5.774019777878e+01 
       4.980862650370e-01       5.020914546513e+01 
       5.341722742973e-01       4.268766464735e+01 
       5.813250330126e-01       3.503886756717e+01 
       6.482054520239e-01       2.711505588651e+01 
       7.527546090259e-01       1.900164943849e+01 
       9.209164804195e-01       1.169279857418e+01 
       1.156319164558e+00       6.706580506844e+00 
       1.455648145991e+00       3.793666615132e+00 
       1.832552103153e+00       2.130889330985e+00 
       2.307046410859e+00       1.189391064628e+00 
       2.904399352818e+00       6.600692812218e-01 
       3.656422151262e+00       3.643906116033e-01 
       4.603162762470e+00       2.001890928469e-01 
       5.795038576299e+00       1.094921395426e-01 
       7.295521326030e+00       5.963841586903e-02 
       9.184517189625e+00       3.235900714550e-02 
       1.156262208508e+01       1.749521310309e-02 
