# Matter power spectrum P(k) at redshift z=2.5
# for k=1.13662e-05 to 11.3802 h/Mpc,
# number of wavenumbers equal to 122
#    1:k (h/Mpc)              2:P (Mpc/h)^3        
       1.136615615965e-05       4.335464388078e+00 
       1.430914282380e-05       5.431569277753e+00 
       1.801414352188e-05       6.804791874202e+00 
       2.267846305140e-05       8.525190632651e+00 
       2.855049343584e-05       1.068053245874e+01 
       3.594294170565e-05       1.338076701196e+01 
       4.524948268787e-05       1.676362767651e+01 
       5.696572362630e-05       2.100164183921e+01 
       7.171559707440e-05       2.631090042956e+01 
       9.028458757895e-05       3.296201613727e+01 
       1.136615615965e-04       4.129380020360e+01 
       1.430914282380e-04       5.173028926994e+01 
       1.801414352188e-04       6.480186905615e+01 
       2.267846305140e-04       8.117132996584e+01 
       2.855049343584e-04       1.016657175640e+02 
       3.594294170565e-04       1.273147198637e+02 
       4.524948268787e-04       1.593959195338e+02 
       5.696572362630e-04       1.994863431565e+02 
       7.171559707440e-04       2.495182021816e+02 
       9.028458757895e-04       3.118346588530e+02 
       1.136615615965e-03       3.892290992984e+02 
       1.430914282380e-03       4.849568119250e+02 
       1.801414352188e-03       6.028240405428e+02 
       2.267846305140e-03       7.470090753080e+02 
       2.855049343584e-03       9.218489006611e+02 
       3.594294170565e-03       1.131389670215e+03 
       4.524948268787e-03       1.378651777481e+03 
       5.696572362630e-03       1.664421854790e+03 
       7.171559707440e-03       1.985437811816e+03 
       9.028458757895e-03       2.331920834305e+03 
       1.136615615965e-02       2.683974467208e+03 
       1.430914282380e-02       3.008344100937e+03 
       1.801414352129e-02       3.256213267110e+03 
       2.267846129677e-02       3.368199245738e+03 
       2.854975183901e-02       3.295468142848e+03 
       3.587941104538e-02       3.043550748366e+03 
       4.390409899195e-02       2.740683012809e+03 
       4.996955506240e-02       2.552035307911e+03 
       5.455169131776e-02       2.437321536633e+03 
       5.845052062945e-02       2.354148264357e+03 
       6.199028677648e-02       2.285546966513e+03 
       6.532442461186e-02       2.223208293579e+03 
       6.853785691920e-02       2.162404455441e+03 
       7.168316806815e-02       2.100275999324e+03 
       7.479575188335e-02       2.035182344112e+03 
       7.790104331621e-02       1.966395549222e+03 
       8.101832797287e-02       1.893943605962e+03 
       8.416290662598e-02       1.818492189772e+03 
       8.734740068899e-02       1.741218161214e+03 
       9.058257837649e-02       1.663671411091e+03 
       9.387789852111e-02       1.587604286509e+03 
       9.724188035891e-02       1.514780622587e+03 
       1.006823618174e-01       1.446784657755e+03 
       1.042066839370e-01       1.384839784070e+03 
       1.078218248965e-01       1.329653823959e+03 
       1.115344987508e-01       1.281307083444e+03 
       1.153512288922e-01       1.239194549114e+03 
       1.192784030513e-01       1.202040072556e+03 
       1.233223146072e-01       1.167985179687e+03 
       1.274891936431e-01       1.134831383441e+03 
       1.317852303004e-01       1.100341667441e+03 
       1.362165923996e-01       1.062661744158e+03 
       1.407894389055e-01       1.020706593280e+03 
       1.455099305561e-01       9.744697827309e+02 
       1.503842388024e-01       9.251040655220e+02 
       1.554185541005e-01       8.747461529321e+02 
       1.606190945259e-01       8.260256821736e+02 
       1.659921156361e-01       7.814661926173e+02 
       1.715439224827e-01       7.427317940085e+02 
       1.772808846552e-01       7.102557161360e+02 
       1.832094552277e-01       6.831405019731e+02 
       1.893361944705e-01       6.590377874508e+02 
       1.956677991904e-01       6.349776662462e+02 
       2.022111385633e-01       6.084974057084e+02 
       2.089732973471e-01       5.785746629991e+02 
       2.159616274006e-01       5.459592368078e+02 
       2.231838085032e-01       5.128631265108e+02 
       2.306479195858e-01       4.820688566525e+02 
       2.383625216516e-01       4.556371617722e+02 
       2.463367539113e-01       4.338257683765e+02 
       2.545804449982e-01       4.151271737009e+02 
       2.631042415964e-01       3.970200762757e+02 
       2.719197574414e-01       3.772937377806e+02 
       2.810397464823e-01       3.555232318843e+02 
       2.904783050995e-01       3.332680178539e+02 
       3.002511097228e-01       3.127691259558e+02 
       3.103756981309e-01       2.953761453997e+02 
       3.208718052869e-01       2.805012208349e+02 
       3.317617680386e-01       2.662547163656e+02 
       3.430710177372e-01       2.511313147397e+02 
       3.548286863362e-01       2.352590612704e+02 
       3.670683606301e-01       2.201643953068e+02 
       3.798290321811e-01       2.069428592264e+02 
       3.931563090653e-01       1.951459219232e+02 
       4.071039828089e-01       1.834221242050e+02 
       4.217360846050e-01       1.713159966699e+02 
       4.371296270323e-01       1.596530211755e+02 
       4.533783244998e-01       1.491486493645e+02 
       4.705977409519e-01       1.392759822316e+02 
       4.889325691093e-01       1.292849977142e+02 
       5.085671800450e-01       1.195640282789e+02 
       5.297413466668e-01       1.105464252288e+02 
       5.527744453599e-01       1.016957785554e+02 
       5.781041239471e-01       9.293716689838e+01 
       6.063508379537e-01       8.453593463132e+01 
       6.384312331373e-01       7.614375809107e+01 
       6.757697724694e-01       6.783023892267e+01 
       7.207226576704e-01       5.939551833509e+01 
       7.774965888260e-01       5.072727724232e+01 
       8.542885155260e-01       4.159396114406e+01 
       9.682306618938e-01       3.181830789713e+01 
       1.152030886585e+00       2.177745522615e+01 
       1.433424657172e+00       1.337267979877e+01 
       1.803656074431e+00       7.914113820308e+00 
       2.270657873804e+00       4.627175334830e+00 
       2.858588876967e+00       2.678754469644e+00 
       3.598750179080e+00       1.537017704893e+00 
       4.530558051143e+00       8.748465680620e-01 
       5.703634660193e+00       4.943298771486e-01 
       7.180450613307e+00       2.774786845665e-01 
       9.039651745225e+00       1.548138138427e-01 
       1.138024729583e+01       8.589978789745e-02 
