# Matter power spectrum P(k) at redshift z=2.5
# for k=1.0626e-05 to 10.6377 h/Mpc,
# number of wavenumbers equal to 122
#    1:k (h/Mpc)              2:P (Mpc/h)^3        
       1.062597277953e-05       6.865867723221e+00 
       1.337730715719e-05       8.517751884703e+00 
       1.684103192156e-05       1.056706202417e+01 
       2.120160304689e-05       1.310940910606e+01 
       2.669123684650e-05       1.626339904836e+01 
       3.360227633827e-05       2.017615724061e+01 
       4.230275957638e-05       2.503017671221e+01 
       5.325601901973e-05       3.105179594467e+01 
       6.704535567493e-05       3.852168959663e+01 
       8.440510200195e-05       4.778782619657e+01 
       1.062597277953e-04       5.928143242461e+01 
       1.337730715719e-04       7.353658109317e+01 
       1.684103192156e-04       9.121407313079e+01 
       2.120160304689e-04       1.131302484560e+02 
       2.669123684650e-04       1.402911699007e+02 
       3.360227633827e-04       1.739320910607e+02 
       4.230275957638e-04       2.155610078255e+02 
       5.325601901973e-04       2.670031115572e+02 
       6.704535567493e-04       3.304399965096e+02 
       8.440510200195e-04       4.084341545572e+02 
       1.062597277953e-03       5.039273517508e+02 
       1.337730715719e-03       6.202007025496e+02 
       1.684103192156e-03       7.607470246350e+02 
       2.120160304689e-03       9.290855139704e+02 
       2.669123684650e-03       1.128236473360e+03 
       3.360227633827e-03       1.360022159782e+03 
       4.230275957638e-03       1.624088139759e+03 
       5.325601901973e-03       1.916508677532e+03 
       6.704535567493e-03       2.228029277293e+03 
       8.440510200195e-03       2.542094336194e+03 
       1.062597277953e-02       2.832432141698e+03 
       1.337730715719e-02       3.062031722811e+03 
       1.684103192136e-02       3.184205735202e+03 
       2.120160227428e-02       3.151463713666e+03 
       2.669083933223e-02       2.938398681845e+03 
       3.356228691394e-02       2.579232360195e+03 
       4.131277947982e-02       2.213916678674e+03 
       4.736258284366e-02       2.000967714917e+03 
       5.186303990314e-02       1.879693768836e+03 
       5.565407510583e-02       1.794363918193e+03 
       5.907740898537e-02       1.724797143342e+03 
       6.229149292823e-02       1.661958093235e+03 
       6.538273191274e-02       1.601135574540e+03 
       6.840405609397e-02       1.539774842773e+03 
       7.139080096877e-02       1.476642044827e+03 
       7.436819300112e-02       1.411418240578e+03 
       7.735525517391e-02       1.344473991251e+03 
       8.036700950404e-02       1.276686829814e+03 
       8.341579752822e-02       1.209280560374e+03 
       8.651211191856e-02       1.143656035650e+03 
       8.966514171043e-02       1.081227482988e+03 
       9.288314182558e-02       1.023248638683e+03 
       9.617369047577e-02       9.706819405745e+02 
       9.954387254632e-02       9.240674549959e+02 
       1.030004126338e-01       8.834546967950e+02 
       1.065497729272e-01       8.483694599864e+02 
       1.101982259656e-01       8.178336246991e+02 
       1.139519090829e-01       7.904379774982e+02 
       1.178168652918e-01       7.645050437725e+02 
       1.217990740178e-01       7.383004482916e+02 
       1.259044742092e-01       7.103283346384e+02 
       1.301389817622e-01       6.796328366023e+02 
       1.345085028073e-01       6.460312905945e+02 
       1.390189441461e-01       6.101988899036e+02 
       1.436762219516e-01       5.735347961016e+02 
       1.484862697421e-01       5.378446378125e+02 
       1.534550465620e-01       5.049075371020e+02 
       1.585885462640e-01       4.760243469589e+02 
       1.638928087575e-01       4.516606052411e+02 
       1.693739340701e-01       4.313215942800e+02 
       1.750381000605e-01       4.136455754102e+02 
       1.808915846094e-01       3.968831644506e+02 
       1.869407931142e-01       3.793197982531e+02 
       1.931922921186e-01       3.598097634515e+02 
       1.996528499227e-01       3.384724279639e+02 
       2.063294850563e-01       3.165749471015e+02 
       2.132295235605e-01       2.958153052307e+02 
       2.203606661288e-01       2.774904025843e+02 
       2.277310663101e-01       2.620235839154e+02 
       2.353494212079e-01       2.489092064548e+02 
       2.432250764207e-01       2.368389359422e+02 
       2.513681474071e-01       2.244518634264e+02 
       2.597896600346e-01       2.111916272175e+02 
       2.685017138487e-01       1.974926566000e+02 
       2.775176726215e-01       1.844162190169e+02 
       2.868523880906e-01       1.728984440826e+02 
       2.965224645948e-01       1.629651953878e+02 
       3.065465747065e-01       1.538606288593e+02 
       3.169458391791e-01       1.447716552966e+02 
       3.277442889044e-01       1.354302579735e+02 
       3.389694325965e-01       1.263298658367e+02 
       3.506529623151e-01       1.180280864540e+02 
       3.628316408276e-01       1.106001776782e+02 
       3.755484319030e-01       1.035766627727e+02 
       3.888539596483e-01       9.660572462154e+01 
       4.028084203026e-01       8.981436575735e+01 
       4.174841267019e-01       8.349908974940e+01 
       4.329689540564e-01       7.763216083093e+01 
       4.493710968620e-01       7.198882156391e+01 
       4.668257784778e-01       6.649061140807e+01 
       4.855049471660e-01       6.127691648884e+01 
       5.056316799481e-01       5.633516937266e+01 
       5.275022690482e-01       5.152343418446e+01 
       5.515213547424e-01       4.688555418590e+01 
       5.782602585940e-01       4.239682256930e+01 
       6.085588440171e-01       3.798989168614e+01 
       6.437142752053e-01       3.365055947958e+01 
       6.858560018137e-01       2.930568198842e+01 
       7.387512834138e-01       2.488930281933e+01 
       8.096692802971e-01       2.030300332250e+01 
       9.137365751704e-01       1.546779682093e+01 
       1.080682858408e+00       1.054106007799e+01 
       1.340267396498e+00       6.385025075293e+00 
       1.685983159721e+00       3.702508957874e+00 
       2.122509033371e+00       2.122040421867e+00 
       2.672080513168e+00       1.205436769749e+00 
       3.363950060372e+00       6.792783740985e-01 
       4.234962215008e+00       3.800082118257e-01 
       5.331501550462e+00       2.111859024803e-01 
       6.711962784897e+00       1.166597296269e-01 
       8.449860512923e+00       6.408898797367e-02 
       1.063774412584e+01       3.503112043631e-02 
