k                         pk_lin                   
1.19484780168e-07         0.896247387295           
1.50422426076e-07         1.12268495473            
1.8937061469e-07          1.4063321416             
2.38403479081e-07         1.76164300071            
3.00132198075e-07         2.20672341202            
3.77844051054e-07         2.7642537195             
4.75677477567e-07         3.46264447287            
5.98842464327e-07         4.33748416831            
7.53897996003e-07         5.43335276195            
9.49101345069e-07         6.80609336892            
1.19484780168e-06         8.52565790886            
1.50422426076e-06         10.6796717058            
1.8937061469e-06          13.3778986868            
2.38403479081e-06         16.7578347167            
3.00132198075e-06         20.9917140926            
3.77844051054e-06         26.2952862344            
4.75677477567e-06         32.9388098132            
5.98842464327e-06         41.2608245539            
7.53897996003e-06         51.685402494             
9.49101345069e-06         64.7437577858            
1.19484780168e-05         81.1013390298            
1.50422426076e-05         101.590822519            
1.8937061469e-05          127.256177145            
2.38403479081e-05         159.404283666            
3.00132198075e-05         199.671419146            
3.77844051054e-05         250.105696915            
4.75677477567e-05         313.26959286             
5.98842464327e-05         392.366835973            
7.53897996003e-05         491.398420636            
9.49101345069e-05         615.352265518            
0.000119484780168         770.429514075            
0.000150422426076         964.306511124            
0.00018937061469          1206.42262458            
0.000238403479081         1508.26769915            
0.000300132198075         1883.6167743             
0.000377844051054         2348.62716271            
0.000475677477567         2921.69081726            
0.000598842464327         3622.94657512            
0.000753897996003         4473.35402217            
0.000949101345069         5492.94544854            
0.00119484780168          6697.42358381            
0.00150422426076          8092.90520378            
0.0018937061469           9669.47448613            
0.00238403479081          11393.5645323            
0.00300132198075          13198.9061457            
0.00377844051054          14978.394013             
0.00475677477567          16578.0196367            
0.00598842464327          17791.9958768            
0.00753897996003          18371.1280003            
0.00949101345069          18044.9975457            
0.0119484779996           16599.1163309            
0.0150422224221           14036.3064662            
0.0189330847593           10798.6387898            
0.0236599788328           7871.59666884            
0.0280396307175           6307.11368743            
0.031173468252            5692.19077133            
0.0336911573403           5382.1763305             
0.03590830462             5177.40545898            
0.0379598749765           5003.35367974            
0.0399148704835           4825.15539838            
0.0418136553179           4625.62782869            
0.0436822580843           4397.86700279            
0.045538757709            4142.126931              
0.0473964819001           3863.81551239            
0.0492657548806           3572.01102038            
0.05115491934             3277.91489886            
0.0530709671559           2993.16821863            
0.0550199461087           2728.76493501            
0.0570072317765           2493.55291355            
0.0590377148009           2293.60525677            
0.0611159330734           2131.84947421            
0.0632461669244           2007.95759578            
0.0654325087637           1918.43821592            
0.0676789146371           1856.99644892            
0.0699892427115           1814.78462468            
0.0723672821399           1781.11499673            
0.0748167747551           1744.52040357            
0.0773414313785           1694.60091998            
0.079944944096            1624.02573822            
0.0826309955569           1530.617815              
0.0854032661625           1418.11893135            
0.0882654398802           1295.39503922            
0.0912212093368           1174.06092744            
0.094274280791            1065.44464861            
0.0974283795517           977.646100565            
0.100687256388            913.97162104             
0.104054695464            872.354434965            
0.10753452432             845.891313041            
0.111130626422            824.736175034            
0.114846956794            798.601443341            
0.118687561241            759.626431611            
0.122656599697            706.77603707             
0.126758374223            646.111708675            
0.130997362241            587.148510584            
0.135378255609            537.733862766            
0.13990600625             501.404918512            
0.144585879159            476.867147131            
0.149423513786            458.165255162            
0.154424995019            437.683783412            
0.159596935319            411.039033315            
0.164946569994            379.215947112            
0.170481868132            347.229077325            
0.176211662502            320.515793186            
0.182145802689            300.600031145            
0.18829533704             284.620472366            
0.194672730805            268.51060419             
0.201292130161            249.926099872            
0.208169685157            230.370678853            
0.215323949053            212.822372778            
0.222776377938            198.496822117            
0.230551963564            185.842124535            
0.238680045495            172.859319079            
0.247195368182            159.560000285            
0.256139477929            147.215996589            
0.265562600054            136.301765149            
0.27552620801             126.125815035            
0.286106612191            115.940395819            
0.297400089639            106.225114391            
0.309530409779            97.3609287674            
0.322660209351            88.7735353475            
0.337008786831            80.4634548241            
0.352881075799            72.5907790318            
0.370717086781            64.9164239736            
0.39118107575             57.4586890638            
0.415333173934            50.1044616384            
0.444985454532            42.7614916849            
0.483501457586            35.2863424633            
0.537688452214            27.5419772367            
0.621733573424            19.557606188             
0.757514330999            12.205516862             
0.950359632972            7.04821198209            
1.1963435869              4.00543852307            
1.50610685689             2.25978264315            
1.89607619461             1.26670311163            
2.3870185041              0.705867570212           
3.00507825323             0.391222665736           
3.78316937742             0.215760089516           
4.76272806636             0.118444626199           
5.9959193922              0.0647499475616          
7.54841528991             0.0352576811628          
