k                         pk_lin                   
1.13258924941e-07         2.06026187649            
1.42584538721e-07         2.57366742875            
1.79503299125e-07         3.21501072723            
2.25981264769e-07         4.01617313128            
2.84493556808e-07         5.01698065385            
3.58156168157e-07         6.26718372399            
4.50891901483e-07         7.82893029497            
5.67639272749e-07         9.77985523689            
7.14615505197e-07         12.2169395883            
8.99647619154e-07         15.2613315114            
1.13258924941e-06         19.0643686021            
1.42584538721e-06         23.8151009252            
1.79503299125e-06         29.7496887474            
2.25981264769e-06         37.1631421317            
2.84493556807e-06         46.4239859728            
3.58156168157e-06         57.9925794748            
4.50891901483e-06         72.4440007393            
5.67639272749e-06         90.4966340632            
7.14615505197e-06         113.047881028            
8.99647619154e-06         141.21877059             
1.13258924941e-05         176.409733568            
1.42584538721e-05         220.368307587            
1.79503299125e-05         275.279373088            
2.25981264769e-05         343.870616236            
2.84493556808e-05         429.54769411             
3.58156168157e-05         536.561783654            
4.50891901483e-05         670.216984897            
5.67639272749e-05         837.12657326             
7.14615505197e-05         1045.52689628            
8.99647619154e-05         1305.65795895            
0.000113258924941         1630.21602788            
0.000142584538721         2034.87591368            
0.000179503299125         2538.86296371            
0.000225981264769         3165.52309349            
0.000284493556808         3942.7898426             
0.000358156168157         4903.38841445            
0.000450891901483         6084.57934452            
0.000567639272749         7527.25698038            
0.000714615505197         9274.14476626            
0.000899647619154         11366.2388849            
0.00113258924941          13835.9699772            
0.00142584538721          16697.1256192            
0.00179503299125          19932.4168632            
0.00225981264769          23478.512747             
0.00284493556808          27210.6437876            
0.00358156168157          30930.2881445            
0.00450891901483          34360.9892738            
0.00567639272749          37151.1850064            
0.00714615505197          38901.8027341            
0.00899647619154          39210.0158669            
0.011325892485            37764.427214             
0.014258441446            34508.3384436            
0.0179475766557           29849.6461535            
0.0224601010248           24830.0339432            
0.0267692662641           21184.2329715            
0.0298543123552           19140.0786213            
0.032310352112            17736.2489134            
0.0344627794729           16611.1769567            
0.0364490347039           15631.7004173            
0.0383385737207           14739.0713952            
0.0401716916169           13905.6783897            
0.0419742137161           13119.8404653            
0.043763991947            12376.5480938            
0.045554135168            11676.0172222            
0.0473547645323           11019.9911053            
0.0491740354196           10410.7767378            
0.0510187659273           9849.46947198            
0.0528948409796           9335.85962827            
0.0548074818401           8867.61681775            
0.0567614313711           8440.33007861            
0.0587610845929           8047.68801547            
0.0608105825795           7682.02669418            
0.0629138810832           7335.1095081             
0.0650748013028           6999.18277794            
0.0672970677612           6667.94236823            
0.0695843367087           6337.52148614            
0.071940217467            6006.95659906            
0.0743682884772           5678.32885234            
0.0768721093739           5356.13797548            
0.0794552301269           5046.0426172             
0.0821211980912           4753.43879421            
0.084873563685            4482.33067154            
0.0877158853292           4233.99004828            
0.0906517342299           4006.36302602            
0.0936846995523           3795.5315346             
0.0968183945125           3596.17663711            
0.100056463902            3403.28315581            
0.103402593552            3213.94239073            
0.106860522228            3027.66501732            
0.110434056472            2846.58183412            
0.114127088862            2673.12567546            
0.11794362021             2510.78703769            
0.121887786213            2361.26717287            
0.125963889094            2222.47283217            
0.130176434843            2092.06600606            
0.134530176713            1967.71116745            
0.139030165771            1847.76546269            
0.143681809441            1732.72559357            
0.148490939208            1624.39852985            
0.153463888952            1522.70699052            
0.158607585788            1426.91956855            
0.163929655809            1337.22153988            
0.169438547843            1252.69112331            
0.175143679274            1172.13020512            
0.181055609199            1096.12769122            
0.187186245879            1024.43474174            
0.19354909766             956.835549711            
0.200159579637            893.319282049            
0.207035392562            833.166226539            
0.214196996499            776.537916138            
0.221668210198            722.81691567             
0.229476979581            672.230132484            
0.237656376913            624.401860028            
0.246245919749            579.187517379            
0.255293341023            536.253396488            
0.264857008275            495.715776937            
0.275009297812            457.154009771            
0.285841409152            420.498690915            
0.297470414163            385.623523036            
0.310049887202            352.281674485            
0.323786490298            320.302243811            
0.338966893919            289.497174328            
0.356003548775            259.64073242             
0.375516880679            230.463685137            
0.398492701758            201.653625139            
0.426606927562            172.821237042            
0.46295072566             143.439289896            
0.513744816897            112.897932852            
0.59199795744             81.1702414013            
0.718727424837            51.3577414361            
0.900941024972            29.8747048508            
1.13410125313             17.057019173             
1.42774816427             9.66006579093            
1.79742844493             5.43197249734            
2.2628283452              3.03484377348            
2.84873210631             1.68560432517            
3.58634124002             0.931184403588           
4.51493612243             0.511885091675           
5.68396781716             0.280112996751           
