k                         pk_lin                   
1.8280411358e-07          0.379039730663           
2.30136743966e-07         0.475066858992           
2.89724995167e-07         0.595421804775           
3.64742158848e-07         0.746267854495           
4.59183172526e-07         0.935329721193           
5.78077364561e-07         1.17228912123            
7.27756284229e-07         1.46928056771            
9.16190879808e-07         1.84151276981            
1.15341598065e-06         2.30804745935            
1.4520646884e-06          2.89277552778            
1.8280411358e-06          3.62564046083            
2.30136743966e-06         4.54417172192            
2.89724995167e-06         5.69540660785            
3.64742158848e-06         7.13829899346            
4.59183172526e-06         8.94673831538            
5.78077364561e-06         11.2133333946            
7.27756284229e-06         14.0541548647            
9.16190879808e-06         17.6146790619            
1.15341598065e-05         22.0772377594            
1.4520646884e-05          27.6703552403            
1.8280411358e-05          34.6804553599            
2.30136743966e-05         43.466349581             
2.89724995167e-05         54.4779318391            
3.64742158848e-05         68.2789049334            
4.59183172526e-05         85.5756304535            
5.78077364561e-05         107.253113568            
7.27756284229e-05         134.419956967            
9.16190879808e-05         168.464413854            
0.000115341598065         211.124052515            
0.00014520646884          264.571936434            
0.00018280411358          331.522426202            
0.000230136743966         415.359565833            
0.000289724995167         520.29009144             
0.000364742158848         651.520905143            
0.000459183172526         815.456910876            
0.000578077364561         1019.90965328            
0.000727756284229         1274.30098548            
0.000916190879808         1589.83697994            
0.00115341598065          1979.58950328            
0.0014520646884           2458.23796082            
0.0018280411358           3041.78679859            
0.00230136743966          3746.13157773            
0.00289724995167          4585.10182655            
0.00364742158848          5567.19080465            
0.00459183172526          6690.56551864            
0.00578077364561          7936.14151192            
0.00727756284229          9258.00867195            
0.00916190879808          10573.0502956            
0.0115341598065           11750.7530288            
0.0145206468815           12611.940387             
0.0182804062571           12957.0916136            
0.0230121389986           12648.6029266            
0.0288730232519           11761.7027227            
0.0348874523164           10798.5328301            
0.0392581990515           10200.483761             
0.0426531462633           9798.47032939            
0.0455889341916           9480.34470177            
0.0482779952032           9199.80014405            
0.0508244229208           8934.24397238            
0.0532872949763           8670.88555557            
0.055703867187            8402.79930205            
0.0580995711933           8126.47426173            
0.0604928916521           7841.77713405            
0.0628979780525           7550.00748047            
0.0653261478976           7254.56014122            
0.0677868026802           6959.98434825            
0.0702880124248           6670.99596               
0.0728369031212           6393.02958994            
0.0754399216792           6130.36521423            
0.078103021865            5886.69949916            
0.0808317975688           5663.82903273            
0.083631579946            5461.86330693            
0.0865075091416           5278.87180277            
0.0894645877339           5111.00445879            
0.0925077207832           4952.78894714            
0.0956417459199           4797.95426526            
0.0988714559659           4640.4205531             
0.102201615949            4475.03659081            
0.105636975962            4298.92998237            
0.10918228103             4112.48990765            
0.112842278976            3919.11973183            
0.116621727152            3724.73065252            
0.120525398818            3536.51685077            
0.12455808991             3361.13158875            
0.128724626915            3203.23442043            
0.13302987653             3063.42550023            
0.137478757792            2939.02430388            
0.142076257348            2823.62813746            
0.146827448525            2710.30117905            
0.151737514869            2592.82334737            
0.156811778816            2467.86633312            
0.162055736189            2337.54537792            
0.167475097246            2207.94917842            
0.17307583504             2086.11311399            
0.178864241998            1976.41522337            
0.184846995714            1879.29734771            
0.19103123518             1791.29440219            
0.197424648964            1706.55293397            
0.204035577209            1620.13223372            
0.210873129841            1531.19319451            
0.217947324075            1442.78150798            
0.225269245152            1359.53171276            
0.232851235495            1284.43997106            
0.24070711898             1216.26203042            
0.248852469167            1151.15293628            
0.257304933157            1086.21490803            
0.26608462661             1021.46454545            
0.275214620838            959.592208413            
0.284721550339            902.432034723            
0.294636379844            849.323788943            
0.304995385323            797.963656335            
0.315841426118            747.474757506            
0.32722561937             698.953643265            
0.33920958009             653.372075505            
0.351868472053            609.982049148            
0.365295246388            567.876732482            
0.379606662903            527.104229049            
0.394952062295            488.152624411            
0.41152651903             450.557054202            
0.429591226694            413.856569423            
0.449506331802            378.225910385            
0.471786253253            343.268090112            
0.497197961255            308.703335393            
0.5269468339              274.17180377             
0.563054600506            239.154606407            
0.609191372799            202.927494475            
0.672631624412            164.599369989            
0.76863461907             123.601851006            
0.924321230111            82.5199349422            
1.15530930534             50.0472606559            
1.45411594929             29.5337864597            
1.83062072325             17.2322911143            
2.30461494391             9.95778958829            
2.90133831729             5.70424925085            
3.65256853585             3.24198038066            
4.5983113481              1.82948791178            
5.78893100746             1.02573808926            
7.28783235241             0.571696868809           
9.17483734535             0.316926525561           
