k                         pk_lin                   
1.4200413542e-07          0.650010097598           
1.7877261466e-07          0.813898228575           
2.25061387529e-07         1.0191077476             
2.83335499974e-07         1.27605708521            
3.5669826098e-07          1.59779148824            
4.49056505091e-07         2.00064532338            
5.65328645591e-07         2.50507136847            
7.11706597949e-07         3.13667919435            
8.959855219e-07           3.92753535572            
1.12797894212e-06         4.91779140124            
1.4200413542e-06          6.15772235657            
1.7877261466e-06          7.71027917349            
2.25061387529e-06         9.65428473237            
2.83335499974e-06         12.088435658             
3.5669826098e-06          15.1363131198            
4.49056505091e-06         18.9526570139            
5.65328645591e-06         23.7312220647            
7.11706597949e-06         29.7146146988            
8.959855219e-06           37.2066101057            
1.12797894212e-05         46.5875748212            
1.4200413542e-05          58.3337888082            
1.7877261466e-05          73.0411902898            
2.25061387529e-05         91.456399583             
2.83335499974e-05         114.513889508            
3.5669826098e-05          143.383363741            
4.49056505091e-05         179.528690598            
5.65328645591e-05         224.781341609            
7.11706597949e-05         281.431615117            
8.959855219e-05           352.341447541            
0.000112797894212         441.082887959            
0.00014200413542          552.106080764            
0.00017877261466          690.939204366            
0.000225061387529         864.419189866            
0.000283335499974         1080.94460837            
0.00035669826098          1350.72926259            
0.000449056505091         1686.01701191            
0.000565328645591         2101.20067136            
0.000711706597949         2612.78053279            
0.0008959855219           3239.08214776            
0.00112797894212          3999.46510789            
0.0014200413542           4912.72148713            
0.0017877261466           5993.97623601            
0.00225061387529          7250.36350254            
0.00283335499974          8675.13239765            
0.0035669826098           10239.6736154            
0.00449056505091          11884.0424838            
0.00565328645591          13507.0071413            
0.00711706597949          14954.5931505            
0.008959855219            16017.9003278            
0.0112797894212           16442.3241837            
0.0142004133299           15982.6777312            
0.0178771240267           14534.981217             
0.0224894531043           12341.0672323            
0.0278407797851           10191.6778604            
0.0322065955695           8983.05436151            
0.0354021421532           8360.81608577            
0.0380607644398           7953.95382049            
0.0404456913415           7635.28073507            
0.042676126735            7350.62640338            
0.044815933222            7072.72122455            
0.0469037371489           6787.23269294            
0.048965077321            6487.73402045            
0.0510180463492           6173.06865497            
0.0530762007708           5846.42138152            
0.0551501878148           5513.44645812            
0.0572487139015           5181.93938636            
0.0593791511314           4860.44342728            
0.0615479330645           4557.30608207            
0.0637608219235           4279.77836041            
0.0660230941315           4033.19869467            
0.0683396721538           3820.31551603            
0.0707152199463           3641.11264076            
0.0731542130715           3492.60792216            
0.0756609907601           3369.03629542            
0.0782397948439           3262.27198174            
0.0808947989825           3162.7122734             
0.0836301306334           3060.45931038            
0.0864498875704           2946.9694818             
0.089358150331            2816.84432526            
0.0923589916866           2669.12286088            
0.0954564840419           2507.77233221            
0.0986547055466           2340.89548796            
0.10195774562             2178.71457556            
0.105369710539            2031.14235274            
0.10889472971             1905.23389705            
0.112536963218            1803.38207774            
0.11630061125             1722.80184627            
0.120189925954            1655.95159466            
0.124209226318            1593.12596287            
0.128362916638            1525.04749597            
0.132655509133            1445.42787602            
0.137091651311            1354.85124427            
0.141676158667            1260.22798093            
0.146414053375            1170.8457552             
0.15131060968             1093.64623046            
0.156371406801            1030.87911956            
0.161602390326            979.896878556            
0.167009943242            933.921144158            
0.172600968099            885.663511538            
0.17838298212             832.082903168            
0.18436422764             775.468455424            
0.19055380091             721.321685708            
0.19696180321             674.578247295            
0.203599519406            635.534581605            
0.210479630681            600.296227891            
0.217616470305            564.751562273            
0.225026334206            527.454260433            
0.232727862089            490.811934673            
0.240742510412            457.7498936              
0.249095146337            428.682049756            
0.257814803043            401.378652057            
0.266935653209            374.022105994            
0.276498281877            347.240877281            
0.286551377044            322.453441959            
0.297154013851            299.613474776            
0.308378799908            277.70714728             
0.320316299072            256.281759747            
0.333081403612            236.001138004            
0.346822765358            216.90168133             
0.361737195627            198.308122681            
0.378092457916            180.407598586            
0.396264892921            163.148841838            
0.416804670805            146.230439995            
0.440555739878            129.633651809            
0.468891896126            113.065989915            
0.50421877929             96.3037335491            
0.551126248278            78.9800423064            
0.619102655695            60.763780981             
0.727270810524            42.0542975625            
0.898024925659            25.7582244038            
1.12914872161             14.9817296435            
1.42149071549             8.61000095701            
1.78955070985             4.90735047866            
2.25291086429             2.77621316386            
2.83624673756             1.55996714733            
3.57062309203             0.871157693373           
4.4951481465              0.483749477254           
5.65905623141             0.267247008962           
7.12432969649             0.146939300932           
8.96899969691             0.0804360629675          
