k                         pk_lin                   
1.51221634169e-07         1.94625591947            
1.90376758069e-07         2.4325957658             
2.39670138548e-07         3.04046456613            
3.01726827866e-07         3.80023056354            
3.79851571021e-07         4.7498505646             
4.78204795468e-07         5.93676620635            
6.02024169057e-07         7.4202740717             
7.5790352494e-07          9.27448806055            
9.54144007235e-07         11.5920420128            
1.20119613722e-06         14.4887175603            
1.51221634169e-06         18.1092284095            
1.90376758069e-06         22.634450028             
2.39670138548e-06         28.2904559202            
3.01726827866e-06         35.3598119321            
3.79851571021e-06         44.19569283              
4.78204795468e-06         55.2395264001            
6.02024169057e-06         69.0430465395            
7.5790352494e-06          86.2958570812            
9.54144007235e-06         107.859883401            
1.20119613722e-05         134.812432957            
1.51221634169e-05         168.500052883            
1.90376758069e-05         210.604328786            
2.39670138548e-05         263.228535192            
3.01726827866e-05         329.000135138            
3.79851571021e-05         411.201907447            
4.78204795468e-05         513.934542074            
6.02024169057e-05         642.318435484            
7.5790352494e-05          802.743912907            
9.54144007235e-05         1003.17906395            
0.000120119613722         1253.54586746            
0.000151221634169         1566.1731144             
0.000190376758069         1956.33050734            
0.000239670138548         2442.83771911            
0.000301726827866         3048.72368357            
0.000379851571021         3801.88466723            
0.000478204795468         4735.66067674            
0.000602024169057         5889.22034704            
0.00075790352494          7307.56131901            
0.000954144007235         9040.64811008            
0.00120119613722          11140.8140579            
0.00151221634169          13657.7335499            
0.00190376758069          16630.9089429            
0.00239670138548          20077.342178             
0.00301726827866          23975.5380337            
0.00379851571021          28244.0827376            
0.00478204795468          32714.8167839            
0.00602024169057          37117.9899869            
0.0075790352494           41036.0260905            
0.00954144007235          43922.4109527            
0.0120119613716           45131.5832379            
0.0151221617861           44079.2488203            
0.0190370441825           40592.0941333            
0.023916640962            35388.7159898            
0.029179248226            30607.1401363            
0.0331085965029           27930.3818037            
0.0360981356116           26305.163466             
0.0386528340995           25095.3471156            
0.0409776752934           24068.6739483            
0.0431705380004           23117.3083763            
0.0452859508337           22191.4590051            
0.0473578383892           21261.6602081            
0.0494091179422           20320.2522375            
0.0514563066903           19366.8931275            
0.0535119591171           18409.546573             
0.0555860564635           17461.5959273            
0.0576868469789           16540.7644683            
0.0598213788144           15662.0598555            
0.061995851422            14841.071063             
0.0642158548489           14089.7019668            
0.0664865370839           13414.4308139            
0.0688127236609           12815.8723447            
0.0711990046472           12288.9740569            
0.0736497987661           11821.9612533            
0.0761694011219           11397.8158174            
0.0787620189417           10996.8110577            
0.0814317984218           10598.5097382            
0.0841828449102           10184.7957127            
0.0870192380853           9744.22345141            
0.0899450434117           9272.4355203             
0.0929643209045           8776.94557532            
0.0960811320619           8273.30171514            
0.0992995457231           7780.79843941            
0.102623643529            7320.98663686            
0.106057525627            6908.76904049            
0.109605317233            6550.76415317            
0.113271176631            6242.40303803            
0.117059305211            5969.5769949             
0.120973960096            5712.24727673            
0.125019469952            5451.00770942            
0.129200254524            5174.06092292            
0.133520848491            4880.2909021             
0.137985930208            4580.4229633             
0.142600355962            4292.39854772            
0.147369200388            4032.06455745            
0.152297803792            3804.94035043            
0.157391827219            3604.79779251            
0.1626573163              3419.79682896            
0.168100775095            3237.96525125            
0.173729251512            3051.32423249            
0.179550436259            2862.36152191            
0.185572777874            2680.80142544            
0.191805617084            2514.95599207            
0.198259344748            2366.71379557            
0.204945588904            2230.69473727            
0.211877438183            2098.33782021            
0.219069711157            1967.06716086            
0.226539284389            1839.65638902            
0.234305496255            1720.65818427            
0.242390649776            1611.60144624            
0.250820646296            1508.85459128            
0.259625794348            1409.48119969            
0.268841856356            1313.35839187            
0.278511423226            1222.94760684            
0.288685748731            1137.93795102            
0.29942724103             1056.81418393            
0.310812913544            978.969229811            
0.322939270404            904.571435925            
0.33592939608             833.782326943            
0.349943537916            765.772344538            
0.365195423086            700.132359124            
0.381978381582            636.834850125            
0.400709048518            575.203145923            
0.42200435871             514.84478727             
0.446825729372            455.147609895            
0.476768976173            395.300451289            
0.514695157759            334.234493062            
0.56620367105             270.577510265            
0.64301493013             203.406654619            
0.767159202304            136.042015375            
0.955786586777            81.6625605143            
1.20276140917             47.413585103             
1.51418154721             27.2456446371            
1.90624161781             15.5249432861            
2.39981601367             8.77906937945            
3.02118936324             4.93015926845            
3.80345206323             2.75146266208            
4.78826245494             1.52660746675            
6.02806528287             0.842618936887           
7.58888456855             0.462856390972           
9.55383963052             0.253110369847           
