k                         pk_lin                   
1.61855972759e-07         0.268404790496           
2.03764597157e-07         0.335243420298           
2.56524429385e-07         0.418726322453           
3.22945122899e-07         0.522998282738           
4.06563821832e-07         0.653236228724           
5.11833526821e-07         0.815906255531           
6.44360233523e-07         1.01908465658            
8.11201472331e-07         1.27285889799            
1.0212421476e-06          1.5898284443             
1.28566769121e-06         1.98573030075            
1.61855972759e-06         2.48022032909            
2.03764597157e-06         3.09784912811            
2.56524429385e-06         3.86928092958            
3.22945122899e-06         4.83281602586            
4.06563821832e-06         6.036292315              
5.11833526821e-06         7.539460372              
6.44360233523e-06         9.41694996442            
8.11201472331e-06         11.7619752949            
1.0212421476e-05          14.6909629297            
1.28566769121e-05         18.3493321819            
1.61855972759e-05         22.9187177856            
2.03764597157e-05         28.6258734764            
2.56524429385e-05         35.7541337036            
3.22945122899e-05         44.6572861385            
4.06563821832e-05         55.7771201943            
5.11833526821e-05         69.6652504781            
6.44360233523e-05         87.0102750028            
8.11201472331e-05         108.671519599            
0.00010212421476          135.720820306            
0.000128566769121         169.494012178            
0.000161855972759         211.653861422            
0.000203764597157         264.266018855            
0.000256524429385         329.888830246            
0.000322945122899         411.676096519            
0.000406563821832         513.488493606            
0.000511833526821         640.003948823            
0.000644360233523         796.810464698            
0.000811201472331         990.459721524            
0.0010212421476           1228.45493528            
0.00128566769121          1519.06209994            
0.00161855972759          1871.08579361            
0.00203764597157          2292.88532865            
0.00256524429385          2791.04423582            
0.00322945122899          3368.37085371            
0.00406563821832          4020.90388077            
0.00511833526821          4733.86867169            
0.00644360233523          5476.76997039            
0.00811201472331          6197.13913981            
0.010212421476            6816.04400645            
0.012856676912            7227.97409181            
0.0161855967285           7316.21021734            
0.0203761725485           7000.24299274            
0.0256230938422           6321.47400535            
0.0315568938424           5561.6678245             
0.0362047789402           5093.48497913            
0.039657318834            4819.17011246            
0.042562666               4622.66610574            
0.0451847881129           4460.56326163            
0.0476458390944           4313.0847298             
0.0500123322535           4169.7442578             
0.0523249690939           4024.72917546            
0.0546108994171           3875.12811586            
0.0568894932555           3720.06406893            
0.0591753494578           3560.24440844            
0.0614799911114           3397.56807599            
0.0638128814101           3234.77420101            
0.0661820631214           3075.10161969            
0.0685945776726           2921.88744878            
0.0710567490901           2778.20672352            
0.073574381734            2646.49879999            
0.0761529011408           2528.27907272            
0.0787974561808           2423.92467968            
0.0815129942106           2332.56190825            
0.08430431693             2252.0856318             
0.0871761221784           2179.31819089            
0.0901330353194           2110.34133995            
0.0931796328338           2041.02633432            
0.0963204600605           1967.70804649            
0.0995600445716           1887.92416981            
0.102902906369            1801.01193011            
0.106353565892            1708.36055382            
0.109916550683            1613.17676574            
0.113596401493            1519.77466862            
0.117397678539            1432.59754325            
0.121324968593            1355.03456114            
0.12538289357             1288.52096578            
0.129576121267            1232.13328148            
0.133909378877            1182.72342623            
0.138387469942            1136.04350835            
0.143015295339            1087.74061108            
0.147797878967            1034.72477424            
0.152740398762            977.002046481            
0.15784822373             917.531186672            
0.163126957702            860.569479765            
0.168582490637            809.584613464            
0.174221058369            765.924046547            
0.180049311913            728.534238813            
0.186074397649            694.16161475             
0.192304050058            659.246997614            
0.19874669911             622.133479697            
0.205411595016            583.733549796            
0.2123089538              546.741062464            
0.219450128231            513.741445877            
0.226847809972            485.027459484            
0.234516270664            458.728270008            
0.242471652105            432.631689579            
0.250732319024            405.850729289            
0.259319292541            379.599480439            
0.268256788809            355.431587549            
0.277572896391            333.691029976            
0.287300438967            313.175149565            
0.297478089008            292.834728645            
0.308151826508            272.921721918            
0.319376880105            254.291347884            
0.331220355283            236.944827099            
0.343764861814            220.252177055            
0.357113628995            203.939253687            
0.371397895628            188.395384014            
0.386787884658            173.632498375            
0.403509625186            159.227352866            
0.42187169982             145.281661194            
0.442309632777            131.751877827            
0.465463354114            118.42135136             
0.492320650074            105.249604299            
0.524501910102            92.0090373876            
0.564871278816            78.4928616474            
0.618950014847            64.3854734268            
0.698221693156            49.4153342468            
0.825311539881            34.01581279              
1.02320071915             20.8447335672            
1.28708932296             12.2224157404            
1.62033489866             7.08010112985            
2.03988074185             4.06332900284            
2.56805770293             2.31255140114            
3.23299310118             1.30621009329            
4.07009717123             0.732732419778           
5.12394875733             0.408476280349           
6.45066929933             0.226414838304           
8.12091150401             0.124845303429           
