k                         pk_lin                   
1.41352944262e-07         0.76433865574            
1.77952813564e-07         0.953621039416           
2.24029319096e-07         1.18977769865            
2.82036202797e-07         1.48441667465            
3.55062542747e-07         1.85202064763            
4.4699725784e-07          2.31065881825            
5.62736206897e-07         2.88287508089            
7.08442910999e-07         3.59679614592            
8.91876783462e-07         4.48751407963            
1.12280634689e-06         5.59881121919            
1.41352944262e-06         6.98531224902            
1.77952813564e-06         8.71516922183            
2.24029319096e-06         10.8734115036            
2.82036202797e-06         13.5661253062            
3.55062542747e-06         16.9256682469            
4.4699725784e-06          21.1171752536            
5.62736206897e-06         26.3466756047            
7.08442910999e-06         32.8712200889            
8.91876783462e-06         41.0115160769            
1.12280634689e-05         51.1676915666            
1.41352944262e-05         63.8389765379            
1.77952813564e-05         79.647704566             
2.24029319096e-05         99.3708652462            
2.82036202797e-05         123.977364372            
3.55062542747e-05         154.675610167            
4.4699725784e-05          192.972354752            
5.62736206897e-05         240.745722945            
7.08442910999e-05         300.335449411            
8.91876783462e-05         374.653816059            
0.000112280634689         467.320821119            
0.000141352944262         582.826548476            
0.000177952813564         726.721772357            
0.000224029319096         905.83331136             
0.000282036202797         1128.4919711             
0.000355062542747         1404.7466169             
0.00044699725784          1746.51914414            
0.000562736206897         2167.63938893            
0.000708442910999         2683.6964347             
0.000891876783462         3311.60561814            
0.00112280634689          4068.65403865            
0.00141352944262          4970.69813278            
0.00177952813564          6028.67047077            
0.00224029319096          7244.26163543            
0.00282036202797          8604.03479693            
0.00355062542747          10071.65246              
0.0044699725784           11579.1929516            
0.00562736206897          13018.1845679            
0.00708442910999          14229.921069             
0.00891876783462          15005.4463583            
0.0112280634689           15099.0980316            
0.0141352942212           14291.6234422            
0.017795147489            12532.8419802            
0.0223865799674           10146.9227912            
0.0277179707359           7986.68129464            
0.032074184383            6868.22590211            
0.035261172863            6342.1943449             
0.0379115719212           6025.68199807            
0.0402885971093           5792.09873207            
0.0425113551825           5587.87419065            
0.0446436195905           5385.92687056            
0.0467239466631           5171.76668789            
0.0487778208752           4938.72942552            
0.0508232918199           4685.576317              
0.052873880993            4415.3972442             
0.0549402062275           4134.26388601            
0.0570309485838           3850.36911942            
0.0591534577201           3572.89259509            
0.0613141468805           3310.8738828             
0.0635187595316           3072.19817431            
0.0657725544868           2862.88116403            
0.0680804374439           2686.32954515            
0.0704470562066           2543.22176137            
0.0728768706296           2431.30016837            
0.075374204553            2345.61771594            
0.0779432846372           2278.65236636            
0.0805882695174           2221.06213197            
0.0833132717186           2162.67136451            
0.0861223741327           2094.02607845            
0.0890196424347           2008.28128563            
0.092009134528            1902.86378863            
0.0950949079238           1780.33849662            
0.0982810258345           1647.97429754            
0.101571562678            1515.96315859            
0.104970609646            1394.90342432            
0.108482280946            1293.02815823            
0.112110721321            1214.23494385            
0.115860115421            1157.32438171            
0.11973469962             1116.10423911            
0.123738776816            1081.76558607            
0.127876734822            1043.32726528            
0.13215306888             993.005700632            
0.136572408903            929.484783562            
0.141139552036            858.225740934            
0.145859501176            788.178656127            
0.15073751017             727.5909541              
0.155779136499            680.994116427            
0.1609903024              647.307860858            
0.166377365609            620.235688578            
0.171947201163            591.84383945             
0.177707296113            557.187995268            
0.183665859492            516.789636363            
0.189831950563            476.243177442            
0.196215629282            441.654370454            
0.20282813408             414.825056869            
0.20968209366             392.954829788            
0.216791781639            371.0598648              
0.224173425727            346.322818366            
0.23184558714             320.399583659            
0.239829631413            296.852605574            
0.248150319624            277.420288974            
0.25683656019             260.136222785            
0.265922377763            242.506799804            
0.275448180026            224.297484832            
0.285462440103            207.328119187            
0.29602396954             192.392022039            
0.307205047929            178.327088826            
0.319095824211            164.149194633            
0.331810655813            150.649612617            
0.345497489803            138.283299182            
0.360352184541            126.201784887            
0.376641174905            114.467499472            
0.394738879974            103.331588153            
0.415192564285            92.3751643496            
0.438841537136            81.6813001372            
0.467051677404            71.0366002289            
0.502213982343            60.3137879549            
0.548888720524            49.2767630551            
0.61650084891             37.7341438445            
0.724058343987            25.9565391282            
0.89392239062             15.7742973286            
1.12397005566             9.09901346136            
1.41497078222             5.18808754834            
1.78134259839             2.93505936523            
2.2425774642              1.64871359632            
2.82323775759             0.920192749504           
3.55424575657             0.510565027581           
4.47453030271             0.281764594272           
5.63309990393             0.154726424123           
7.09165261623             0.0845798044044          
8.92786169019             0.0460401317642          
