k                         pk_lin                   
1.27015922316e-07         4.42481825063            
1.59903572306e-07         5.53357036426            
2.01306670613e-07         6.92014886079            
2.53430083199e-07         8.65417029207            
3.19049571852e-07         10.8226954291            
4.01659613627e-07         13.53460036              
5.05659494486e-07         16.9260428795            
6.36587587323e-07         21.1672986227            
8.01416290514e-07         26.4713101682            
1.00892333355e-06         33.104378339             
1.27015922316e-06         41.3995324843            
1.59903572306e-06         51.7732510295            
2.01306670613e-06         64.7463717901            
2.53430083199e-06         80.9702419033            
3.19049571852e-06         101.259420298            
4.01659613627e-06         126.632574611            
5.05659494486e-06         158.363625878            
6.36587587323e-06         198.045708841            
8.01416290514e-06         247.671159161            
1.00892333355e-05         309.731543487            
1.27015922316e-05         387.342754627            
1.59903572306e-05         484.397312634            
2.01306670613e-05         605.767082617            
2.53430083199e-05         757.540851487            
3.19049571852e-05         947.329041307            
4.01659613627e-05         1184.64106897            
5.05659494486e-05         1481.35340449            
6.36587587323e-05         1852.287576              
8.01416290514e-05         2315.9180991             
0.000100892333355         2895.22975533            
0.000127015922316         3618.73586102            
0.000159903572306         4521.65193604            
0.000201306670613         5647.18495242            
0.000253430083199         7047.84388614            
0.000319049571852         8786.60922339            
0.000401659613627         10937.735795             
0.000505659494486         13586.8793895            
0.000636587587323         16829.9025101            
0.000801416290514         20768.727891             
0.00100892333355          25502.792504             
0.00127015922316          31115.3454357            
0.00159903572306          37650.3776914            
0.00201306670613          45083.1421472            
0.00253430083199          53283.9284761            
0.00319049571852          61969.936788             
0.00401659613627          70660.781187             
0.00505659494486          78640.6026667            
0.00636587587323          84894.1564035            
0.00801416290514          88141.6222806            
0.0100892333355           86923.9584707            
0.0127015922082           80008.6491149            
0.0159903314192           67260.2094609            
0.0201258325447           50908.3875564            
0.0251330533175           36182.0704093            
0.029711276101            28543.9590391            
0.0329891646702           25669.9254452            
0.0356327232196           24336.5611987            
0.0379654536162           23552.5045744            
0.0401264690253           22937.8224165            
0.0421872462027           22302.3299459            
0.0441897449108           21551.3990394            
0.0461610937924           20633.6549223            
0.048120174691            19539.9136679            
0.0500809307376           18289.8508611            
0.0520541782991           16925.712846             
0.0540486684722           15504.5439772            
0.056071743203            14091.7740666            
0.0581297589031           12749.9976354            
0.0602283699345           11534.7015173            
0.0623727240224           10488.7175193            
0.0645676002885           9635.51495144            
0.0668175087057           8983.15844828            
0.0691267628906           8522.34967736            
0.0714995340109           8228.50353161            
0.0739398910332           8062.30853336            
0.0764518309127           7971.37279842            
0.0790393012834           7894.7266269             
0.0817062175168           7769.56152015            
0.0844564755622           7542.88141061            
0.0872939616774           7184.4655113             
0.0902225599587           6697.33333787            
0.0932461584426           6117.63286184            
0.0963686544674           5505.66175241            
0.0995939599271           4930.10159546            
0.102926007013            4448.4757107             
0.106368755021            4094.16145185            
0.109926198785            3871.3058421             
0.113602379286            3755.3704235             
0.117401396993            3701.09985895            
0.121327428466            3642.31587278            
0.125384746773            3521.15739228            
0.129577746278            3311.92128865            
0.133910972352            3031.06045008            
0.138389156622            2726.23138234            
0.143017258421            2452.99459374            
0.147800513171            2251.30811235            
0.152744488581            2129.47085491            
0.157855149724            2060.65736921            
0.163138934293            1999.76491483            
0.168602839678            1905.37518178            
0.174254523987            1764.36330673            
0.180102423692            1601.54510106            
0.18615589141             1456.63917236            
0.192425358362            1352.83288564            
0.198922527471            1285.77568894            
0.205660604906            1227.77736257            
0.212654580449            1153.24500833            
0.219921570525            1060.48965347            
0.227481242533            969.423646743            
0.235356345942            898.569545128            
0.243573385243            844.927630859            
0.252163483976            792.353924121            
0.261163509823            731.666748939            
0.270617562226            670.492359987            
0.280578972434            619.291103149            
0.291113042494            575.613920197            
0.302300873935            530.10875284             
0.31424484455             483.858353897            
0.32707665035             443.260947448            
0.340969472965            405.075860656            
0.356157035906            366.454950613            
0.372964674744            330.506342006            
0.391862441935            295.650271757            
0.413561062416            261.376291726            
0.439197035379            227.826802364            
0.470717603695            194.244670736            
0.51174721115             160.028249263            
0.56963872276             124.578402092            
0.659686952385            88.1047748955            
0.804962882321            54.7387288922            
1.01021102237             31.5519436532            
1.2716991614              17.9111328868            
1.60097396709             10.0942547617            
2.01550681046             5.65201552992            
2.53737274133             3.14575773642            
3.19436302326             1.74144791578            
4.02146478447             0.959185229781           
5.06272420981             0.525916795033           
6.37359216063             0.287122371191           
8.02387713543             0.156122170489           
