k                         pk_lin                   
1.19484780168e-07         2.74878895323            
1.50422426076e-07         3.44327252192            
1.8937061469e-07          4.31321787958            
2.38403479081e-07         5.40295557736            
3.00132198075e-07         6.76801631309            
3.77844051054e-07         8.47796065662            
4.75677477567e-07         10.6199237074            
5.98842464327e-07         13.3030553122            
7.53897996003e-07         16.6640821081            
9.49101345069e-07         20.8742748178            
1.19484780168e-06         26.1481758397            
1.50422426076e-06         32.7545318681            
1.8937061469e-06          41.0299886492            
2.38403479081e-06         51.3962457267            
3.00132198075e-06         64.3815453467            
3.77844051054e-06         80.6475905511            
4.75677477567e-06         101.023264146            
5.98842464327e-06         126.546866794            
7.53897996003e-06         158.519026591            
9.49101345069e-06         198.568976284            
1.19484780168e-05         248.73765903             
1.50422426076e-05         311.578490318            
1.8937061469e-05          390.293242811            
2.38403479081e-05         488.889595221            
3.00132198075e-05         612.385013537            
3.77844051054e-05         767.059155989            
4.75677477567e-05         960.767233661            
5.98842464327e-05         1203.32748455            
7.53897996003e-05         1506.9960803             
9.49101345069e-05         1887.04213449            
0.000119484780168         2362.42955783            
0.000150422426076         2956.59930372            
0.00018937061469          3698.31865406            
0.000238403479081         4622.51985978            
0.000300132198075         5770.99178975            
0.000377844051054         7192.73547867            
0.000475677477567         8943.7641099             
0.000598842464327         11086.0042884            
0.000753897996003         13684.3908807            
0.000949101345069         16800.4856351            
0.00119484780168          20481.967897             
0.00150422426076          24747.6661036            
0.0018937061469           29567.1913992            
0.00238403479081          34837.9409141            
0.00300132198075          40357.2498989            
0.00377844051054          45795.1510616            
0.00475677477567          50687.2860975            
0.00598842464327          54399.3199048            
0.00753897996003          56169.862111             
0.00949101345069          55172.5293339            
0.0119484779996           50750.3593709            
0.0150422224221           42914.5166658            
0.0189330847593           33016.353504             
0.0236599788328           24066.9291115            
0.0280396307175           19283.1923891            
0.031173468252            17403.6133675            
0.0336911573403           16455.7973832            
0.03590830462             15829.7728891            
0.0379598749765           15297.5579911            
0.0399148704835           14752.3867785            
0.0418136553179           14142.3949835            
0.0436822580843           13446.3781488            
0.045538757709            12664.2633484            
0.0473964819001           11813.239958             
0.0492657548806           10920.9246873            
0.05115491934             10022.0134917            
0.0530709671559           9151.23141246            
0.0550199461087           8343.15100762            
0.0570072317765           7623.96261132            
0.0590377148009           7012.63127165            
0.0611159330734           6518.00758507            
0.0632461669244           6139.02653441            
0.0654325087637           5865.42741873            
0.0676789146371           5677.71688771            
0.0699892427115           5548.49088032            
0.0723672821399           5445.74882863            
0.0748167747551           5333.62416843            
0.0773414313785           5181.22967291            
0.079944944096            4965.31085204            
0.0826309955569           4679.86735074            
0.0854032661625           4335.77740275            
0.0882654398802           3960.48366415            
0.0912212093368           3589.54856076            
0.094274280791            3257.5628907             
0.0974283795517           2989.03912588            
0.100687256388            2794.3629476             
0.104054695464            2667.20616107            
0.10753452432             2586.28611146            
0.111130626422            2521.60635834            
0.114846956794            2441.66113909            
0.118687561241            2322.50170984            
0.122656599697            2160.90736952            
0.126758374223            1975.48175823            
0.130997362241            1795.1889054             
0.135378255609            1644.05865944            
0.13990600625             1533.04383165            
0.144585879159            1457.9623705             
0.149423513786            1400.79488727            
0.154424995019            1338.16186443            
0.159596935319            1256.68922298            
0.164946569994            1159.40669796            
0.170481868132            1061.59828291            
0.176211662502            979.943423196            
0.182145802689            919.044849823            
0.18829533704             870.181435379            
0.194672730805            820.928441996            
0.201292130161            764.109198018            
0.208169685157            704.329600851            
0.215323949053            650.679864268            
0.222776377938            606.878656964            
0.230551963564            568.189432966            
0.238680045495            528.493456655            
0.247195368182            487.836175827            
0.256139477929            450.095874857            
0.265562600054            416.726785303            
0.27552620801             385.618253993            
0.286106612191            354.485421876            
0.297400089639            324.769082352            
0.309530409779            297.669979491            
0.322660209351            271.424014402            
0.337008786831            246.016199107            
0.352881075799            221.937933572            
0.370717086781            198.471435165            
0.39118107575             175.679359253            
0.415333173934            153.19362569             
0.444985454532            130.736985494            
0.483501457586            107.882937671            
0.537688452214            84.2091514576            
0.621733573424            59.7945802886            
0.757514330999            37.316614588             
0.950359632972            21.5489610209            
1.1963435869              12.2459830992            
1.50610685689             6.90889887049            
1.89607619461             3.87289184477            
2.3870185041              2.15805557392            
3.00507825323             1.19608682319            
3.78316937742             0.659661243713           
4.76272806636             0.362112766587           
5.9959193922              0.197949731042           
7.54841528991             0.107784570667           
