k                         pk_lin                   
1.24509575069e-07         0.747668969188           
1.56748268067e-07         0.934887507048           
1.97334377924e-07         1.16898612468            
2.48429262989e-07         1.46170373375            
3.1275391221e-07          1.82771870441            
3.93733847719e-07         2.2853849144             
4.95681546377e-07         2.85765210717            
6.24026094892e-07         3.57321671031            
7.85602308482e-07         4.46796082237            
9.89014709712e-07         5.58675152635            
1.24509575069e-06         6.98569075647            
1.56748268067e-06         8.73492853851            
1.97334377924e-06         10.9221806737            
2.48429262989e-06         13.6571272614            
3.1275391221e-06          17.0769126244            
3.93733847719e-06         21.3530224329            
4.95681546377e-06         26.6998828799            
6.24026094892e-06         33.3856131159            
7.85602308482e-06         41.7454701257            
9.89014709712e-06         52.1986602422            
1.24509575069e-05         65.2693603133            
1.56748268067e-05         81.6124842135            
1.97334377924e-05         102.047431367            
2.48429262989e-05         127.59830464             
3.1275391221e-05          159.545124895            
3.93733847719e-05         199.487431942            
4.95681546377e-05         249.423302116            
6.24026094892e-05         311.847213063            
7.85602308482e-05         389.870518233            
9.89014709712e-05         487.368395718            
0.000124509575069         609.156423349            
0.000156748268067         761.197551127            
0.000197334377924         950.834798834            
0.000248429262989         1187.03421455            
0.00031275391221          1480.60429449            
0.000393733847719         1844.33230569            
0.000495681546377         2292.95350742            
0.000624026094892         2842.86658802            
0.000785602308482         3511.52566349            
0.000989014709712         4316.29764027            
0.00124509575069          5272.37193337            
0.00156748268067          6388.85101138            
0.00197334377924          7663.71220415            
0.00248429262989          9077.79357182            
0.0031275391221           10587.0347956            
0.00393733847719          12114.4273683            
0.00495681546377          13543.0685892            
0.00624026094892          14708.629408             
0.00785602308482          15402.4304657            
0.00989014709712          15385.1990181            
0.012450957488            14444.9145169            
0.0156748048393           12528.6298011            
0.0197291610523           9938.86985432            
0.0246509119169           7469.05768558            
0.0291969848638           6078.26989759            
0.0324502204158           5499.81235226            
0.0350662009263           5194.10916642            
0.0373710114956           4987.7048466             
0.0395042785087           4814.50217162            
0.0415374705863           4642.98096951            
0.0435124294854           4457.03857939            
0.0454561532616           4249.40487132            
0.0473874032696           4018.96748493            
0.0493200157794           3769.18269774            
0.0512647125525           3506.81722251            
0.0532301600082           3240.7405923             
0.055223623145            2980.70766651            
0.057251387338            2736.16773292            
0.0593190403848           2515.1965337             
0.0614316668018           2323.75893151            
0.0635939849939           2165.14155344            
0.0658104460473           2039.8701463             
0.0680853060117           1945.62682539            
0.070422679418            1877.44474359            
0.0728265792288           1828.0036177             
0.0753009468027           1788.16425143            
0.0778496744148           1747.87091748            
0.0804766221874           1697.6493511             
0.0831856308337           1630.45418391            
0.0859805313116           1543.39863392            
0.0888651522895           1438.75217978            
0.0918433261866           1323.499543              
0.0949188944677           1207.62271384            
0.0980957128178           1101.41818825            
0.101377656784            1012.97997657            
0.104768628453            946.228077985            
0.108272564721            900.252551389            
0.111893447691            869.558851075            
0.115635317754            845.620439687            
0.119502289873            818.771245781            
0.12349857361             781.038231728            
0.12762849745             730.433481201            
0.131896537965            671.559391538            
0.136307354428            612.840636399            
0.140865829504            562.037137259            
0.145577116781            523.438462089            
0.150446695965            496.636123348            
0.155480436803            476.477582483            
0.160684673009            455.712674449            
0.166066287799            429.481328465            
0.171632813107            397.801292204            
0.177392545126            365.121640387            
0.183354679597            337.028228532            
0.189529471307            315.63981683             
0.19592842362             298.778651948            
0.202564515705            282.3803788              
0.2094524776              263.592881026            
0.216609126672            243.452852413            
0.224053783707            224.908873417            
0.231808793545            209.674227263            
0.239900184566            196.479377903            
0.248358515159            183.150324352            
0.257219975564            169.292765753            
0.266527844186            156.228792866            
0.276334444734            144.707931273            
0.286703825206            134.083837158            
0.29771550074             123.424296144            
0.309469804476            113.138695506            
0.322095739343            103.774154331            
0.335762848609            94.7421092554            
0.350699790647            85.9348617716            
0.367224592518            77.6002475254            
0.385796295734            69.4697091873            
0.407108140603            61.5473120637            
0.432267018241            53.7249493864            
0.463165981392            45.9025288544            
0.503321155109            37.9236553797            
0.559852629982            29.6354288257            
0.647593201555            21.0740721062            
0.789300526128            13.1748713542            
0.990314406202            7.6260006292             
1.24664302035             4.34327379161            
1.56943009439             2.4548043                
1.97579542746             1.37807445962            
2.48737907214             0.76884734972            
3.13142472268             0.426529563161           
3.9422301585              0.235400193887           
4.96297372568             0.129299026502           
6.24801374132             0.0707069365635          
7.86578327219             0.0385093078615          
