k                         pk_lin                   
8.66059891507e-08         4.62576772335            
1.09030480555e-07         5.76094622644            
1.37261242631e-07         7.17470124071            
1.72801666403e-07         8.93539635159            
2.17544409035e-07         11.1281717916            
2.73872184728e-07         13.8590614843            
3.44784652938e-07         17.2601204243            
4.3405816118e-07          21.4958103332            
5.46446849306e-07         26.7709523758            
6.87935824787e-07         33.3406314997            
8.66059891507e-07         41.5225313316            
1.09030480555e-06         51.7122960973            
1.37261242631e-06         64.4026624074            
1.72801666403e-06         80.207286046             
2.17544409035e-06         99.8904159297            
2.73872184728e-06         124.403850155            
3.44784652938e-06         154.932961179            
4.3405816118e-06          192.95401573             
5.46446849306e-06         240.305561213            
6.87935824787e-06         299.277330566            
8.66059891507e-06         372.720964669            
1.09030480555e-05         464.181085814            
1.37261242631e-05         578.078727909            
1.72801666403e-05         719.913616734            
2.17544409035e-05         896.528489301            
2.73872184728e-05         1116.43243596            
3.44784652938e-05         1390.19747263            
4.3405816118e-05          1730.94039346            
5.46446849306e-05         2154.89956584            
6.87935824787e-05         2682.10815933            
8.66059891507e-05         3337.14620587            
0.000109030480555         4149.91514741            
0.000137261242631         5156.30689013            
0.000172801666403         6398.52426968            
0.000217544409035         7924.65923647            
0.000273872184728         9787.02364923            
0.000344784652938         12038.8271053            
0.00043405816118          14729.1859433            
0.000546446849306         17896.340592             
0.000687935824787         21556.7320544            
0.000866059891507         25686.6895191            
0.00109030480555          30201.7122837            
0.00137261242631          34939.620637             
0.00172801666403          39650.4099666            
0.00217544409035          43991.8735224            
0.00273872184728          47546.21062              
0.00344784652938          49849.5951937            
0.0043405816118           50433.5108507            
0.00546446849306          48873.3266046            
0.00687935824787          44848.9908537            
0.00866059891506          38274.9134596            
0.0109030479587           29569.6968822            
0.0137260525382           20020.1849368            
0.0172704612508           11806.7045367            
0.0214379896434           7019.20660135            
0.0249334365494           5548.7999903             
0.0274717498765           5231.95449646            
0.0295678600509           5179.50406016            
0.0314407598999           5161.60439465            
0.0331882981661           5092.62179583            
0.0348623575378           4937.15847814            
0.0364940869941           4686.17539924            
0.0381039668148           4348.36730272            
0.0397064417575           3945.12415742            
0.0413122954488           3504.92749445            
0.0429299709396           3058.86151879            
0.0445663537344           2635.63930477            
0.0462272605357           2258.42955141            
0.0479177573314           1942.70861711            
0.0496423736702           1695.87342793            
0.0514052511763           1518.27731806            
0.0532102489239           1405.1549396             
0.0550610196348           1348.01588954            
0.0569610656009           1335.2731559             
0.0589137801811           1352.24076909            
0.0609224788207           1381.18335542            
0.0629904223339           1402.36009107            
0.0651208344045           1396.94588893            
0.0673169147442           1351.66863237            
0.0695818490038           1262.71615702            
0.0719188163062           1137.87430373            
0.0743309951162           994.298574062            
0.0768215680634           852.840218189            
0.0793937262703           731.788650468            
0.0820506736937           642.472725783            
0.0847956319662           587.913005994            
0.0876318462037           564.163161383            
0.0905625922378           561.518653885            
0.0935911857245           566.102537867            
0.0967209935746           562.819468246            
0.0999554481509           540.600636055            
0.103298064678            497.55573887             
0.10675246232             441.604849451            
0.110322389385            386.052475625            
0.114011753183            342.009236759            
0.117824655052            313.556167716            
0.121765431216            298.462414938            
0.125838700199            290.578641803            
0.130049417699            281.380564585            
0.13440294005             264.527942993            
0.138905097684            240.735389976            
0.143562280406            215.820794006            
0.148381536811            195.410234812            
0.15337069087             181.785115908            
0.158538479613            172.445478123            
0.163894717058            162.98410456             
0.169450491176            151.233250768            
0.175218402881            137.853981199            
0.181212859085            125.84884715             
0.187450436078            116.577460849            
0.193950335461            108.860182567            
0.200734963413            100.893318201            
0.207830676531            92.5593277962            
0.215268756011            84.8165849583            
0.223086700027            78.060222627             
0.23132996766             71.87522122              
0.24005437687             65.8614444747            
0.249329471777            60.0132990109            
0.259243364274            54.7195790964            
0.269909885129            49.7423681783            
0.281479476771            44.9383199959            
0.29415638732             40.4253009861            
0.308226962262            36.1224045753            
0.32410852406             31.9732762123            
0.342438822663            27.9800610596            
0.364251167173            24.0618586131            
0.391344716621            20.182009485             
0.427130418758            16.2721756267            
0.478629026605            12.2755335113            
0.560145354826            8.29065546018            
0.689750448543            4.90807358838            
0.866965709323            2.74306136948            
1.09141951284             1.51816185674            
1.37401566644             0.83578006738            
1.72978323863             0.457887910672           
2.17766807601             0.249733961598           
2.74152167934             0.135643093572           
3.45137130911             0.0733916597448          
4.34501904658             0.0395662699668          
5.47005489246             0.0212575364434          
