k                         pk_lin                   
1.36318205259e-07         0.623064931717           
1.71614452691e-07         0.776288778463           
2.16049795523e-07         0.967193364432           
2.71990577797e-07         1.20504512001            
3.42415850158e-07         1.50138927194            
4.31076015165e-07         1.87061024394            
5.42692549906e-07         2.33062987071            
6.83209441868e-07         2.90377731642            
8.60109727946e-07         3.61787292326            
1.08281399344e-06         4.50757859938            
1.36318205259e-06         5.61608029374            
1.71614452691e-06         6.99718422438            
2.16049795523e-06         8.71792861019            
2.71990577797e-06         10.8618376786            
3.42415850158e-06         13.5329758973            
4.31076015165e-06         16.8609992209            
5.42692549906e-06         21.007448538             
6.83209441868e-06         26.1735907993            
8.60109727946e-06         32.6101884335            
1.08281399344e-05         40.6296712522            
1.36318205259e-05         50.6213016656            
1.71614452691e-05         63.069695932             
2.16049795523e-05         78.5790046877            
2.71990577797e-05         97.9016095429            
3.42415850158e-05         121.974553105            
4.31076015165e-05         151.964604186            
5.42692549906e-05         189.324074548            
6.83209441868e-05         235.859688206            
8.60109727946e-05         293.817089405            
0.000108281399344         365.983598817            
0.000136318205259         455.81132346             
0.000171614452691         567.561131338            
0.000216049795523         706.46432388             
0.000271990577797         878.891674371            
0.000342415850158         1092.50744751            
0.000431076015165         1356.3693643             
0.000542692549906         1680.92004305            
0.000683209441868         2077.81368496            
0.000860109727946         2559.52695135            
0.00108281399344          3138.58363093            
0.00136318205259          3826.13685008            
0.00171614452691          4629.29828707            
0.00216049795523          5547.69794073            
0.00271990577797          6569.16428652            
0.00342415850158          7664.09145156            
0.00431076015165          8779.44124608            
0.00542692549906          9833.1676897             
0.00683209441868          10707.7876438            
0.00860109727946          11253.2507131            
0.0108281399344           11296.9617257            
0.0136318203682           10689.3772121            
0.0171613361484           9401.99712761            
0.0215910045284           7666.07917042            
0.0267656041808           6076.99528497            
0.0310445771931           5232.28476924            
0.0341638751388           4826.75627467            
0.036749600744            4575.67777491            
0.0390646479877           4385.38574821            
0.0412272807711           4217.07927643            
0.0433005368957           4051.51783887            
0.045322405183            3878.84720711            
0.0473179339415           3694.80809435            
0.0493048295392           3499.01016547            
0.0512963351253           3293.90362569            
0.0533028358155           3083.94961995            
0.0553328124444           2874.85083784            
0.0573934378574           2672.7903183             
0.0594909655217           2483.67234142            
0.0616309916028           2312.47407578            
0.0638186367786           2162.78021444            
0.0660586753396           2036.32602146            
0.0683556285981           1932.9488728             
0.0707138334748           1850.50223559            
0.0731374934096           1784.98084173            
0.0756307164258           1730.84487768            
0.0781975437027           1681.5173494             
0.0808419710528           1630.19880219            
0.0835679650712           1570.98238815            
0.0863794753003           1500.06524891            
0.0892804434821           1416.72093504            
0.0922748107762           1323.6045559             
0.0953665237067           1226.21258461            
0.0985595395181           1131.49086058            
0.101857831571            1046.12911898            
0.105265395378            974.823138355            
0.108786255858            919.219557062            
0.11242447638             877.524548636            
0.116184170149            844.858895426            
0.120069514494            814.890734223            
0.124084768607            781.288244286            
0.128234295281            739.792798749            
0.132522587219            690.644118872            
0.136954298492            638.263673963            
0.141534281762            588.703223033            
0.146267631975            546.563590832            
0.151159737289            513.522416291            
0.156216338178            488.028660536            
0.161443595833            465.758025428            
0.16684817126             441.928493504            
0.172437316856            414.377952901            
0.178218982722            384.417311503            
0.184201940628            355.591528965            
0.190395929423            331.176638683            
0.196811826801            311.489327445            
0.203461853886            294.190784056            
0.210359821112            276.601995325            
0.217521426687            257.654759842            
0.22496462272             238.806366367            
0.232710069389            221.948848571            
0.240781705046            207.4962082              
0.249207470861            194.069630333            
0.258020244327            180.497199831            
0.267259059209            167.070829875            
0.276970724912            154.712963326            
0.287212013061            143.481223588            
0.298052666291            132.755638767            
0.309579626656            122.201794537            
0.321903120918            112.24161003             
0.335165657927            102.947562134            
0.349555750077            93.9004603997            
0.365329602438            85.2071021108            
0.382846858824            76.8760831769            
0.402632478681            68.7248291562            
0.425490228538            60.7669755759            
0.452725466707            52.8526408545            
0.486617550942            44.8877791709            
0.53150172755             36.7035572068            
0.596321240619            28.1530948234            
0.699202777912            19.4184832601            
0.862208509467            11.8176359294            
1.08393593357             6.80857663082            
1.36456772945             3.87621630149            
1.71788889954             2.18954801846            
2.16269399022             1.22806443728            
2.72267042223             0.684373615736           
3.42763898248             0.379153918716           
4.3151418175              0.208927210157           
5.43244168955             0.114560701636           
6.83903889106             0.0625308796232          
8.60983985221             0.0339877791279          
