k                         pk_lin                   
1.1289087756e-07          1.78338959616            
1.4212119452e-07          2.23088009619            
1.78919983335e-07         2.79065551032            
2.25246913699e-07         3.49089051921            
2.83569063584e-07         4.36682943203            
3.56992300144e-07         5.46256010709            
4.49426678466e-07         6.833232987              
5.65794666259e-07         8.54783693713            
7.12293283212e-07         10.6926716011            
8.96724114885e-07         13.3756910444            
1.1289087756e-06          16.7319373108            
1.4212119452e-06          20.9303373742            
1.78919983335e-06         26.1822055906            
2.25246913699e-06         32.7518795961            
2.83569063584e-06         40.97002498              
3.56992300144e-06         51.2502783829            
4.49426678466e-06         64.1100667038            
5.65794666259e-06         80.1966502906            
7.12293283212e-06         100.319700922            
8.96724114885e-06         125.492054302            
1.1289087756e-05          156.980734484            
1.4212119452e-05          196.36888005             
1.78919983335e-05         245.638687794            
2.25246913699e-05         307.268034125            
2.83569063584e-05         384.355022035            
3.56992300144e-05         480.771918317            
4.49426678466e-05         601.356369185            
5.65794666259e-05         752.147577506            
7.12293283212e-05         940.67576888             
8.96724114885e-05         1176.31280916            
0.00011289087756          1470.68855636            
0.00014212119452          1838.16926172            
0.000178919983335         2296.37717656            
0.000225246913699         2866.6993072             
0.000283569063584         3574.68569003            
0.000356992300144         4450.18274614            
0.000449426678466         5527.01723072            
0.000565794666259         6842.0650837             
0.000712293283212         8433.45638059            
0.000896724114885         10337.0734765            
0.0011289087756           12579.9228386            
0.0014212119452           15170.6318273            
0.00178919983335          18087.8741987            
0.00225246913699          21266.777086             
0.00283569063584          24585.0920147            
0.00356992300144          27852.4917814            
0.00449426678466          30806.7239831            
0.00565794666259          33117.5118436            
0.00712293283212          34410.4032645            
0.00896724114885          34309.3215658            
0.0112890877434           32534.5455254            
0.0142121037269           29079.2873629            
0.0178887329947           24438.7282583            
0.0223697744931           19768.9204531            
0.0265786962574           16692.9572118            
0.0295900621827           15091.178851             
0.0319995871176           14030.5292581            
0.0341169331262           13188.6825425            
0.0360737776765           12448.3786858            
0.0379370936825           11758.5069952            
0.0397459139071           11096.3499726            
0.0415253395335           10453.4942789            
0.043292767944            9829.76698549            
0.0450610019077           9229.23056588            
0.0468399443143           8658.5363933             
0.048637587197            8124.22247811            
0.0504606211693           7632.11651196            
0.0523148279072           7186.34889858            
0.0542053422502           6788.41582112            
0.0561368325629           6436.36636404            
0.0581136279555           6125.83750765            
0.0601398098441           5849.56262509            
0.0622192789059           5598.25982776            
0.0643558046318           5361.78395849            
0.0665530623078           5130.25127175            
0.0688146607487           4895.63991978            
0.0711441631421           4652.94520419            
0.0735451027171           4401.17646936            
0.0760209945375           4143.53125484            
0.0785753444327           3886.49634118            
0.0812116558942           3638.44556658            
0.0839334356424           3407.42745173            
0.0867441984884           3199.09431323            
0.0896474720629           3015.45934695            
0.0926468019511           2854.22119846            
0.0957457577574           2709.50122936            
0.0989479406024           2573.91881771            
0.102256992555            2440.26394915            
0.10567660849             2304.23067539            
0.109210550868            2165.66566493            
0.112862667913            2026.97480618            
0.116636915705            1894.80669603            
0.120537384683            1773.7507583             
0.124568331106            1665.27618353            
0.12873421406             1567.8285807             
0.133039738683            1477.30232447            
0.137489906383            1389.48521761            
0.142090072992            1303.31975532            
0.146846016018            1219.9994229             
0.151764012469            1140.60769289            
0.156850929095            1066.49509862            
0.162114327476            998.715147631            
0.167562587023            935.789793422            
0.173205049963            875.932215253            
0.179052193557            818.733711439            
0.185115836495            764.060542184            
0.191409388653            712.795780989            
0.197948156449            665.030074179            
0.204749720319            620.106213224            
0.211834406785            577.74314853             
0.219225886148            537.301480065            
0.226951939211            499.27409292             
0.235045454735            463.483731708            
0.24354574697             429.734394085            
0.252500325034            397.591526477            
0.261967313047            367.265741624            
0.272018828417            338.516135187            
0.282745806837            311.143343425            
0.294265074612            285.12479506             
0.306730027229            260.278790425            
0.32034731441             236.473961422            
0.335403969189            213.544647352            
0.352313626398            191.333529569            
0.371699716102            169.640368371            
0.394555229027            148.246949385            
0.422573321818            126.824476704            
0.458887852728            105.004172354            
0.509825294042            82.3323874894            
0.588593130862            58.8539253019            
0.716003913315            37.0025380763            
0.897958892306            21.4633622776            
1.13036644597             12.2366069743            
1.4230464806              6.92210440934            
1.79150937608             3.88894837285            
2.25537667902             2.17126887481            
2.83935101438             1.20534863056            
3.57453114501             0.665644836669           
4.5000680937              0.365842699776           
5.66525007797             0.20018157588            
7.13212728733             0.109088209172           
