k                         pk_lin                   
1.36318205259e-07         2.61057869871            
1.71614452691e-07         3.25257103383            
2.16049795523e-07         4.0524418342             
2.71990577797e-07         5.04901650073            
3.42415850158e-07         6.29066835937            
4.31076015165e-07         7.83766668259            
5.42692549906e-07         9.76510213512            
6.83209441868e-07         12.1665316441            
8.60109727946e-07         15.1585196138            
1.08281399344e-06         18.8862959144            
1.36318205259e-06         23.53080528              
1.71614452691e-06         29.3174902923            
2.16049795523e-06         36.5272342705            
2.71990577797e-06         45.5099952333            
3.42415850158e-06         56.7017927171            
4.31076015165e-06         70.6458719859            
5.42692549906e-06         88.0190729339            
6.83209441868e-06         109.664683617            
8.60109727946e-06         136.633373107            
1.08281399344e-05         170.234190543            
1.36318205259e-05         212.098105834            
1.71614452691e-05         264.255296292            
2.16049795523e-05         329.237040295            
2.71990577797e-05         410.195326519            
3.42415850158e-05         511.055526485            
4.31076015165e-05         636.704763325            
5.42692549906e-05         793.225116137            
6.83209441868e-05         988.180756864            
8.60109727946e-05         1230.96937186            
0.000108281399344         1533.24768094            
0.000136318205259         1909.43803709            
0.000171614452691         2377.31558817            
0.000216049795523         2958.65998025            
0.000271990577797         3679.92932802            
0.000342415850158         4572.87834945            
0.000431076015165         5675.0070136             
0.000542692549906         7029.69701986            
0.000683209441868         8685.80056347            
0.000860109727946         10696.0804001            
0.00108281399344          13113.2772336            
0.00136318205259          15983.7622903            
0.00171614452691          19337.2115125            
0.00216049795523          23172.1113659            
0.00271990577797          27437.6109638            
0.00342415850158          32010.0416384            
0.00431076015165          36665.4287968            
0.00542692549906          41067.1926628            
0.00683209441868          44720.5875769            
0.00860109727946          46998.6172453            
0.0108281399344           47179.8758483            
0.0136318203682           44641.6381877            
0.0171613361484           39266.4103408            
0.0215910045284           32016.8573393            
0.0267656041808           25379.8525355            
0.0310445771931           21851.8562574            
0.0341638751388           20158.1155828            
0.036749600744            19109.9084071            
0.0390646479877           18314.3753996            
0.0412272807711           17611.8559359            
0.0433005368957           16920.5075487            
0.045322405183            16199.2612923            
0.0473179339415           15431.0356443            
0.0493048295392           14612.5177198            
0.0512963351253           13756.3122138            
0.0533028358155           12879.286201             
0.0553328124444           12006.2300728            
0.0573934378574           11162.3705447            
0.0594909655217           10372.7982367            
0.0616309916028           9657.7643393             
0.0638186367786           9032.28412263            
0.0660586753396           8504.18799802            
0.0683556285981           8072.62830996            
0.0707138334748           7728.24548736            
0.0731374934096           7454.78037172            
0.0756307164258           7228.43730808            
0.0781975437027           7022.46611481            
0.0808419710528           6808.15755477            
0.0835679650712           6560.89126987            
0.0863794753003           6264.71654924            
0.0892804434821           5916.62496775            
0.0922748107762           5527.9108373             
0.0953665237067           5121.00413182            
0.0985595395181           4725.49163052            
0.101857831571            4368.98005653            
0.105265395378            4071.13297614            
0.108786255858            3839.00939843            
0.11242447638             3664.91217506            
0.116184170149            3528.36981431            
0.120069514494            3403.21205732            
0.124084768607            3262.89702097            
0.128234295281            3089.58291719            
0.132522587219            2884.32000753            
0.136954298492            2665.55670714            
0.141534281762            2458.60754508            
0.146267631975            2282.66753297            
0.151159737289            2144.61493204            
0.156216338178            2038.148154              
0.161443595833            1945.12565223            
0.16684817126             1845.67806595            
0.172437316856            1730.58902281            
0.178218982722            1605.42452693            
0.184201940628            1485.05675289            
0.190395929423            1383.08796847            
0.196811826801            1300.90278035            
0.203461853886            1228.6606925             
0.210359821112            1155.20265558            
0.217521426687            1076.03802033            
0.22496462272             997.323370122            
0.232710069389            926.923908372            
0.240781705046            866.586229774            
0.249207470861            810.489510879            
0.258020244327            753.837110552            
0.267259059209            697.754580897            
0.276970724912            646.144964765            
0.287212013061            599.237923401            
0.298052666291            554.424179354            
0.309579626656            510.366112538            
0.321903120918            468.765099605            
0.335165657927            429.936582361            
0.349555750077            392.153433465            
0.365329602438            355.859764429            
0.382846858824            321.065674231            
0.402632478681            287.022284971            
0.425490228538            253.77988421             
0.452725466707            220.733789044            
0.486617550942            187.469659329            
0.53150172755             153.283322638            
0.596321240619            117.578948028            
0.699202777912            81.0991796938            
0.862208509467            49.3533736792            
1.08393593357             28.4341245003            
1.36456772945             16.1878974806            
1.71788889954             9.1440083736             
2.16269399022             5.12863677207            
2.72267042223             2.85819674227            
3.42763898248             1.5834000333             
4.3151418175              0.87249539839            
5.43244168955             0.478407494874           
6.83903889106             0.26112810284            
8.60983985221             0.141925966781           
