k                         pk_lin                   
1.25152813558e-07         1.9028802332             
1.57558057345e-07         2.37312959155            
1.98353842225e-07         2.95958934254            
2.49712692504e-07         3.69097798437            
3.14369654241e-07         4.60311107535            
3.95767946421e-07         5.74065509513            
4.98242324923e-07         7.15931472905            
6.27249924077e-07         8.9285606852             
7.89660868966e-07         11.1350316233            
9.94124134641e-07         13.8867767856            
1.25152813558e-06         17.3185470879            
1.57558057345e-06         21.5983937717            
1.98353842225e-06         26.9358977489            
2.49712692504e-06         33.5924326228            
3.14369654241e-06         41.8939639598            
3.95767946421e-06         52.2470115807            
4.98242324923e-06         65.1585565341            
6.27249924077e-06         81.2608675819            
7.89660868966e-06         101.34246293             
9.94124134641e-06         126.386723382            
1.25152813558e-05         157.620097352            
1.57558057345e-05         196.570213394            
1.98353842225e-05         245.144110525            
2.49712692504e-05         305.718362198            
3.14369654241e-05         381.255224939            
3.95767946421e-05         475.44567691             
4.98242324923e-05         592.886366952            
6.27249924077e-05         739.297165107            
7.89660868966e-05         921.786424755            
9.94124134641e-05         1149.17012912            
0.000125152813558         1432.3474102             
0.000157558057345         1784.72636532            
0.000198353842225         2222.67680451            
0.000249712692504         2765.95663011            
0.000314369654241         3438.01520524            
0.000395767946421         4266.03247744            
0.000498242324923         5280.53770432            
0.000627249924077         6514.47179574            
0.000789660868966         8001.41576884            
0.000994124134641         9771.9351599             
0.00125152813558          11847.3880152            
0.00157558057345          14230.6996776            
0.00198353842225          16895.5494884            
0.00249712692504          19773.615799             
0.00314369654241          22739.5371439            
0.00395767946421          25599.4586356            
0.00498242324923          28077.1621982            
0.00627249924077          29816.9518791            
0.00789660868966          30391.5868907            
0.00994124134641          29355.0541916            
0.0125152812984           26396.5295937            
0.015755755482            21645.0478612            
0.0198275821792           16038.7975331            
0.0246836188556           11395.9505521            
0.0289071347468           9194.22812331            
0.0319498299087           8353.38321653            
0.034438016678            7940.39208231            
0.0366497951862           7674.73359862            
0.0387073745933           7446.84417584            
0.0406747033848           7203.61481224            
0.0425898136323           6918.45139954            
0.0444775345489           6580.6406758             
0.0463552802168           6191.15255673            
0.048235990973            5759.77775865            
0.0501297587852           5302.13385223            
0.0520447861114           4837.68652229            
0.0539879819242           4387.03907012            
0.0559653483062           3968.80977392            
0.0579822401469           3598.37074499            
0.0600435447227           3286.02887547            
0.0621538088727           3037.03546911            
0.0643173308216           2850.63053032            
0.0665382274919           2721.55483462            
0.0688204844112           2639.66127954            
0.0711679929998           2590.47677068            
0.07358457855             2556.40595479            
0.0760740212578           2518.40175994            
0.0786400720336           2457.99982258            
0.0812864644092           2362.28071925            
0.0840169235741           2226.62258561            
0.086835173396            2056.74836366            
0.0897449421531           1867.38624969            
0.0927499676321           1678.37210044            
0.0958540021896           1509.16185277            
0.0990608183509           1373.94826482            
0.102374215491            1278.76551991            
0.105798028141            1220.66756067            
0.10933613644             1188.7485081             
0.112992479269            1167.13705747            
0.116771070574            1137.16029345            
0.120676019409            1084.90047505            
0.124711554227            1008.01427922            
0.128882051963            916.338129626            
0.133192072501            825.681044691            
0.137646399152            749.976957956            
0.142250085884            696.540436423            
0.147008512152            663.673648808            
0.151927446368            641.086627389            
0.157013119297            615.592242197            
0.162272309019            578.952145567            
0.167712439501            531.979608202            
0.173341695489            483.728546135            
0.179169157144            444.109919802            
0.185204958944            416.026618924            
0.191460478735            395.208780539            
0.197948564684            374.036900282            
0.204683810409            347.91408856             
0.211682892029            319.325903345            
0.218964985665            293.662542766            
0.226552290727            273.707409279            
0.234470693983            256.645921977            
0.242750623548            238.864084086            
0.251428162861            219.865278763            
0.26054652639             202.202791273            
0.270158047808            187.107078285            
0.280326909015            173.170032604            
0.291132964785            158.874842692            
0.302677229773            145.20992576             
0.315089962376            132.957448661            
0.328542942467            121.029857206            
0.343268786053            109.416388635            
0.35959260071             98.5229063155            
0.377986422347            87.8567122036            
0.39916828911             77.5117869444            
0.424294974917            67.2905020405            
0.455366617858            57.0910803581            
0.496145348189            46.6986439537            
0.55432919406             35.9394615704            
0.645771804884            24.966625148             
0.79223847768             15.2341609783            
0.995231548695            8.71076571188            
1.25287672635             4.91770688825            
1.577278155               2.75697987219            
1.98567555068             1.53597608649            
2.49981741032             0.850804751732           
3.1470836627              0.468803794978           
3.96194359602             0.257068627181           
4.98779147312             0.140332845778           
6.27925743424             0.0762891834092          
7.90511675117             0.0413119686852          
9.95195236124             0.0222897772534          
