k                         pk_lin                   
1.12519278135e-07         3.3587911683             
1.41653378561e-07         4.2155379424             
1.78331037937e-07         5.29082019493            
2.2450547537e-07          6.64038106586            
2.8263564803e-07          8.33418242829            
3.55817199584e-07         10.460031745             
4.4794731451e-07          13.128134049             
5.63932257382e-07         16.476805024             
7.09948649348e-07         20.6796413554            
8.93772395733e-07         25.9545200641            
1.12519278135e-06         32.5748933544            
1.41653378561e-06         40.8839645052            
1.78331037937e-06         51.3124796904            
2.2450547537e-06          64.4010580637            
2.8263564803e-06          80.8282177113            
3.55817199584e-06         101.44555035             
4.4794731451e-06          127.321868244            
5.63932257382e-06         159.798611936            
7.09948649348e-06         200.559391164            
8.93772395733e-06         251.717263977            
1.12519278135e-05         315.924371279            
1.41653378561e-05         396.505701286            
1.78331037937e-05         497.638059569            
2.2450547537e-05          624.560263824            
2.8263564803e-05          783.844032363            
3.55817199584e-05         983.731084317            
4.4794731451e-05          1234.55253509            
5.63932257382e-05         1549.24935392            
7.09948649348e-05         1944.01330252            
8.93772395733e-05         2439.06774301            
0.000112519278135         3059.60188935            
0.000141653378561         3836.85734597            
0.000178331037937         4809.3344222             
0.00022450547537          6024.0318289             
0.00028263564803          7537.55844086            
0.000355817199584         9416.88130842            
0.00044794731451          11739.4202823            
0.000563932257382         14592.0448382            
0.000709948649348         18067.8350409            
0.000893772395733         22258.5086937            
0.00112519278135          27241.3808644            
0.00141653378561          33060.3119037            
0.00178331037937          39699.3329762            
0.0022450547537           47051.1398722            
0.0028263564803           54882.4166091            
0.00355817199584          62800.6488396            
0.0044794731451           70242.584163             
0.00563932257382          76460.0101028            
0.00709948649348          80562.6156192            
0.00893772395733          81609.9885757            
0.0112519278067           78810.9435397            
0.0141653279685           71921.1741679            
0.0178307772728           61809.5270162            
0.0223278382804           50927.5090952            
0.0266870420496           43226.7349233            
0.0298121624966           39142.1522994            
0.0322883428738           36448.5929481            
0.0344529315031           34319.3234036            
0.0364475710996           32453.9029601            
0.0383434138543           30723.4128567            
0.0401815633706           29065.9159834            
0.041988280312            27458.4660516            
0.0437816729795           25899.2038244            
0.045575011842            24395.1345802            
0.0473785255289           22961.9927804            
0.0492004440709           21613.3481351            
0.0510476393388           20364.7472679            
0.0529260362289           19225.4019141            
0.0548408865595           18199.531041             
0.0567969571564           17284.3032187            
0.0587986622927           16469.8045188            
0.0608501588748           15738.9329862            
0.0629554159733           15070.6063542            
0.065118266242            14440.6550962            
0.0673424442725           13826.0536903            
0.0696316153504           13206.3234358            
0.0719893970649           12569.1749069            
0.0744193755549           11911.8189493            
0.0769251177323           11241.1065334            
0.0795101805326           10571.7548408            
0.0821781180418           9923.95736132            
0.0849324872235           9316.5349855             
0.0877768528844           8764.52550859            
0.090714792462            8272.95668607            
0.0937499011846           7837.28671571            
0.0968857981316           7444.16299071            
0.100126133711            7075.31636824            
0.103474599062            6713.5071365             
0.106934937875            6347.71850745            
0.110510961144            5976.64735744            
0.114206565326            5605.94206787            
0.118025754432            5250.94160505            
0.121972666551            4923.66583343            
0.126051605363            4628.27195823            
0.13026707723             4361.29978656            
0.134623834537            4113.09422277            
0.13912692606             3873.04857903            
0.143781755314            3637.74903256            
0.14859414802             3410.26027665            
0.153570430176            3193.37440515            
0.158717518567            2990.0237607             
0.164043026114            2803.01727392            
0.169555385143            2629.22859287            
0.175263992589            2463.89124914            
0.181179382375            2305.91688557            
0.187313431846            2154.93284458            
0.193679611385            2012.78599265            
0.20029328936             1880.18512147            
0.207172108747            1755.18542051            
0.21433645773             1637.21562945            
0.221810064938            1524.62734439            
0.229620762241            1418.47726844            
0.237801476001            1318.42556235            
0.246391534816            1223.96582369            
0.255438423453            1133.90018846            
0.265000178328            1048.82127128            
0.275148725927            968.020644486            
0.285974642056            891.025307422            
0.297594113164            817.767353173            
0.310159421982            747.69138576             
0.323875285409            680.462569322            
0.339025332607            615.637323179            
0.356017041734            552.784794481            
0.375462261026            491.329481958            
0.39833102436             430.63684599             
0.426267942739            369.840254677            
0.4622967798              307.853507812            
0.512484748823            243.351244591            
0.589534961092            176.135537356            
0.714417080714            112.350955278            
0.89510385333             65.7249956842            
1.12673293139             37.7015057802            
1.41847182071             21.4509045867            
1.78575022005             12.1183818756            
2.24812633114             6.80203069716            
2.8302233672              3.79563267921            
3.56304011802             2.10661834976            
4.48560174782             1.16346601938            
5.64703802751             0.639654440274           
