k                         pk_lin                   
1.29186528194e-07         1.15745640084            
1.62636203205e-07         1.43652980445            
2.04746849092e-07         1.78289037718            
2.57761011307e-07         2.21276167553            
3.24501887304e-07         2.74627890495            
4.08523672102e-07         3.40843205448            
5.14300832129e-07         4.23023642975            
6.47466386874e-07         5.2501854124             
8.15111887719e-07         6.51605349307            
1.0261650689e-06          8.08713403231            
1.29186528194e-06         10.0370165663            
1.62636203205e-06         12.4570337463            
2.04746849092e-06         15.4605393676            
2.57761011307e-06         19.1882178701            
3.24501887304e-06         23.814674008             
4.08523672102e-06         29.5566113512            
5.14300832129e-06         36.6829826969            
6.47466386874e-06         45.5275878398            
8.15111887719e-06         56.5047087812            
1.0261650689e-05          70.1285147299            
1.29186528194e-05         87.0371650661            
1.62636203205e-05         108.021931197            
2.04746849092e-05         134.06564804             
2.57761011307e-05         166.387419909            
3.24501887304e-05         206.499672888            
4.08523672102e-05         256.278245431            
5.14300832129e-05         318.048844638            
6.47466386874e-05         394.693183707            
8.15111887719e-05         489.778458741            
0.00010261650689          607.713788314            
0.000129186528194         753.936007385            
0.000162636203205         935.124455703            
0.000204746849092         1159.43807113            
0.000257761011307         1436.75635379            
0.000324501887304         1778.88690248            
0.000408523672102         2199.67789378            
0.000514300832129         2714.95475682            
0.000647466386874         3342.20286539            
0.000815111887719         4099.91392162            
0.0010261650689           5006.30757129            
0.00129186528194          6076.83553694            
0.00162636203205          7320.1349102             
0.00204746849092          8732.71544944            
0.00257761011307          10292.4464983            
0.00324501887304          11950.453428             
0.00408523672102          13622.7165481            
0.00514300832129          15182.8797645            
0.00647466386874          16455.0212653            
0.00815111887719          17217.9456505            
0.010261650689            17221.6496387            
0.0129186527702           16249.9745142            
0.016263575137            14257.4708853            
0.0204673965948           11566.7547039            
0.0254981827464           9016.22879916            
0.0299185651233           7584.78157872            
0.033097574539            6926.56163175            
0.0356900230788           6535.44331726            
0.0379911065328           6247.09671575            
0.04012996112             5996.60749772            
0.0421739106205           5752.74127919            
0.0441628890029           5499.77065428            
0.0461229157142           5230.86597532            
0.048072211201            4945.17955204            
0.0500242976533           4646.21724013            
0.0519897093678           4340.48690171            
0.0539770003103           4036.35954937            
0.0559933696969           3742.86383389            
0.0580450673784           3468.5711126             
0.0601376659478           3220.73380036            
0.0622762487811           3004.43867572            
0.0644655431359           2822.2049738             
0.0667100162089           2673.6807332             
0.0690139455306           2555.73428448            
0.0713814711458           2462.58965703            
0.073816634593            2386.26784888            
0.076323408153            2317.31891322            
0.0789057168321           2246.00280746            
0.0815674548898           2163.71746662            
0.0843124982837           2065.00961338            
0.0871447141112           1948.56262624            
0.0900679679389           1818.10586175            
0.0930861297773           1681.32459676            
0.096203079381            1548.06744214            
0.0994227114971           1427.85866045            
0.102748941656            1327.41301482            
0.106185713075            1249.15056773            
0.109737005227            1190.76163199            
0.113406844639            1145.46356201            
0.117199318442            1104.28558597            
0.121118591235            1058.59750356            
0.125168925789            1002.18024555            
0.129354708144            935.024396658            
0.133680477679            862.994492054            
0.138150962738            794.554997194            
0.142771122497            736.222571749            
0.147546195804            690.373233677            
0.152481757895            655.053170337            
0.157583786046            624.600875263            
0.162858735496            592.422463056            
0.16831362732             555.280280436            
0.173956150388            514.792074247            
0.17979478017             475.586174581            
0.185838917952            442.138688501            
0.192099055107            415.200232923            
0.198586968487            391.68635849             
0.205315954948            368.038533638            
0.212301115579            342.670423177            
0.219559703808            317.312629378            
0.227111556486            294.535139724            
0.234979634027            274.95693105             
0.243190705665            256.936898241            
0.251776230382            238.798220574            
0.260773505622            220.885714243            
0.27022718841             204.326454945            
0.280191343836            189.279749784            
0.290732255508            175.003511021            
0.301932362216            160.992515723            
0.31389590223             147.735344893            
0.326757223153            135.403133811            
0.34069339288             123.451090727            
0.355944020217            111.962294869            
0.372843704575            100.981923607            
0.391877767942            90.2752795723            
0.413783534467            79.8444975532            
0.439747011353            69.5228057798            
0.471815003933            59.1796340378            
0.513829100745            48.6096790148            
0.573636518405            37.6158714758            
0.667437525929            26.3293922455            
0.817942200333            16.1936391259            
1.02733712373             9.30960297003            
1.2932879126              5.27715837147            
1.62815278333             2.96802526006            
2.04972291307             1.65757965744            
2.5804482624              0.919816321193           
3.24859189135             0.507448015521           
4.08973488457             0.278456199193           
5.14867117369             0.15204819514            
6.48179297753             0.082650273096           
8.1600938934              0.0447386334988          
