k                         pk_lin                   
1.28866267416e-07         2.66471068991            
1.62233018774e-07         3.30126254201            
2.04239269966e-07         4.08987527711            
2.57122007047e-07         5.06687352775            
3.23697428603e-07         6.27725923329            
4.075109186e-07           7.77678449365            
5.13025851009e-07         9.63451959097            
6.45861280743e-07         11.9360344657            
8.13091178821e-07         14.7873401908            
1.02362114712e-06         18.3197719936            
1.28866267416e-06         22.6960387443            
1.62233018774e-06         28.1177175603            
2.04239269966e-06         34.8345387363            
2.57122007047e-06         43.1558886801            
3.23697428603e-06         53.4650606936            
4.075109186e-06           66.2369100114            
5.13025851009e-06         82.0597263138            
6.45861280743e-06         101.662331192            
8.13091178821e-06         125.947648714            
1.02362114712e-05         156.034295403            
1.28866267416e-05         193.30814968             
1.62233018774e-05         239.484386426            
2.04239269966e-05         296.689649418            
2.57122007047e-05         367.557096868            
3.23697428603e-05         455.347331486            
4.075109186e-05           564.096988315            
5.13025851009e-05         698.801237824            
6.45861280743e-05         865.637387176            
8.13091178821e-05         1072.23659742            
0.000102362114712         1328.0106188             
0.000128866267416         1644.53754635            
0.000162233018774         2036.00400574            
0.000204239269966         2519.68771669            
0.000257122007047         3116.44084041            
0.000323697428603         3851.10065087            
0.0004075109186           4752.71801722            
0.000513025851009         5854.47399372            
0.000645861280743         7193.13427927            
0.000813091178821         8807.70209775            
0.00102362114712          10736.4041647            
0.00128866267416          13011.0663278            
0.00162233018774          15649.092995             
0.00204239269966          18642.5795575            
0.00257122007047          21944.5634552            
0.00323697428603          25452.96372              
0.004075109186            28994.6385656            
0.00513025851009          32311.420954             
0.00645861280743          35053.6373204            
0.00813091178821          36788.2718396            
0.0102362114712           37039.0648365            
0.0128866266563           35403.8001774            
0.0162232337706           31798.06619              
0.0204141303369           26789.0240192            
0.0253747250316           21896.6755151            
0.0296025676857           18991.369531             
0.0326609160969           17467.7504233            
0.0351756222347           16444.9212988            
0.0374174387301           15628.1958288            
0.0395064425517           14900.8400536            
0.0415059304924           14206.0183651            
0.0434537453476           13517.3359879            
0.0453746902889           12824.4112681            
0.0472862154061           12126.3803575            
0.0492013211248           11429.3829559            
0.0511301683634           10744.3443709            
0.0530810311152           10083.1121258            
0.0550608899305           9458.48858719            
0.0570758175877           8881.65146694            
0.0591312385722           8360.61335778            
0.0612321087363           7900.03043088            
0.0633830426653           7499.72672338            
0.0655884057149           7155.05585397            
0.0678523815247           6856.70608886            
0.0701790220968           6592.08393086            
0.0725722852231           6345.99465096            
0.0750360625729           6103.50239624            
0.0775742008063           5850.8895322             
0.0801905174474           5579.51438994            
0.0828888128395           5286.08877167            
0.0856728792257           4975.35681047            
0.0885465078142           4657.69395481            
0.0915134945686           4347.53047861            
0.0945776453811           4059.20409538            
0.0977427812397           3803.65481152            
0.101012743969            3585.7012483             
0.104391403099            3402.54497583            
0.10788266442             3244.85686535            
0.111490480739            3099.00660358            
0.115218865405            2951.77319845            
0.119071909093            2794.1629977             
0.123053800413            2625.04270088            
0.127168850866            2450.85145835            
0.131421524704            2282.68530032            
0.135816474308            2131.33367646            
0.140358581713            2001.15035074            
0.14505300705             1888.71815727            
0.149905244771            1786.36716516            
0.154921188728            1686.69977498            
0.160107207435            1584.81328288            
0.165470231183            1480.89585876            
0.171017853145            1380.50467147            
0.176758447236            1289.12581518            
0.182701306278            1208.01367159            
0.188856805122            1134.71629081            
0.19523659481             1064.31111501            
0.201853835761            994.414308127            
0.208723480604            926.67948352             
0.215862620848            863.270458117            
0.22329091654             805.570366751            
0.231031135111            751.797151124            
0.239109835612            700.140207069            
0.247558249249            650.248913313            
0.256413428805            603.433362978            
0.265719772519            559.675642734            
0.275531078948            518.235198097            
0.285913370261            478.617223142            
0.296948853284            440.984135388            
0.308741609161            405.343757029            
0.321425987507            371.3429536              
0.335179375897            338.704186698            
0.350242325675            307.458409439            
0.36695160883             277.289082549            
0.385797211052            247.995277105            
0.407526372816            219.313292037            
0.433346702395            190.891812947            
0.465354268473            162.322628928            
0.507508890378            133.048583779            
0.567940108241            102.516340811            
0.663297575802            71.2252317238            
0.815443195227            43.5404910088            
1.02471538141             25.0293373496            
1.29000332428             14.1998331876            
1.62401782233             7.99094660743            
2.04451730566             4.46419182204            
2.57389479095             2.47755410903            
3.24034155961             1.3667362588             
4.07934833229             0.74982073843            
5.13559527907             0.409290766413           
6.46533140151             0.222376612028           
