k                         pk_lin                   
2.07056107353e-07         0.262154580357           
2.60668195214e-07         0.325272576747           
3.28161815002e-07         0.40358726153            
4.13131248086e-07         0.500757485609           
5.20101426622e-07         0.621323027993           
6.54768902685e-07         0.770916693626           
8.24305210443e-07         0.956527477231           
1.0377387765e-06          1.18682708814            
1.30643571654e-06         1.47257509134            
1.64470512243e-06         1.82712159277            
2.07056107353e-06         2.26703095442            
2.60668195214e-06         2.81285567891            
3.28161815002e-06         3.49009661953            
4.13131248086e-06         4.33039437642            
5.20101426622e-06         5.37300754095            
6.54768902685e-06         6.66664685144            
8.24305210443e-06         8.27175095198            
1.0377387765e-05          10.2633100772            
1.30643571654e-05         12.7343695854            
1.64470512243e-05         15.8003770243            
2.07056107353e-05         19.6045775267            
2.60668195214e-05         24.3246391285            
3.28161815002e-05         30.1810704969            
4.13131248086e-05         37.4474163222            
5.20101426622e-05         46.4630205772            
6.54768902685e-05         57.6488230681            
8.24305210443e-05         71.5268927468            
0.00010377387765          88.7445737101            
0.000130643571654         110.10423606             
0.000164470512243         136.599811824            
0.000207056107353         169.461377801            
0.000260668195214         210.209052601            
0.000328161815002         260.717206466            
0.000413131248086         323.289262362            
0.000520101426622         400.742005381            
0.000654768902685         496.496119014            
0.000824305210443         614.66762278             
0.0010377387765           760.150276318            
0.00130643571654          938.574827983            
0.00164470512243          1156.52653519            
0.00207056107353          1421.19660175            
0.00260668195214          1740.01662268            
0.00328161815002          2119.94644961            
0.00413131248086          2566.24341421            
0.00520101426622          3080.48405046            
0.00654768902685          3657.58580489            
0.00824305210443          4281.72376838            
0.010377387765            4920.56843191            
0.0130643571654           5519.92549378            
0.0164470512221           6000.29955728            
0.020705606167            6264.97610488            
0.0260653556359           6232.91004511            
0.0327162981831           5907.75045444            
0.0396321686957           5492.13296004            
0.044685779837            5217.9822092             
0.0485910254914           5031.55461554            
0.051958414631            4884.32484455            
0.0550379342174           4755.33645494            
0.0579513001685           4634.01416115            
0.0607672767365           4514.11451614            
0.0635290837271           4391.95292479            
0.0662661478444           4265.49095163            
0.0689998128017           4133.92091188            
0.0717463879806           3997.53079513            
0.0745188988968           3857.42315423            
0.0773281518455           3715.41946293            
0.0801834122729           3573.78417575            
0.0830928538292           3435.08976983            
0.0860638651405           3301.75352083            
0.0891032649051           3175.94232765            
0.0922174559541           3059.24773522            
0.0954125374856           2952.46389528            
0.0986943879016           2855.36051492            
0.102068726513            2766.77993879            
0.105541159775            2684.61629837            
0.109117216016            2605.93956162            
0.112802371555            2527.60251959            
0.116602070338            2446.53608416            
0.120521738778            2360.4832852             
0.124566797132            2268.48629458            
0.128742668551            2171.18481402            
0.133054786799            2070.80716139            
0.137508603539            1970.7541009             
0.142109596039            1874.88977762            
0.146863276098            1786.56273603            
0.151775200996            1707.55991553            
0.156850987233            1637.78516527            
0.162096327823            1575.12953137            
0.167517013907            1516.00956023            
0.173118961436            1456.12208467            
0.178908243698            1392.44045051            
0.184891130461            1324.50659202            
0.191074134566            1254.43239754            
0.197464066857            1185.8609503             
0.20406810043             1122.48572805            
0.210893845388            1066.42654593            
0.217949435446            1017.11439313            
0.225243628125            971.567157513            
0.232785920628            926.231599145            
0.240586684145            878.827636929            
0.248657320023            829.732498053            
0.257010442316            781.776016783            
0.26566009253             737.847416288            
0.274621994171            698.846130054            
0.283913857076            663.117960726            
0.293555744733            627.921061762            
0.303570522133            591.95370547             
0.313984407784            556.209201015            
0.324827661925            522.796045751            
0.336135455027            492.45014341             
0.347948978025            463.894628625            
0.360316881246            435.538141854            
0.373297167308            407.466916121            
0.386959721882            380.892540062            
0.40138975811             356.156223253            
0.416692598221            332.243081629            
0.433000460378            308.619370672            
0.450482336393            285.975836276            
0.469358785421            264.391277208            
0.4899248324              243.143597378            
0.512586793382            222.407835882            
0.537924209016            202.17150531             
0.566799641573            182.023185233            
0.600565798716            161.934168914            
0.641485530109            141.494245466            
0.693653752883            120.336818044            
0.765161465316            97.9231402418            
0.872977316743            73.8760863686            
1.04773333026             49.5882183184            
1.30861077062             30.135748231             
1.64700416496             17.7728775457            
2.07345147282             10.353264561             
2.6103207433              5.9678609682             
3.28619911667             3.40763220496            
4.13707957619             1.92923175739            
5.20827460908             1.08383275842            
6.55682925697             0.604648422287           
8.2545589724              0.335178977189           
10.3918740535             0.184728466629           
