k                         pk_lin                   
9.19988163364e-08         7.77990441922            
1.15819647741e-07         9.73608286239            
1.45808297726e-07         12.1841226313            
1.83561771258e-07         15.2476972918            
2.3109057847e-07          19.0815768799            
2.90925801662e-07         23.8794467948            
3.66253884659e-07         29.8836926747            
4.61086322566e-07         37.3976455798            
5.80473288509e-07         46.8009061041            
7.30772573772e-07         58.5685215797            
9.19988163364e-07         73.2949851952            
1.15819647741e-06         91.7242694519            
1.45808297726e-06         114.787411227            
1.83561771258e-06         143.649547224            
2.3109057847e-06          179.768776009            
2.90925801662e-06         224.96982032             
3.66253884659e-06         281.536211005            
4.61086322566e-06         352.3256497              
5.80473288509e-06         440.914378273            
7.30772573772e-06         551.777848515            
9.19988163364e-06         690.516819396            
1.15819647741e-05         864.127511992            
1.45808297726e-05         1081.37729281            
1.83561771258e-05         1353.22642476            
2.3109057847e-05          1693.37783225            
2.90925801662e-05         2118.95492752            
3.66253884659e-05         2651.33753287            
4.61086322566e-05         3317.18365349            
5.80473288509e-05         4149.66259617            
7.30772573772e-05         5189.90920659            
9.19988163364e-05         6488.6734913             
0.000115819647741         8108.06990037            
0.000145808297726         10123.2021469            
0.000183561771258         12623.2475099            
0.00023109057847          15711.3698384            
0.000290925801662         19502.7230181            
0.000366253884659         24119.9367574            
0.000461086322566         29685.2747741            
0.000580473288509         36306.5101658            
0.000730772573772         44051.599354             
0.000919988163364         52913.3204072            
0.00115819647741          62767.4598022            
0.00145808297726          73329.0196264            
0.00183561771258          84119.7143293            
0.0023109057847           94448.6899359            
0.00290925801662          103427.786418            
0.00366253884659          110053.757875            
0.00461086322566          113243.522691            
0.00580473288509          112006.839848            
0.00730772573772          105572.554776            
0.00919988163346          93680.8280934            
0.0115819641715           77070.3501947            
0.0145805471997           58120.9855862            
0.018329824273            40933.9571244            
0.0225025823986           30040.4910967            
0.0257082535905           25639.8067997            
0.0281100473292           23544.4072948            
0.0301429812898           22120.9158332            
0.0319834760557           20895.1194424            
0.0337141234558           19693.4312546            
0.0353802798942           18451.5867494            
0.0370098715291           17159.7172125            
0.0386216138791           15836.454193             
0.0402289097342           14516.524328             
0.041841892119            13238.8098722            
0.043468580493            12041.8916391            
0.0451155758887           10960.0210996            
0.0467884996999           10015.6261354            
0.0484922819032           9220.7800863             
0.0502313567024           8575.51075923            
0.0520097989855           8069.27758076            
0.0538314216434           7681.5508495             
0.0556998462297           7382.86543634            
0.0576185549796           7139.43826725            
0.0595909294944           6913.66928197            
0.0616202796963           6670.82769472            
0.0637098655737           6384.59172332            
0.0658629135278           6040.97948916            
0.0680826286653           5642.21471299            
0.0703722040696           5205.88101934            
0.0727348278776           4761.27096869            
0.0751736888496           4340.34722551            
0.0776919810342           3970.91835474            
0.0802929080651           3668.30882436            
0.082979687597            3435.0716034             
0.0857555563597           3258.77245866            
0.0886237762983           3117.59433774            
0.0915876422547           2985.85056819            
0.094650491644            2840.20315091            
0.0978157165713           2669.93881666            
0.101086778835            2476.04710764            
0.104467228263            2276.71572532            
0.107960724848            2091.70263528            
0.111571065141            1934.12832657            
0.115302213442            1806.88396058            
0.119158338333            1701.96524001            
0.123143855224            1605.11426442            
0.127263475689            1507.0181894             
0.131522264543            1405.47608207            
0.135925705855            1302.13956705            
0.140479779407            1203.59648723            
0.145191049525            1117.2021343             
0.150066768786            1042.55095491            
0.155114999832            974.473323173            
0.160344759505            909.105517346            
0.165766190842            844.014895846            
0.171390770216            781.765677199            
0.177231559324            724.847308953            
0.183303515023            672.980128612            
0.189623874633            625.413030667            
0.196212640848            579.263129785            
0.20309319983             535.471190226            
0.210293119813            494.722788847            
0.217845198134            457.184135356            
0.22578885596             421.357463631            
0.234172028855            387.70693791             
0.243053779466            356.046205564            
0.252507987075            326.077547668            
0.262628686549            297.891733748            
0.273538011773            271.109610357            
0.285398397481            245.680366172            
0.298432028747            221.388794133            
0.312953212346            198.10938438             
0.329425064436            175.623896137            
0.348564912328            153.699595611            
0.371554498011            132.116107875            
0.400493410461            110.483433437            
0.439451624858            88.4462494699            
0.49691742108             65.7388359097            
0.589362616732            43.3728624676            
0.732098124039            25.4106521004            
0.921067665684            14.3301850352            
1.15954803898             8.01700844801            
1.4597844753              4.45893284224            
1.83775977169             2.46690769147            
2.31360247736             1.35813890457            
2.91265295154             0.744384424388           
3.66681281643             0.406256107865           
4.61624383489             0.220882688124           
5.81150667079             0.119653491769           
