k                         pk_lin                   
1.51026679184e-07         0.924979497373           
1.90131324283e-07         1.14704935885            
2.39361155718e-07         1.42243394084            
3.0133784153e-07          1.76393308661            
3.79361866237e-07         2.18741963665            
4.77588293672e-07         2.71257719645            
6.01248039279e-07         3.36381502819            
7.5692643544e-07          4.17140259037            
9.52913924434e-07         5.17287645877            
1.19964755472e-06         6.41478502205            
1.51026679184e-06         7.9548520455             
1.90131324283e-06         9.86465966485            
2.39361155718e-06         12.2329755157            
3.0133784153e-06          15.1698786427            
3.79361866237e-06         18.8118759609            
4.77588293672e-06         23.3282470812            
6.01248039279e-06         28.9289124069            
7.5692643544e-06          35.8741902095            
9.52913924434e-06         44.4868961918            
1.19964755472e-05         55.167347924             
1.51026679184e-05         68.4119839039            
1.90131324283e-05         84.8359544646            
2.39361155718e-05         105.202578297            
3.0133784153e-05          130.457996267            
3.79361866237e-05         161.775117404            
4.77588293672e-05         200.607647882            
6.01248039279e-05         248.756779119            
7.5692643544e-05          308.453154329            
9.52913924434e-05         382.457074735            
0.000119964755472         474.180116183            
0.000151026679184         587.830677568            
0.000190131324283         728.584552331            
0.000239361155718         902.77792595             
0.00030133784153          1118.11316614            
0.000379361866237         1383.85621753            
0.000477588293672         1710.98887102            
0.000601248039279         2112.26612884            
0.00075692643544          2602.12276282            
0.000952913924434         3196.24199799            
0.00119964755472          3911.07850956            
0.00151026679184          4762.05111183            
0.00190131324283          5760.72859086            
0.00239361155718          6911.00344681            
0.0030133784153           8203.78765742            
0.00379361866237          9609.68180666            
0.00477588293672          11070.2552354            
0.00601248039279          12488.3561383            
0.0075692643544           13716.6919282            
0.00952913924434          14554.7912217            
0.0119964755472           14757.9540073            
0.0151026676613           14094.679571             
0.0190129713494           12484.5029626            
0.023917089016            10208.3510897            
0.0295859405014           8094.40174568            
0.0341795151702           6978.91612648            
0.0375491404787           6442.51193732            
0.0403577913672           6117.72714127            
0.0428797825384           5880.37718868            
0.0452397644149           5676.98706809            
0.0475046913783           5479.66603916            
0.0497151354021           5272.93165578            
0.0518979595475           5048.82320757            
0.0540722159512           4804.79883621            
0.0562521933872           4542.68459055            
0.0584491230541           4267.34768064            
0.0606721951575           3986.20108689            
0.062929196037            3707.99710131            
0.0652269242209           3441.79086303            
0.0675714714758           3195.86972069            
0.0699684180502           2976.95758298            
0.0724229714643           2789.46550533            
0.0749400670203           2635.15146094            
0.0775244416525           2512.91955035            
0.0801806887714           2418.75628733            
0.0829132992803           2346.03559598            
0.085726692369            2285.91623262            
0.0886252386605           2228.28386132            
0.0916132776153           2163.14001092            
0.0946951306471           2082.45108516            
0.0978751111044           1981.96894288            
0.101157532075            1862.50446184            
0.104546712842            1730.0021679             
0.108046984727            1594.12434281            
0.111662697022            1465.93085465            
0.115398223642            1355.07979513            
0.119257971161            1267.24980004            
0.123246388823            1203.02501261            
0.127367981164            1157.82020598            
0.13162732383             1122.8903422             
0.136029083207            1086.53195623            
0.140578040468            1039.33209031            
0.145279120644            977.859946178            
0.150137427368            905.713818344            
0.155158283975            831.387235944            
0.160347281712            764.694549666            
0.165710335922            712.433263242            
0.17125375124             675.17857355             
0.176984297022            647.339086765            
0.182909294592            620.324183988            
0.189036718245            586.97958758             
0.195375312536            545.918235309            
0.201934729081            502.517551183            
0.208725687081            464.048193695            
0.215760163016            434.354453661            
0.223051616684            411.696826058            
0.230615263022            390.254027806            
0.238468402224            365.597458269            
0.246630824932            338.15741461             
0.255125315187            312.301561717            
0.263978282164            291.165595882            
0.273220563729            273.490499134            
0.28288846235             255.726651065            
0.293025099976            236.612517455            
0.303682218084            218.161631742            
0.314922610553            202.302353188            
0.326823474962            187.886190864            
0.339481127981            173.036647326            
0.353017800734            158.550702974            
0.367591701639            145.552381813            
0.383412390195            132.955760078            
0.400765128372            120.470619954            
0.42005111204             108.754856558            
0.441857311683            97.1936084887            
0.467085003734            85.902478688             
0.497203070415            74.6558280893            
0.534787423432            63.3331726517            
0.584760788081            51.6639423115            
0.657310238473            39.4627013139            
0.77290231251             27.0380243696            
0.955012573945            16.3674425953            
1.20089700256             9.41545215698            
1.51181717718             5.35324492874            
1.90326499249             3.01894652918            
2.39606866439             1.69005843211            
3.01647173001             0.939824224522           
3.79751291486             0.519454411275           
4.78078551014             0.285511932934           
6.01865236705             0.15612892515            
7.57703440963             0.0849741020322          
9.53892116433             0.0460465828297          
