k                         pk_lin                   
8.18540788728e-06         52.6643531812            
1.03048179952e-05         65.9244863365            
1.29729972381e-05         82.5233319353            
1.63320358901e-05         103.301530162            
2.05608150084e-05         129.310781676            
2.58845325013e-05         161.868133423            
3.25866957383e-05         202.621727032            
4.10242193513e-05         253.634035977            
5.16464322404e-05         317.485653721            
6.5019005976e-05          397.404557609            
8.18540788728e-05         497.426825872            
0.000103048179952         622.595544852            
0.000129729972381         779.205510829            
0.000163320358901         975.101163795            
0.000205608150084         1220.03376747            
0.000258845325013         1526.07949983            
0.000325866957383         1908.11160193            
0.000410242193513         2384.30656844            
0.000516464322404         2976.64835013            
0.00065019005976          3711.37639427            
0.000818540788728         4619.2780191             
0.00103048179952          5735.40679566            
0.00129729972381          7098.33452896            
0.00163320358901          8747.8109577             
0.00205608150084          10720.2969829            
0.00258845325013          13042.1388839            
0.00325866957383          15719.3810479            
0.00410242193513          18722.7920853            
0.00516464322404          21967.1234675            
0.0065019005976           25291.3532369            
0.00818540788728          28422.2249653            
0.0103048179952           30959.3834933            
0.0129729972378           32380.9803651            
0.0163320350641           32138.0749161            
0.0205604247995           29924.9858565            
0.0258479209554           26123.327013             
0.031739176067            22340.6524253            
0.0362706016026           20223.8529151            
0.0396637296893           19049.2948206            
0.0425346639773           18245.3550282            
0.0451333035966           17602.1761981            
0.0475765501484           17024.3429316            
0.049928565785            16458.5591541            
0.0522288394787           15876.8059416            
0.0545038277344           15264.5155045            
0.0567724722241           14617.3599265            
0.0590490906291           13937.7309993            
0.0613450122297           13236.967458             
0.0636695610455           12529.1857206            
0.066030676303            11831.8113569            
0.0684353199345           11162.7067157            
0.0708897531523           10538.6164796            
0.0733997293339           9973.10242161            
0.0759706315722           9475.35334707            
0.0786075725383           9048.06017688            
0.0813154679983           8688.1228013             
0.0840990914802           8386.20553315            
0.0869631151923           8126.36900418            
0.0899121407525           7888.79543429            
0.0929507222883           7652.07736192            
0.0960833838087           7395.2792967             
0.0993146323042           7103.93111507            
0.102648967747            6771.87907778            
0.106090890961            6403.76970412            
0.109644910206            6014.81162369            
0.113315547248            5627.09938327            
0.117107343616            5264.44270324            
0.121024867729            4946.57449686            
0.125072723556            4683.22139921            
0.129255561451            4472.67945641            
0.133578091794            4300.96190854            
0.138045102079            4147.37060324            
0.142661478071            3985.66543946            
0.147432229673            3797.69486627            
0.152362522132            3580.45723519            
0.157457713285            3346.7483483             
0.162723397535            3117.6321008             
0.168165457394            2913.70363428            
0.173790123499            2746.33335003            
0.179604044197            2612.91605513            
0.18561436607             2497.01291764            
0.191828827045            2379.03605255            
0.198255864251            2246.45148391            
0.204904739319            2100.76187451            
0.211785684673            1956.80778138            
0.21891007534             1830.12524974            
0.226290632252            1725.4167739             
0.233941664827            1634.8492641             
0.241879363113            1544.75320098            
0.25012215316             1448.00485026            
0.258691133964            1349.31360496            
0.267610620796            1258.74281081            
0.276908828979            1180.62523782            
0.286618745397            1109.14686269            
0.296779254471            1037.09638864            
0.307436614298            964.208281927            
0.318646422859            895.95234364             
0.33047628301             834.422984159            
0.343009485107            775.632540763            
0.356350206969            716.885100165            
0.370631037671            660.933443294            
0.386024170239            608.758856473            
0.402758592209            557.536043747            
0.421147482507            507.738386387            
0.44163380143             459.891989946            
0.464870108031            412.532535791            
0.491866927872            365.928839194            
0.524288551607            319.059337458            
0.565090892713            271.290289263            
0.620001770665            221.481544141            
0.700965034588            168.758534881            
0.831183112941            114.99816657             
1.03235657548             69.9368398224            
1.29881564328             40.8665293638            
1.63510127285             23.6129839559            
2.05847051829             13.5240584905            
2.5914608449              7.68433641997            
3.26245591132             4.3349688407             
4.10718865162             2.42956644409            
5.17064416455             1.35356738944            
6.5094553341              0.749944384348           
8.19491873703             0.413448564331           
10.3167914456             0.226877312675           
