k                         pk_lin                   
4.96050083804e-06         214.804909504            
6.24490056024e-06         267.07559415             
7.86186400941e-06         332.065841302            
9.89750038552e-06         412.870832736            
1.24602147486e-05         513.333442799            
1.56864809834e-05         638.236716433            
1.97481095316e-05         793.523006773            
2.48613969242e-05         986.574983247            
3.12986443606e-05         1226.56146556            
3.94026587403e-05         1524.86212042            
4.96050083804e-05         1895.58576433            
6.24490056024e-05         2356.19625703            
7.86186400941e-05         2928.25460312            
9.89750038552e-05         3638.27282618            
0.000124602147486         4518.64675973            
0.000156864809834         5608.58148392            
0.000197481095316         6954.83612607            
0.000248613969242         8611.99922994            
0.000312986443606         10641.9094111            
0.000394026587403         13111.8496274            
0.000496050083804         16091.2172629            
0.000624490056024         19645.8396884            
0.000786186400941         23827.3998028            
0.000989750038552         28656.1391504            
0.00124602147486          34099.624091             
0.00156864809834          40048.3102882            
0.00197481095316          46292.4814076            
0.00248613969242          52503.6315376            
0.00312986443606          58229.5377008            
0.00394026587403          62912.4177564            
0.00496050083804          65916.6321695            
0.00624490056024          66599.0445258            
0.00786186400941          64393.3907671            
0.00989750038484          58977.9853702            
0.0124602130656           50573.9565563            
0.015685866759            40326.3170622            
0.0197014565473           30449.4076575            
0.0239854159449           23796.1517768            
0.0271600869452           20737.1355008            
0.0295872354995           19015.1430925            
0.0316673097411           17754.2741636            
0.0335631916474           16675.1940457            
0.0353531345214           15667.4764222            
0.0370809263807           14686.1635599            
0.0387738972166           13716.8583923            
0.0404505550018           12762.4683344            
0.0421242655698           11834.8965027            
0.0438052049999           10949.9028062            
0.0455014751268           10124.1503731            
0.0472197793343           9372.37626058            
0.0489658517783           8703.81227754            
0.0507447407649           8123.03971285            
0.0525610019176           7628.90999385            
0.0544188333758           7213.91750765            
0.0563221724871           6865.80531862            
0.0582747661688           6567.11546735            
0.0602802227946           6298.47548168            
0.0623420508234           6040.25376288            
0.0644636877324           5775.19596873            
0.0666485217514           5490.64738367            
0.0688999082024           5181.62629621            
0.0712211817872           4851.50648193            
0.0736156658657           4511.51356209            
0.0760866795575           4176.73887239            
0.0786375433705           3863.64448207            
0.0812715839689           3585.29559561            
0.0839921386362           3348.20055177            
0.0868025599563           3151.24602744            
0.0897062212066           2985.94047514            
0.0927065229523           2839.02887981            
0.0958069013121           2696.57401277            
0.099010838368            2547.90671618            
0.102321875182            2389.54608777            
0.105743627884            2223.83336944            
0.109279807302            2061.44477563            
0.112934242604            1912.65741799            
0.116710909469            1782.57198945            
0.120613963309            1670.97357491            
0.124647778162            1571.88791617            
0.128816991945            1477.37255881            
0.133126558908            1383.33199348            
0.137581810311            1290.33707821            
0.142188524599            1200.03247933            
0.146953008716            1115.36101675            
0.151882192636            1039.42735621            
0.156983739804            971.000604656            
0.162266176993            906.86873499             
0.16773904813             845.457781618            
0.173413098085            786.094376256            
0.179300494332            730.141844371            
0.185415096996            678.618569377            
0.191772791425            630.777278289            
0.198391902447            586.171922707            
0.205293716658            543.428482112            
0.212503149408            503.178319399            
0.220049608312            465.574612522            
0.227968127878            430.515748859            
0.236300884521            397.112925748            
0.245099255617            365.750517182            
0.254426673421            336.169797703            
0.264362668611            308.131734387            
0.275008743486            281.669040819            
0.286497147856            256.500090904            
0.29900442658             232.535971733            
0.312773139051            209.599657747            
0.328148254209            187.556137055            
0.345641394972            166.203933263            
0.366051418022            145.316349296            
0.390707503764            124.661746017            
0.42199955598             103.87976107             
0.464618871065            82.6042785177            
0.528392991093            60.6422633938            
0.631580419033            39.3164133729            
0.787525840748            22.8389482916            
0.991075480931            12.872191822             
1.24768646757             7.1981276641             
1.57074419358             3.99951964839            
1.97744978072             2.20942448247            
2.48946177949             1.2140781249             
3.1340466959              0.663876911725           
3.94553102721             0.361402391257           
4.96712927318             0.195916787141           
6.25324526567             0.105803356187           
