k                         pk_lin                   
7.93887469841e-06         76.133957906             
9.99445109889e-06         95.3956140052            
1.25822684653e-05         119.53040958             
1.5840137509e-05          149.771233859            
1.99415516364e-05         187.661993217            
2.51049261057e-05         235.13805602             
3.16052294357e-05         294.623599576            
3.97886264821e-05         369.155194057            
5.00909129787e-05         462.535900136            
6.30607232489e-05         579.5274653              
7.93887469841e-05         726.089468294            
9.99445109889e-05         909.675684489            
0.000125822684653         1139.59910712            
0.00015840137509          1427.47714426            
0.000199415516364         1787.76663346            
0.000251049261057         2238.39296892            
0.000316052294357         2801.46685147            
0.000397886264821         3504.06686886            
0.000500909129787         4379.04610305            
0.000630607232489         5465.78673468            
0.000793887469841         6810.72307426            
0.000999445109889         8467.13533341            
0.00125822684653          10493.6757028            
0.0015840137509           12951.9193678            
0.00199415516364          15899.5624603            
0.00251049261057          19380.6963065            
0.00316052294357          23410.9596376            
0.00397886264821          27955.7088809            
0.00500909129787          32899.966978             
0.00630607232489          38015.4261546            
0.00793887469841          42915.5118809            
0.00999445109889          47021.4214124            
0.0125822684652           49561.3552569            
0.0158401371023           49704.30374              
0.0199413224903           46903.0879155            
0.0250801016617           41553.5874412            
0.0309459102777           35803.1293786            
0.0356017342605           32386.8793924            
0.0390421161657           30494.2899508            
0.0419262752347           29197.8973933            
0.0445240062865           28159.3641174            
0.0469592447855           27227.5753059            
0.0492991064369           26321.0039451            
0.0515845001199           25394.952005             
0.053842632541            24427.4774014            
0.0560928680283           23410.6689356            
0.0583497722118           22350.0431283            
0.0606248225523           21259.4553481            
0.0629274310392           20160.8458038            
0.0652655868243           19079.6629249            
0.0676462767747           18041.5770218            
0.0700757700652           17071.1441406            
0.0725598161715           16188.2735182            
0.0751037857845           15405.8538924            
0.0777127729538           14728.3645085            
0.0803916701942           14150.2735476            
0.0831452242889           13657.5175405            
0.0859780780379           13227.0256768            
0.088894801604            12829.1336781            
0.0918999160757           12432.0289667            
0.0949979111856           12006.0020239            
0.0981932586653           11529.9228206            
0.101490422421            10995.2925906            
0.104893866505            10409.7988068            
0.108408061745            9796.1734795             
0.112037491775            9186.72039393            
0.115786659195            8616.18866193            
0.119660092531            8112.91360548            
0.123662354647            7690.91714169            
0.127798053245            7346.71426623            
0.132071854103            7059.21218895            
0.136488497663            6797.48510627            
0.141052819589            6525.2311786             
0.145769775939            6215.47806383            
0.150644473578            5864.36962014            
0.155682206493            5491.43046899            
0.160888498739            5128.03490095            
0.166269154782            4803.01626716            
0.171830318162            4531.92561845            
0.17757853954             4310.31233765            
0.183520855427            4114.50284389            
0.189664879245            3916.02651693            
0.196018906762            3698.02525641            
0.202592038551            3463.31567339            
0.209394322869            3232.56704693            
0.216436923368            3028.05912924            
0.223732317383            2855.66392315            
0.231294532328            2703.70947008            
0.239139430124            2553.31811079            
0.247285052835            2394.66421577            
0.255752047185            2234.95241565            
0.264564191834            2087.67586441            
0.273749060151            1958.6585099             
0.28333886388             1839.44188703            
0.293371541632            1720.36434979            
0.303892183792            1601.24254882            
0.314954927382            1489.61882608            
0.326625519801            1387.57998476            
0.338984854477            1290.06166053            
0.352133952187            1193.60264331            
0.366201150283            1101.50405191            
0.381352766804            1015.03628453            
0.397809424679            930.505535287            
0.415871967201            848.411593347            
0.435964387322            769.279773767            
0.458708585299            691.187972199            
0.485062457058            614.229877499            
0.516593195196            536.969327799            
0.556062019521            458.280853284            
0.608773117766            376.326609927            
0.685737221589            289.510579943            
0.808832694004            200.068064762            
1.00145647353             122.887771897            
1.25957604344             72.0597601058            
1.58569475383             41.7467468945            
1.99627137214             23.9691276584            
2.5131567592              13.6509349139            
3.16387690798             7.7177330357             
3.98308503924             4.33443587907            
5.01440697324             2.4195542559             
6.31276436369             1.34306917633            
7.94729947613             0.741801275165           
