k                         pk_lin                   
8.05271053927e-06         91.2052531562            
1.01377619317e-05         113.555939078            
1.27626861145e-05         141.3838661              
1.60672698724e-05         176.031282518            
2.02274943405e-05         219.168292937            
2.54649066421e-05         272.875331278            
3.20584180808e-05         339.741645716            
4.03591571838e-05         422.989995833            
5.08091685773e-05         526.630903534            
6.3964953474e-05          655.653777021            
8.05271053927e-05         816.263022504            
0.000101377619317         1016.16841327            
0.000127626861145         1264.93968158            
0.000160672698724         1574.43484008            
0.000202274943405         1959.30896284            
0.000254649066421         2437.6035782             
0.000320584180808         3031.40499891            
0.000403591571838         3767.54320983            
0.000508091685773         4678.28302643            
0.00063964953474          5801.92522555            
0.000805271053927         7183.13066514            
0.00101377619317          8872.29429223            
0.00127626861145          10924.2488226            
0.00160672698724          13394.8427866            
0.00202274943405          16334.1320485            
0.00254649066421          19776.3782363            
0.00320584180808          23725.2712337            
0.00403591571838          28132.4010544            
0.00508091685773          32868.4486861            
0.0063964953474           37692.796059             
0.00805271053927          42209.4997143            
0.0101377619317           45837.2614295            
0.0127626861144           47828.6740876            
0.0160672693974           47388.3570301            
0.020227236315            44058.3104463            
0.025437773809            38350.098173             
0.0313577851065           32516.4599811            
0.0360245951461           29172.3445352            
0.0394822408514           27354.4103164            
0.0423865197598           26130.799458             
0.0450050923121           25165.7817572            
0.0474613763122           24308.5625127            
0.0498223942562           23479.0024762            
0.0521290805044           22631.3312894            
0.0544087003363           21744.0340232            
0.0566806834702           20806.7201692            
0.0589596595398           19824.7452901            
0.0612571663923           18812.3093793            
0.0635826725857           17789.1088756            
0.0659442204757           16780.0612391            
0.0683488473757           15810.7741874            
0.0708028707343           14905.2085781            
0.0733120866365           14083.8522286            
0.0758819111363           13359.514495             
0.0785174827386           12737.0897651            
0.0812237377713           12212.9182032            
0.0840054663972           11773.753332             
0.0868673545214           11398.2681007            
0.0898140152591           11058.2659418            
0.09285001259             10722.627728             
0.0959798791451           10362.1626657            
0.0992081296159           9953.96828954            
0.102539270973            9488.05713288            
0.105977810483            8970.51965623            
0.109528262374            8420.50455405            
0.113195153929            7869.56008902            
0.116983031713            7351.44547882            
0.120896468621            6894.84119304            
0.124940072406            6515.70755717            
0.129118496334            6212.55881266            
0.133436452611            5967.39813038            
0.137898729201            5751.68246033            
0.142510210679            5527.98536949            
0.147275903738            5269.0771845             
0.152200968012            4968.30452256            
0.157290752873            4641.85669005            
0.162550840929            4318.71477133            
0.167987099015            4028.78453242            
0.173605737605            3790.00628771            
0.179413379714            3600.5438359             
0.185417140627            3438.75665082            
0.191624720107            3276.64420184            
0.198044509168            3094.86631819            
0.204685714092            2893.42654844            
0.21155850115             2691.93362806            
0.218674166491            2513.13881945            
0.226045337039            2365.58461742            
0.233686210043            2239.72702158            
0.241612841352            2116.28092045            
0.249843495802            1983.67729226            
0.258399077661            1847.01062636            
0.267303665397            1720.4367744             
0.276585184025            1611.53708897            
0.286276261193            1513.15227932            
0.29641533201             1414.60759624            
0.307048085768            1314.30988291            
0.318229390462            1219.75522893            
0.330025897606            1134.84937685            
0.342519635988            1054.4436997             
0.355813077175            974.039479048            
0.370036450004            897.081101313            
0.385358596924            825.640971153            
0.402003603791            755.806748005            
0.420277221388            687.733428911            
0.440610673635            622.579492556            
0.463637029261            558.217511137            
0.490332453437            494.970640888            
0.522296187327            431.571175436            
0.562350535985            367.173666734            
0.615926753989            300.281831798            
0.694310717773            229.680347503            
0.819832966562            157.444617457            
1.01576422692             95.8618843943            
1.27765752958             55.777309143             
1.60845952761             32.0730483833            
2.02493053022             18.279779154             
2.5492365016              10.3357578159            
3.20929861253             5.8014690741             
4.04026757735             3.23507613177            
5.08639552358             1.79325596926            
6.40339257907             0.988544888838           
8.06139363948             0.542222327114           
