k                         pk_lin                   
5.78086214662e-06         33.6952567058            
7.27767425846e-06         42.3193286403            
9.16204906274e-06         53.1506731704            
1.15343363892e-05         66.7542267147            
1.45208691885e-05         83.838902668             
1.82806912228e-05         105.295628469            
2.30140267255e-05         132.242790591            
2.89729430725e-05         166.084387522            
3.64747742884e-05         208.582505487            
4.59190202411e-05         261.94778882             
5.78086214662e-05         328.951796038            
7.27767425846e-05         413.065770022            
9.16204906274e-05         518.63027566             
0.000115343363892         651.059129194            
0.000145208691885         817.077943722            
0.000182806912228         1024.99040431            
0.000230140267255         1284.95128379            
0.000289729430725         1609.20138059            
0.000364747742884         2012.18648985            
0.000459190202411         2510.45263342            
0.000578086214662         3122.21127504            
0.000727767425846         3866.50120868            
0.000916204906274         4761.76150332            
0.00115343363892          5823.11081851            
0.00145208691885          7057.61922749            
0.00182806912228          8458.62641465            
0.00230140267255          9999.02986461            
0.00289729430725          11623.5638876            
0.00364747742884          13241.9761376            
0.00459190202411          14724.9186801            
0.00578086214662          15900.5671208            
0.00727767425846          16564.6948526            
0.00916204906274          16498.1064312            
0.011534336376            15523.3895833            
0.014520852799            13619.3317766            
0.0182773063081           11081.2114944            
0.0228541768342           8625.77083298            
0.0271471104691           7156.17179437            
0.0302185394344           6486.43415449            
0.0326771527932           6088.69357009            
0.0348381151184           5790.09769672            
0.0368355205824           5527.10769563            
0.0387376077829           5271.37812759            
0.0405841622928           5010.02299044            
0.0424007766376           4738.51268152            
0.0442051926648           4457.6985461             
0.0460104689968           4171.86198605            
0.0478267079656           3887.4287312             
0.0496620636315           3611.75130966            
0.051523363025            3352.08681306            
0.0534165062856           3114.77044838            
0.0553467339051           2904.46948856            
0.0573188106443           2723.75052342            
0.0593371552706           2572.80587921            
0.0614059339359           2449.43782061            
0.0635291284638           2349.22766256            
0.0657105868899           2265.83520057            
0.0679540611807           2191.6715405             
0.0702632355218           2118.71934029            
0.0726417475767           2039.72517863            
0.0750932044698           1949.48188158            
0.0776211948146           1845.93274592            
0.080229297823            1730.8342289             
0.0829210903411           1609.35692031            
0.0857001525289           1488.88457119            
0.0885700728224           1377.04161392            
0.0915344527619           1279.89996017            
0.0945969122374           1200.34939455            
0.0977610956834           1137.67205721            
0.101030679739            1087.69655711            
0.104409382884            1043.86981764            
0.107900977558            999.200695829            
0.111509305252            948.572704711            
0.115238295088            890.541579505            
0.119091986386            827.918793392            
0.123074555731            766.097146059            
0.127190349119            710.742391508            
0.131443919757            664.783314272            
0.135840072213            627.119710102            
0.14038391371             594.402919356            
0.145080913528            562.865595197            
0.149936971702            529.606132223            
0.154958498504            494.133623085            
0.160152506632            458.963957425            
0.16552671854             427.039964427            
0.171089692096            399.493326932            
0.176850968675            375.500413114            
0.18282124909             352.701756558            
0.189012604442            329.600090365            
0.195438731263            306.724690849            
0.20211526349             285.161015579            
0.209060158117            265.84790247             
0.21629417752             248.207791193            
0.223841500154            231.248018211            
0.231730503994            214.662837441            
0.239994785804            199.05581405             
0.248674507518            184.588080586            
0.257818204514            170.970635323            
0.267485259062            157.922631314            
0.277749353312            145.51467673             
0.288703401365            133.786355876            
0.300466779221            122.649493897            
0.31319624249             111.946853649            
0.327102987205            101.726838262            
0.342480393831            91.8861022288            
0.359751301354            82.3467060194            
0.379553117736            73.0400783467            
0.402901304866            63.8426861846            
0.431527769521            54.6410267253            
0.468639029932            45.2589696336            
0.52070992759             35.509165874             
0.601255515696            25.4040554328            
0.73152687819             15.9942766317            
0.91746172828             9.29783823266            
1.15491845104             5.3139751034             
1.45395562333             3.01413960453            
1.83042168133             1.69814192293            
2.30436436892             0.950882437829           
2.90102286207             0.52946929812            
3.65217140125             0.29330888445            
4.59781138526             0.161720031242           
5.78830159154             0.0887787699808          
7.28703996472             0.0485400403459          
