k                         pk_lin                   
8.21186569727e-06         36.7625301976            
1.03381264045e-05         45.6326189198            
1.3014930041e-05          56.6428887861            
1.63848261614e-05         70.3097241837            
2.06272740224e-05         87.273696814             
2.59681994428e-05         108.330316973            
3.26920261771e-05         134.466676583            
4.11568225174e-05         166.907636238            
5.18133697358e-05         207.172832846            
6.52291678311e-05         257.147066507            
8.21186569727e-05         319.166991056            
0.000103381264045         396.127339098            
0.00013014930041          491.61015208             
0.000163848261614         610.040146995            
0.000206272740224         756.868059204            
0.000259681994428         938.780729802            
0.000326920261771         1163.93089339            
0.000411568225174         1442.17069794            
0.000518133697358         1785.26234796            
0.000652291678311         2207.03037767            
0.000821186569727         2723.29132544            
0.00103381264045          3351.80365548            
0.0013014930041           4111.67310493            
0.00163848261614          5021.58111419            
0.00206272740224          6097.31744262            
0.00259681994428          7347.84039823            
0.00326920261771          8769.67781262            
0.00411568225174          10338.7138294            
0.00518133697358          11999.5548374            
0.00652291678311          13653.2051698            
0.00821186569727          15140.5578108            
0.0103381264045           16233.6574743            
0.0130149300409           16640.0443968            
0.0163848258129           16063.5871261            
0.0206270678779           14365.5274823            
0.0259449628871           11828.0160842            
0.0320514678819           9414.47026572            
0.0369438767784           8130.88379577            
0.0405466938397           7507.49635279            
0.0435591237713           7132.76102188            
0.0462686007467           6865.04157619            
0.0488065054267           6641.37803749            
0.0512437200226           6428.30143389            
0.0536233332751           6206.1049239             
0.0559739432993           5963.81433409            
0.0583158716911           5696.83220191            
0.0606643835231           5405.58081336            
0.0630314936028           5094.71852353            
0.0654270448098           4772.03565932            
0.0678593848813           4447.50931351            
0.0703358088777           4132.15803593            
0.0728628583601           3836.52046137            
0.0754465293915           3569.61446855            
0.0780924204911           3338.19571935            
0.0808058398366           3145.74549744            
0.083591884062            2992.58940286            
0.0864554967916           2875.38874704            
0.0894015124245           2787.36892108            
0.0924346890069           2718.63578447            
0.0955597329444           2657.24767555            
0.0987813175807           2590.54051421            
0.102104097203            2507.1912193             
0.105532717703            2399.95197955            
0.109071824931            2267.02249225            
0.112726071607            2113.53586554            
0.11650012362             1950.30710503            
0.120398666417            1791.24201088            
0.124426412218            1649.83196466            
0.128588108716            1535.41694858            
0.132888549952            1451.49603428            
0.137332589993            1394.89721714            
0.1419251601              1355.0702819             
0.14667129001             1317.7143499             
0.151576133989            1269.66835077            
0.156645002332            1203.09396578            
0.161883398989            1119.02064628            
0.16729706606             1026.90956524            
0.172892035976            940.518596985            
0.178674692307            871.131127017            
0.184651840303            822.373915182            
0.190830788515            789.533866663            
0.197219443199            761.270475728            
0.203826417613            725.817460403            
0.210661158952            678.432235453            
0.217734096428            624.144747322            
0.225056815049            573.312897553            
0.232642261055            534.15087601             
0.240504986753            506.460028748            
0.248661445048            482.983243344            
0.257130347246            455.395913061            
0.265933102382            421.825028921            
0.275094362737            388.050187996            
0.284642709308            360.490579146            
0.294611524054            339.356232106            
0.305040114864            319.16688438             
0.3159751876              295.952204595            
0.327472802798            272.098238167            
0.339601021787            251.953836882            
0.352443553992            234.872489587            
0.366104892455            216.907441336            
0.38071772055             198.401820879            
0.396453890128            182.187719754            
0.413541211309            166.926246561            
0.432290079247            151.171251209            
0.453137527644            136.600087407            
0.476723833431            122.242254075            
0.50403377625             108.079252639            
0.536675664249            94.0090705343            
0.57747703585             79.8100993567            
0.631856575306            65.1188297114            
0.71104699268             49.7226021973            
0.837486037401            34.0343345759            
1.03597519108             20.6210131942            
1.30286625886             11.9009052828            
1.64019059852             6.78876604134            
2.06487756374             3.84047526743            
2.59952683721             2.15625776185            
3.272610394               1.20237498095            
4.11997238791             0.666311373144           
5.18673793503             0.367131582725           
6.52971619073             0.201227974535           
8.22042564431             0.109765167829           
10.3489027394             0.0596056242446          
