k                         pk_lin                   
8.12459065225e-06         43.8021268387            
1.02282536325e-05         54.9522144815            
1.28766084163e-05         68.9406221653            
1.6210689553e-05          86.4898608614            
2.0408049021e-05          108.505906586            
2.56922115176e-05         136.125730399            
3.23445779647e-05         170.775375402            
4.07194111336e-05         214.243361559            
5.12627014293e-05         268.772542214            
6.45359175066e-05         337.174833557            
8.12459065225e-05         422.97423152             
0.000102282536325         530.584428003            
0.000128766084163         665.528220008            
0.00016210689553          834.705969328            
0.00020408049021          1046.71966845            
0.000256922115176         1312.25586064            
0.000323445779647         1644.52410036            
0.000407194111336         2059.7368359             
0.000512627014293         2577.6028309             
0.000645359175066         3221.78992553            
0.000812459065225         4020.27344474            
0.00102282536325          5005.36245092            
0.00128766084163          6213.00313225            
0.0016210689553           7680.94598378            
0.0020408049021           9445.32816033            
0.00256922115176          11535.1809863            
0.00323445779647          13963.6222615            
0.00407194111336          16715.68363              
0.00512627014293          19731.9053786            
0.00645359175066          22890.8563834            
0.00812459065225          25988.893513             
0.0102282536325           28720.4387275            
0.0128766084154           30696.2393671            
0.0162106874107           31496.1652444            
0.0204072626363           30835.2917132            
0.025632198647            28838.0435378            
0.0312123365384           26467.6998678            
0.0353504490136           24875.8563424            
0.0385126860118           23769.1683253            
0.0412219840673           22870.5397376            
0.0436909992104           22070.9939598            
0.0460218370528           21319.775102             
0.0482716081926           20590.3978974            
0.0504759467393           19869.0446177            
0.0526589784771           19151.5459354            
0.0548381228721           18436.877964             
0.0570266400986           17728.9821991            
0.0592350859821           17033.5638898            
0.0614721932746           16357.1791139            
0.0637454313069           15707.1153239            
0.0660613754344           15088.5887725            
0.0684259588492           14506.9337804            
0.0708446488091           13962.6803103            
0.073322572668            13455.1370148            
0.0758646095804           12980.2474991            
0.0784754581245           12531.0314764            
0.0811596866462           12099.0359639            
0.0839217709652           11674.8276269            
0.0867661227001           11250.3112327            
0.0896971105618           10818.4500165            
0.0927190763689           10377.0274614            
0.0958363471371           9927.56486758            
0.0990532443343           9475.71456705            
0.102374091214            9030.36182271            
0.105803219025            8600.93963859            
0.109344972824            8195.95955887            
0.113003717565            7820.23993107            
0.116783845122            7473.47737494            
0.120689782862            7150.53138743            
0.124726004406            6842.98497164            
0.128897043166            6541.62961801            
0.133207509282            6239.71416052            
0.137662110557            5935.0806246             
0.142265677993            5630.97256352            
0.147023196562            5335.0422395             
0.151939841855            5054.38573435            
0.157021023319            4794.02767294            
0.162272434869            4553.17879496            
0.167700113777            4325.93303564            
0.173310508931            4105.88956843            
0.179110559799            3890.21788412            
0.185107787754            3679.07908628            
0.191310401891            3474.73727465            
0.197727422038            3281.06048682            
0.20436882248             3099.78458042            
0.211245700934            2928.99573754            
0.218370478714            2765.83644747            
0.225757139876            2607.95885096            
0.233421519638            2455.43473425            
0.241381655737            2310.43065588            
0.249658221123            2173.21775944            
0.25827506292             2043.09868379            
0.267259881898            1918.49257569            
0.276645100149            1798.75747389            
0.286468984388            1684.42358154            
0.296777121831            1575.6775991             
0.307624390785            1471.69921533            
0.319077638685            1371.9306241             
0.331219393694            1276.27577121            
0.344153123044            1184.52441863            
0.358010870028            1096.24197452            
0.372964664245            1010.99178383            
0.389244133803            928.43976508             
0.407164737449            848.166937112            
0.427175065172            769.614399076            
0.449940317471            692.175163482            
0.476498952112            615.014985735            
0.508578405163            537.078979407            
0.549283782005            456.811166093            
0.604708526651            372.274825969            
0.687616560013            282.036289016            
0.821749584389            190.511608374            
1.02456965757             115.968884976            
1.28938098799             68.3420115593            
1.62322966525             39.8203668886            
2.04352506622             22.983052412             
2.5726456355              13.1522980447            
3.23876896608             7.46888494929            
4.07736855433             4.21191514883            
5.13310288629             2.36018905005            
6.4621936649              1.31494503755            
8.13541982069             0.728746909764           
