k                         pk_lin                   
4.96050083804e-06         77.5340407535            
6.24490056024e-06         96.4011951537            
7.86186400941e-06         119.859487997            
9.89750038552e-06         149.026128151            
1.24602147486e-05         185.288468947            
1.56864809834e-05         230.373056575            
1.97481095316e-05         286.42511156             
2.48613969242e-05         356.110100517            
3.12986443606e-05         442.738888554            
3.94026587403e-05         550.421639616            
4.96050083804e-05         684.256180474            
6.24490056024e-05         850.556277363            
7.86186400941e-05         1057.1240547             
9.89750038552e-05         1313.56654851            
0.000124602147486         1631.64716451            
0.000156864809834         2025.64392667            
0.000197481095316         2512.65242122            
0.000248613969242         3112.7178112             
0.000312986443606         3848.61373588            
0.000394026587403         4745.04430569            
0.000496050083804         5827.10571184            
0.000624490056024         7118.00383769            
0.000786186400941         8635.84156377            
0.000989750038552         10388.179675             
0.00124602147486          12363.3434902            
0.00156864809834          14521.5232791            
0.00197481095316          16786.7089436            
0.00248613969242          19039.7797718            
0.00312986443606          21116.8922691            
0.00394026587403          22815.8377025            
0.00496050083804          23905.4473679            
0.00624490056024          24153.028703             
0.00786186400941          23353.0692703            
0.00989750038484          21389.1946603            
0.0124602130656           18341.6726316            
0.015685866759            14625.0186794            
0.0197014565473           11043.0570665            
0.0239854159449           8630.2209709             
0.0271600869452           7520.6553269             
0.0295872354995           6896.13315546            
0.0316673097411           6438.89853861            
0.0335631916474           6047.51796567            
0.0353531345214           5682.09441197            
0.0370809263807           5326.18123811            
0.0387738972166           4974.65147157            
0.0404505550018           4628.51349383            
0.0421242655698           4292.11890744            
0.0438052049999           3971.2326788             
0.0455014751268           3671.84817208            
0.0472197793343           3399.09442148            
0.0489658517783           3156.60716125            
0.0507447407649           2946.00917848            
0.0525610019176           2766.7992933             
0.0544188333758           2616.30195377            
0.0563221724871           2489.99027466            
0.0582747661688           2381.67172502            
0.0602802227946           2284.29647298            
0.0623420508234           2190.67361399            
0.0644636877324           2094.4856114             
0.0666485217514           1991.26359616            
0.0688999082024           1879.19562563            
0.0712211817872           1759.53681263            
0.0736156658657           1636.18625583            
0.0760866795575           1514.77147606            
0.0786375433705           1401.20926789            
0.0812715839689           1300.27863466            
0.0839921386362           1214.30226469            
0.0868025599563           1142.86135821            
0.0897062212066           1082.89575022            
0.0927065229523           1029.62779888            
0.0958069013121           977.970802785            
0.099010838368            924.048088755            
0.102321875182            866.617187572            
0.105743627884            806.511954961            
0.109279807302            747.628296734            
0.112934242604            693.666775066            
0.116710909469            646.483625883            
0.120613963309            606.003566442            
0.124647778162            570.074198915            
0.128816991945            535.796250949            
0.133126558908            501.693033095            
0.137581810311            467.967441769            
0.142188524599            435.21949335             
0.146953008716            404.509654836            
0.151882192636            376.967196404            
0.156983739804            352.154000659            
0.162266176993            328.889273519            
0.16773904813             306.620489528            
0.173413098085            285.088442907            
0.179300494332            264.796482925            
0.185415096996            246.115450802            
0.191772791425            228.766309593            
0.198391902447            212.585487865            
0.205293716658            197.082127977            
0.212503149408            182.484849131            
0.220049608312            168.849383718            
0.227968127878            156.134582874            
0.236300884521            144.018713511            
0.245099255617            132.644693518            
0.254426673421            121.916800874            
0.264362668611            111.749730902            
0.275008743486            102.152552623            
0.286497147856            93.0245709357            
0.29900442658             84.3335388616            
0.312773139051            76.0152620136            
0.328148254209            68.0207706993            
0.345641394972            60.2762613709            
0.366051418022            52.7016397103            
0.390707503764            45.2108880976            
0.42199955598             37.6739378349            
0.464618871065            29.9580190384            
0.528392991093            21.993311251             
0.631580419033            14.258672697             
0.787525840748            8.28288443435            
0.991075480931            4.66836346245            
1.24768646757             2.61051364213            
1.57074419358             1.45051720711            
1.97744978072             0.801301871949           
2.48946177949             0.440309312487           
3.1340466959              0.240773598582           
3.94553102721             0.131072614125           
4.96712927318             0.0710573765205          
6.25324526567             0.03837459772            
