k                         pk_lin                   
9.42788894274e-06         26.6118432947            
1.18690089696e-05         33.2341792111            
1.49421970046e-05         41.5044781229            
1.88111115172e-05         51.8328343033            
2.3681786313e-05          64.7311825934            
2.98136025862e-05         80.8390461542            
3.75331019129e-05         100.954915131            
4.72513757816e-05         126.075753421            
5.94859577137e-05         157.446219859            
7.48883838106e-05         196.619891196            
9.42788894274e-05         245.535366909            
0.000118690089696         306.610523869            
0.000149421970046         382.858786303            
0.000188111115172         478.031485191            
0.00023681786313          596.790290043            
0.000298136025862         744.912662707            
0.000375331019129         929.530852402            
0.000472513757816         1159.40080266            
0.000594859577137         1445.19174028            
0.000748883838106         1799.78000379            
0.000942788894274         2238.51341361            
0.00118690089696          2779.26982077            
0.00149421970046          3442.37268008            
0.00188111115172          4250.10220804            
0.0023681786313           5225.02987396            
0.00298136025862          6387.53184591            
0.00375331019129          7751.59968222            
0.00472513757816          9318.26305354            
0.00594859577137          11065.8358222            
0.00748883838106          12938.1956076            
0.00942788894274          14826.4874834            
0.0118690089696           16554.4855121            
0.0149421970033           17874.0000395            
0.0188111084415           18493.3856977            
0.0236807191414           18187.2496765            
0.0297358487963           17008.3394206            
0.0361335255838           15613.768186             
0.0408468805839           14727.6655174            
0.0444654195548           14144.8331198            
0.0475739956683           13692.3997818            
0.0504110326035           13299.4089158            
0.0530916733332           12931.0264374            
0.0556805894342           12566.8201434            
0.0582182552847           12196.1844417            
0.0607321377862           11812.5870492            
0.0632421062074           11414.6970081            
0.0657633094519           11003.7680996            
0.0683078231556           10583.9707357            
0.0708856490546           10161.4409761            
0.0735053505147           9743.608012              
0.0761744725473           9338.08249               
0.0788998283591           8952.27612759            
0.0816877000507           8592.26828368            
0.0845439822351           8262.06601628            
0.0874742865931           7963.02127828            
0.0904840190008           7693.54173444            
0.093578436964            7449.06530911            
0.096762692641            7222.27390538            
0.100041865163            7004.11913757            
0.103420984932            6784.72555283            
0.106905051895            6555.46906472            
0.110499049343            6310.45234575            
0.114207954485            6048.14504416            
0.118036746833            5771.72247606            
0.121990415332            5489.09604034            
0.126073965048            5210.6664608             
0.13029242421             4947.80032889            
0.134650852339            4709.01206924            
0.139154350201            4498.17602885            
0.143808072286            4313.08682285            
0.148617242521            4145.95463726            
0.153587173919            3986.29419547            
0.158723292848            3822.2433643             
0.16403116863             3646.41287474            
0.169516549189            3459.22499283            
0.175185403501            3268.37994601            
0.181043971649            3084.91804694            
0.187098823413            2917.94893618            
0.193356926426            2771.46969708            
0.199825725171            2642.24853991            
0.206513232355            2521.20197002            
0.213428134604            2398.8788276             
0.220579914922            2271.05982173            
0.22797899509             2140.34627903            
0.235636902052            2014.63336896            
0.243566463592            1901.01152191            
0.251782040184            1799.83887642            
0.260299802085            1705.81013846            
0.269138063608            1612.389632              
0.278317690494            1517.4199678             
0.287862601772            1424.6536019             
0.297800395097            1338.66207648            
0.308163135449            1260.24259439            
0.318988362731            1185.52196969            
0.330320396805            1111.47174724            
0.342212053032            1039.06052585            
0.354726934099            970.990025381            
0.367942546531            907.133540253            
0.381954622913            845.198971013            
0.396883249994            784.586004213            
0.412881776609            726.708881839            
0.430150135996            671.264041255            
0.448955432963            616.879913484            
0.469664988954            564.036220164            
0.492801793188            512.378894122            
0.519142547676            461.16730576             
0.549902046759            410.143814527            
0.587105722484            358.403438368            
0.634404402641            304.981666868            
0.698982797918            248.548702748            
0.795900040183            188.128834373            
0.952838653633            126.877077781            
1.18890600221             77.2666103883            
1.49626057754             45.6019463364            
1.88367580988             26.5960201825            
2.37140733691             15.3571277889            
2.98542495815             8.78834128265            
3.75842734481             4.98839703797            
4.73157969277             2.81080000805            
5.95670591316             1.57329270149            
7.49904844466             0.875277894228           
9.44074265125             0.484247063691           
