k                         pk_lin                   
6.35079611582e-06         197.590112258            
7.99517861532e-06         247.101401127            
1.00653335307e-05         309.019017912            
1.26715041599e-05         386.451687427            
1.59524785926e-05         483.28302989             
2.00829806813e-05         604.373646658            
2.52829747243e-05         755.798372052            
3.18293793662e-05         945.150170924            
4.00708145257e-05         1181.9166868             
5.04461666777e-05         1477.94726862            
6.35079611582e-05         1848.02974276            
7.99517861532e-05         2310.59689988            
0.000100653335307         2888.58215555            
0.000126715041599         3610.43614809            
0.000159524785926         4511.29893397            
0.000200829806813         5634.28841665            
0.000252829747243         7031.8113892             
0.000318293793662         8766.73553353            
0.000400708145257         10913.1974097            
0.000504461666777         13556.7381119            
0.000635079611582         16793.129505             
0.000799517861532         20724.2677264            
0.00100653335307          25449.6728502            
0.00126715041599          31052.8624622            
0.00159524785926          37578.373579             
0.00200829806813          45002.3341392            
0.00252829747243          53196.3456059            
0.00318293793662          61879.4383649            
0.00400708145257          70573.4120572            
0.00504461666777          78565.2196696            
0.00635079611582          84842.6425676            
0.00799517861532          88128.4054908            
0.0100653335307           86963.9604347            
0.0126715041384           80111.0282401            
0.0159524543448           67416.4852853            
0.020078363656            51080.2905716            
0.0250796017848           36301.9670885            
0.0296722360204           28589.185748             
0.0329596268725           25688.8593552            
0.0356075440709           24346.5173012            
0.0379425799821           23559.2478651            
0.0401049203393           22944.0074557            
0.0421664767927           22309.309433             
0.0441694159109           21559.893015             
0.0461409767526           20643.9675727            
0.0481001052954           19551.9736494            
0.0500607843371           18303.3305263            
0.0520338559759           16940.0953669            
0.0540280886227           15519.1820104            
0.0560508362045           14105.9998355            
0.0581084636009           12763.1984726            
0.0602066312519           11546.3576596            
0.0623504912906           10498.4892431            
0.0645448260534           9643.24114732            
0.0667941478611           8988.84538969            
0.069102772039            8526.17289454            
0.0714748709883           8230.78896856            
0.0739145145527           8063.53205122            
0.0764257002974           7972.12422971            
0.0790123762651           7895.65561906            
0.081678458085            7771.28434709            
0.0844278418498           7545.84927001            
0.0872644138739           7188.82968255            
0.0901920582414           6702.88500659            
0.0932146629191           6123.85666777            
0.0963361251221           5511.86411537            
0.099560356566            4935.60542864            
0.1028912892              4452.79916709            
0.106332882003            4097.10516604            
0.109889129392            3872.98827297            
0.113564071812            3756.14757956            
0.117361809043            3701.56376254            
0.121286516768            3643.15743462            
0.125342466947            3522.83929245            
0.129534052558            3314.49257507            
0.133865817255            3034.15890007            
0.138342490559            2729.28403245            
0.142969029234            2455.47697844            
0.147750665602            2252.95315498            
0.152692963654            2130.38394243            
0.15780188403             2061.24185786            
0.163083859158            2000.50655024            
0.168545880209            1906.59207805            
0.174195597957            1765.98497068            
0.180041440239            1603.18319938            
0.186092749508            1457.93218698            
0.192359945016            1353.67724577            
0.198854715558            1286.36350375            
0.205590250576            1228.42890055            
0.212581519963            1154.12133816            
0.219845616366            1061.47283697            
0.227402178569            970.268047271            
0.235273921335            899.186826117            
0.243487306691            845.445045077            
0.252073405678            792.93397974             
0.261069020324            732.312979519            
0.270518166894            671.077518782            
0.2804740697              619.762660009            
0.291001891013            576.061653974            
0.302182546208            530.590365472            
0.31411815981             484.306815447            
0.326940074716            443.655714818            
0.340820966079            405.471555868            
0.355993806556            366.839502139            
0.372782774328            330.865884254            
0.391656053153            296.005028117            
0.413321178387            261.723305177            
0.43890883013             228.169377551            
0.470354771411            194.590994367            
0.511258825763            160.384126785            
0.568918245232            124.948915416            
0.658522158553            88.4751490158            
0.803150653282            55.0365998286            
1.00783415684             31.7340384946            
1.26870310555             18.0160211836            
1.59720212883             10.1540700409            
2.01075834739             5.68587295862            
2.5313947805              3.16478569493            
3.18683721646             1.75207500479            
4.01199035505             0.965086099986           
5.05079660985             0.529176033837           
6.35857620194             0.288914083144           
8.00497316345             0.15710271312            
