k                         pk_lin                   
8.48659239661e-06         47.4775295887            
1.06839868276e-05         59.6208430995            
1.34503425166e-05         74.8700482668            
1.69329779915e-05         94.0195380686            
2.13173562908e-05         118.066365548            
2.68369615468e-05         148.263073677            
3.37857328666e-05         186.182114399            
4.25337176618e-05         233.797550423            
5.35467780225e-05         293.58731377             
6.74113995723e-05         368.661016572            
8.48659239661e-05         462.919486585            
0.000106839868276         581.253061951            
0.000134503425166         729.786746301            
0.000169329779915         916.18051174             
0.000213173562908         1149.99211362            
0.000268369615468         1443.10628056            
0.000337857328666         1810.22678534            
0.000425337176618         2269.41610615            
0.000535467780225         2842.65245822            
0.000674113995723         3556.35621709            
0.000848659239661         4441.79406991            
0.00106839868276          5534.86416206            
0.00134503425166          6875.85961799            
0.00169329779915          8507.08781365            
0.00213173562908          10468.9341634            
0.00268369615468          12793.3314139            
0.00337857328666          15493.7418792            
0.00425337176618          18550.0493246            
0.00535467780225          21886.9973866            
0.00674113995723          25352.6058562            
0.00848659239661          28677.7382273            
0.0106839868276           31458.9220709            
0.0134503425162           33152.0066418            
0.0169329768398           33174.3492108            
0.0213168528102           31169.6170698            
0.0267926201227           27488.9577694            
0.0328207821721           23782.1471751            
0.0374004465678           21698.374786             
0.0408507700031           20519.9508861            
0.0437816028885           19703.7360859            
0.0464400881961           19045.7740902            
0.0489427679868           18451.5812453            
0.0513539820813           17869.0229294            
0.0537134965955           17268.0534083            
0.0560480399038           16633.0054459            
0.058376798006            15959.5754898            
0.0607143046272           15250.2910959            
0.0630720812155           14516.2315419            
0.0654596250535           13771.3228164            
0.0678850340564           13034.0462107            
0.0703554177611           12323.8311676            
0.0728771766316           11658.1623371            
0.0754561970582           11052.2426147            
0.0780979905364           10516.1939077            
0.0808077947824           10053.985978             
0.0835906482097           9663.07464163            
0.0864514453306           9333.90301252            
0.0893949782324           9050.47824973            
0.0924259677285           8791.83601904            
0.0955490867757           8535.02663926            
0.0987689780851           8257.86014346            
0.102090267407            7943.90568258            
0.10551757368             7585.53676133            
0.109055517034            7187.23483669            
0.11270872551             6764.45488944            
0.116481841283            6340.79136872            
0.120379527111            5941.90655651            
0.124406473705            5590.05701498            
0.128567408704            5297.01682083            
0.132867107901            5061.70478339            
0.137310409397            4870.36317726            
0.141902231303            4699.70843467            
0.14664759366             4521.33877985            
0.151551645208            4314.48673046            
0.156619695684            4075.05683679            
0.161857254334            3815.71809552            
0.167270075374            3559.70757866            
0.172864211261            3330.11732165            
0.178646074696            3141.19278872            
0.184622510515            2990.60273249            
0.190800878869            2860.4768619             
0.19718915141             2728.90760353            
0.203796022721            2580.77559677            
0.210631039799            2416.79002222            
0.217704753242            2253.71807683            
0.225028894894            2109.38827546            
0.232616588101            1990.10964861            
0.240482598693            1887.68939949            
0.248643637375            1786.06857843            
0.257118727734            1676.45207112            
0.265929658927            1563.76715552            
0.275101548887            1459.8531622             
0.284663553483            1370.39572464            
0.29464977091             1289.0249348             
0.305100410862            1206.81912143            
0.31606332833             1123.09439718            
0.327596068085            1044.37684487            
0.339768638009            973.664052962            
0.352667344832            906.190882617            
0.366400215758            838.354598501            
0.381104851908            773.583644321            
0.396960126654            713.316088549            
0.414204179808            653.989030834            
0.433163145471            596.120137533            
0.454299055002            540.524241993            
0.478293906994            485.313285094            
0.506206385613            430.926482535            
0.539785336811            376.035917697            
0.58214811787             319.929560565            
0.639358774004            261.224061584            
0.724083303166            198.879878518            
0.860637741433            135.335883366            
1.07029053115             82.4534702418            
1.34667656985             48.3994118094            
1.69535656827             28.093933885             
2.13432744705             16.1629881084            
2.68695906017             9.22393214555            
3.3826810413              5.22538726645            
4.25854312289             2.94068487267            
5.36118815463             1.64494287009            
6.74933600527             0.915053272283           
8.49691060977             0.506457659606           
10.6969766884             0.278984977961           
