k                         pk_lin                   
5.26435635826e-06         252.21545871             
6.62743199616e-06         312.983686558            
8.3434425549e-06          388.393275149            
1.05037718542e-05         481.971881155            
1.3223465307e-05          598.091144333            
1.66473565069e-05         742.181705763            
2.09577801457e-05         920.97723539             
2.63842820003e-05         1142.82814481            
3.32158430821e-05         1418.08565809            
4.18162689302e-05         1759.57353309            
5.26435635826e-05         2183.16298909            
6.62743199616e-05         2708.46680408            
8.3434425549e-05          3359.66318912            
0.000105037718542         4166.44687608            
0.00013223465307          5165.07745613            
0.000166473565069         6399.443837              
0.000209577801457         7921.98351687            
0.000263842820003         9794.19694472            
0.000332158430821         12086.4232379            
0.000418162689302         14876.5322113            
0.000526435635826         18247.0312527            
0.000662743199616         22279.1508541            
0.00083434425549          27041.3784262            
0.00105037718542          32572.0041188            
0.0013223465307           38856.2580057            
0.00166473565069          45798.0370421            
0.00209577801457          53191.2151456            
0.00263842820003          60693.7200005            
0.00332158430821          67811.0966692            
0.00418162689302          73918.3336173            
0.00526435635826          78262.6295237            
0.00662743199616          80057.270664             
0.0083434425549           78574.1409641            
0.0105037718519           73337.4732059            
0.0132234609132           64490.0255172            
0.0166460942542           53208.0154644            
0.020879106056            41946.4762953            
0.025178945265            34165.6371191            
0.0282925454365           30258.9594021            
0.0307202554616           27821.5629178            
0.0328240529236           25951.8681089            
0.0347532898341           24340.621775             
0.0365814978616           22860.7457881            
0.0383505510106           21456.1035715            
0.0400869216883           20105.3368409            
0.0418087153014           18807.1802721            
0.043529112062            17567.6874806            
0.0452582142633           16399.8166778            
0.0470041113116           15315.5126088            
0.0487735296268           14325.6340867            
0.0505722478612           13435.6987127            
0.0524053723663           12647.1902615            
0.0542775257245           11955.2091475            
0.0561929791393           11348.0153094            
0.0581557473739           10810.079497             
0.0601696579815           10322.1057348            
0.0622384024379           9863.33461099            
0.0643655742486           9414.51250306            
0.066554697508            8958.99375593            
0.0688092483574           8489.32533114            
0.071132671116            8003.46986995            
0.0735283904172           7508.80957456            
0.0759998203792           7018.5137149             
0.0785503716507           6548.58238313            
0.081183457034            6113.72218903            
0.0839024963075           5724.14546267            
0.0867109208117           5382.28253968            
0.0896121783311           5082.81186803            
0.0926097387809           4814.35410335            
0.095707101194            4562.39857925            
0.0989078024955           4314.36068865            
0.102215428547            4062.49738428            
0.105633627937            3807.57046296            
0.109166128993            3554.21652684            
0.112816760505            3313.69200824            
0.116589476638            3094.95237984            
0.120488386577            2899.20733393            
0.124517789443            2723.13939777            
0.12868221513             2559.68361898            
0.132986471795            2401.48694002            
0.137435700872            2246.53298266            
0.142035440705            2097.8497321             
0.146791700165            1957.21935034            
0.151711043967            1826.02839757            
0.15680069192             1706.0162217             
0.162068634983            1594.88790503            
0.167523771847            1489.29294854            
0.173176070919            1388.81912344            
0.179036764106            1293.41738695            
0.185118580842            1204.01609893            
0.191436033636            1120.99563281            
0.198005770265            1042.8938978             
0.204847013218            969.590569819            
0.211982114695            899.86324189             
0.219437266689            834.442525972            
0.227243422151            773.031524387            
0.23543750799             715.302861563            
0.244064048596            660.433352365            
0.253177378181            608.899108166            
0.262844716141            560.114876983            
0.273150538777            513.842804252            
0.284202953001            470.042879951            
0.296143261088            428.32756507             
0.309160799495            388.505090073            
0.323516866582            350.315311897            
0.33958509126             313.505599266            
0.357923265052            277.741552067            
0.379409438956            242.647573862            
0.405519271006            207.791847218            
0.438937926525            172.570538292            
0.485000090438            136.32597594             
0.554895888533            98.8631774464            
0.668269015465            63.0962544905            
0.835696388579            36.4821801178            
1.05186560318             20.5961699183            
1.32421861694             11.5361332007            
1.66709246534             6.41840741019            
2.09874506842             3.54937849306            
2.64216349952             1.95189595781            
3.32628677166             1.06792488148            
4.18754694375             0.581563510516           
5.27180926057             0.315338887148           
6.63681464427             0.170294683723           
