k                         pk_lin                   
9.46492739288e-06         15.7736969199            
1.19156376157e-05         19.6418998311            
1.50008989921e-05         24.4587068546            
1.88850129409e-05         30.4567453323            
2.37748226934e-05         37.9255795832            
2.99307284496e-05         47.2258863976            
3.76805546387e-05         58.8066969651            
4.74370077652e-05         73.2270448754            
5.97196545351e-05         91.1828455064            
7.51825906778e-05         113.540260019            
9.46492739288e-05         141.377044322            
0.000119156376157         176.033645317            
0.000150008989921         219.176083644            
0.000188850129409         272.87278948             
0.000237748226934         339.687489828            
0.000299307284496         422.789621882            
0.000376805546387         526.082210492            
0.000474370077652         654.344263462            
0.000597196545351         813.380386113            
0.000751825906778         1010.16530859            
0.000946492739288         1252.96583026            
0.00119156376157          1551.40909534            
0.00150008989921          1916.32852261            
0.00188850129409          2359.59028437            
0.00237748226934          2893.15376204            
0.00299307284496          3527.70633942            
0.00376805546387          4270.42348246            
0.00474370077652          5121.51467009            
0.00597196545351          6069.26537201            
0.00751825906778          7083.60390844            
0.00946492739288          8107.7566706             
0.0119156376157           9051.09861842            
0.0150008989895           9787.09388992            
0.0188850077008           10169.3348553            
0.0237732430213           10085.1901067            
0.0298282567294           9558.00910817            
0.03604390285             8910.31271105            
0.0405614279913           8478.49858495            
0.0440699541351           8174.12611124            
0.0471037531773           7925.7828697             
0.0498824840174           7703.11838561            
0.0525137649368           7490.89685951            
0.055058667312            7280.71690321            
0.0575557011942           7067.89136696            
0.06003115277             6850.22951173            
0.0625041268562           6627.36575304            
0.0649892470436           6400.36028085            
0.0674982096261           6171.28981619            
0.0700407304576           5943.04928333            
0.0726251491781           5718.81884367            
0.075258829683            5502.06741674            
0.0779484339843           5295.62997875            
0.0807001143939           5101.79055554            
0.0835196512672           4921.6855744             
0.0864125534036           4755.30612722            
0.0893841321784           4601.21746438            
0.0924395567798           4456.96220232            
0.0955838956002           4318.75908553            
0.0988221473344           4182.74016006            
0.102159264359            4044.70050788            
0.105600170319            3901.58155277            
0.109149773416            3751.82147201            
0.112812976606            3595.86415831            
0.116594685734            3436.18229571            
0.12049981648             3276.86692736            
0.12453330096             3122.61050754            
0.12870009471             2977.84306341            
0.13300518483             2845.21066816            
0.137453599955            2725.08651153            
0.142050422793            2615.1733944             
0.146800805894            2511.32979049            
0.151709991356            2408.78954801            
0.156783335136            2303.95141882            
0.162026336681            2195.00079164            
0.16744467456             2083.56791404            
0.173044248869            1973.84814943            
0.178831231205            1870.50719472            
0.184812123109            1776.10661428            
0.190993824043            1690.40459459            
0.197383710153            1610.96335365            
0.203989725365            1533.95719531            
0.210820486764            1456.43135117            
0.217885406727            1378.18428113            
0.225194834979            1301.45448307            
0.232760224664            1229.08137189            
0.240594327759            1162.68822868            
0.248711426784            1101.23675607            
0.257127611906            1042.12584334            
0.265861115524            983.74582645             
0.274932720363            926.335684322            
0.284366262675            871.612244229            
0.294189259879            820.540303267            
0.304433702957            772.453300198            
0.315137069901            725.946125965            
0.326343639864            680.588332845            
0.33810622289             637.138614413            
0.350488473935            596.020767776            
0.36356804441             556.653943372            
0.377440960542            518.528639702            
0.392227843106            481.712338839            
0.408082968487            446.386535068            
0.425207854286            412.203377162            
0.443872314674            378.886225531            
0.464448372102            346.4716805              
0.487467390388            314.62306079             
0.513721570518            283.108813458            
0.544455879234            251.588320589            
0.581758313326            219.580844285            
0.629418995205            186.431248288            
0.694949705801            151.311128562            
0.794107464923            113.689704921            
0.954908641704            75.9255971715            
1.19352044106             46.0336639163            
1.50220864724             27.1368418042            
1.89116573536             15.8082706457            
2.38083659805             9.1156301509             
2.99729569461             5.20843667771            
3.77337171661             2.95150827664            
4.75039354218             1.66010468972            
5.98039114627             0.927435187808           
7.52886638651             0.514929133185           
9.47828121598             0.284289474227           
