k                         pk_lin                   
5.78086214662e-06         144.898307601            
7.27767425846e-06         181.984044589            
9.16204906274e-06         228.561623896            
1.15343363892e-05         287.060418048            
1.45208691885e-05         360.528340721            
1.82806912228e-05         452.796554783            
2.30140267255e-05         568.673516298            
2.89729430725e-05         714.195437461            
3.64747742884e-05         896.936706259            
4.59190202411e-05         1126.39773674            
5.78086214662e-05         1414.48541805            
7.27767425846e-05         1776.10411734            
9.16204906274e-05         2229.87491783            
0.000115343363892         2798.99326781            
0.000145208691885         3512.2206487             
0.000182806912228         4404.97427604            
0.000230140267255         5520.42499415            
0.000289729430725         6910.44155856            
0.000364747742884         8636.15058406            
0.000459190202411         10767.8383223            
0.000578086214662         13383.769947             
0.000727767425846         16566.822847             
0.000916204906274         20396.9477601            
0.00115343363892          24938.4587626            
0.00145208691885          30221.5326738            
0.00182806912228          36217.7661516            
0.00230140267255          42811.0647947            
0.00289729430725          49764.8328919            
0.00364747742884          56689.4154961            
0.00459190202411          63038.801385             
0.00578086214662          68070.9808073            
0.00727767425846          70915.5854694            
0.00916204906274          70630.1519119            
0.011534336376            66457.0184816            
0.014520852799            58304.1666272            
0.0182773063081           47439.22023              
0.0228541768342           36927.1587003            
0.0271471104691           30635.7972169            
0.0302185394344           27768.1257972            
0.0326771527932           26066.0226121            
0.0348381151184           24786.6835673            
0.0368355205824           23660.9837326            
0.0387376077829           22566.8946115            
0.0405841622928           21447.7247936            
0.0424007766376           20285.8383703            
0.0442051926648           19083.2418698            
0.0460104689968           17859.9438156            
0.0478267079656           16642.004038             
0.0496620636315           15462.1685971            
0.051523363025            14349.9510229            
0.0534165062856           13334.2603459            
0.0553467339051           12433.8053471            
0.0573188106443           11660.1205808            
0.0593371552706           11014.0374209            
0.0614059339359           10486.0295979            
0.0635291284638           10057.2180425            
0.0657105868899           9699.93383519            
0.0679540611807           9382.4611257             
0.0702632355218           9070.1963676             
0.0726417475767           8732.2181255             
0.0750932044698           8345.69802087            
0.0776211948146           7902.58151081            
0.080229297823            7409.63859784            
0.0829210903411           6889.49807918            
0.0857001525289           6373.835414              
0.0885700728224           5895.05894394            
0.0915344527619           5479.30613911            
0.0945969122374           5138.73482033            
0.0977610956834           4870.41353717            
0.101030679739            4656.3828488             
0.104409382884            4468.74817721            
0.107900977558            4277.65264417            
0.111509305252            4060.93054041            
0.115238295088            3812.38314036            
0.119091986386            3544.26347908            
0.123074555731            3279.61455725            
0.127190349119            3042.66277436            
0.131443919757            2845.8912555             
0.135840072213            2684.73322532            
0.14038391371             2544.60645851            
0.145080913528            2409.5981843             
0.149936971702            2267.19836237            
0.154958498504            2115.37075853            
0.160152506632            1964.79761725            
0.16552671854             1828.18729819            
0.171089692096            1710.21425059            
0.176850968675            1607.48750685            
0.18282124909             1509.8953327             
0.189012604442            1410.99628103            
0.195438731263            1313.07054392            
0.20211526349             1220.75768208            
0.209060158117            1138.07281652            
0.21629417752             1062.5693913             
0.223841500154            989.990619855            
0.231730503994            918.986296261            
0.239994785804            852.151633638            
0.248674507518            790.209202003            
0.257818204514            731.935318045            
0.267485259062            676.05610506             
0.277749353312            622.961515941            
0.288703401365            572.730200187            
0.300466779221            525.054054605            
0.31319624249             479.23703506             
0.327102987205            435.48579874             
0.342480393831            393.358247215            
0.359751301354            352.520699056            
0.379553117736            312.682072215            
0.402901304866            273.307994071            
0.431527769521            233.922482642            
0.468639029932            193.756956881            
0.52070992759             152.017850109            
0.601255515696            108.756922163            
0.73152687819             68.4729148877            
0.91746172828             39.8046904632            
1.15491845104             22.7484889122            
1.45395562333             12.9031270456            
1.83042168133             7.26944423082            
2.30436436892             4.07058992026            
2.90102286207             2.26659227044            
3.65217140125             1.25557747838            
4.59781138526             0.692295511509           
5.78830159154             0.380022521353           
7.28703996472             0.20777499253            
