k                         pk_lin                   
6.44331337082e-06         263.984262473            
8.11165093868e-06         327.045393965            
1.02119634983e-05         405.170704918            
1.28561003523e-05         501.9587591              
1.61848714301e-05         621.863203104            
2.037554593e-05           770.405861481            
2.56512925505e-05         954.423569489            
3.22930640371e-05         1182.38207423            
4.06545589411e-05         1464.76103723            
5.11810573562e-05         1814.52704713            
6.44331337082e-05         2247.71235795            
8.11165093868e-05         2784.11678875            
0.000102119634983         3448.14954908            
0.000128561003523         4269.81936284            
0.000161848714301         5285.86394322            
0.0002037554593           6540.9775061             
0.000256512925505         8089.0437055             
0.000322930640371         9994.21941291            
0.000406545589411         12331.6558261            
0.000511810573562         15187.5546462            
0.000644331337082         18657.9121647            
0.000811165093868         22844.5215423            
0.00102119634983          27846.6191874            
0.00128561003523          33747.1422461            
0.00161848714301          40591.8589728            
0.002037554593            48361.0367564            
0.00256512925505          56933.8860627            
0.00322930640371          66046.2313255            
0.00406545589411          75248.5724222            
0.00511810573562          83876.8519325            
0.00644331337082          91022.6508297            
0.00811165093868          95563.0215753            
0.0102119634983           96262.3963287            
0.0128561002735           92067.8233454            
0.0161848072561           82748.4608699            
0.0203661669965           69754.4417635            
0.0253235831053           57008.7164727            
0.0295665203017           49403.724265             
0.0326329561031           45422.5948992            
0.0351514631718           42755.8534725            
0.0373953279999           40631.2666902            
0.0394855182902           38739.0920181            
0.0414857029516           36933.6269513            
0.0434339056947           35142.4008507            
0.0453550278397           33343.5112768            
0.0472665771623           31529.7302969            
0.0491815900857           29718.2152811            
0.0511102510402           27937.2887253            
0.0530608499222           26218.7992446            
0.0550403783311           24594.774819             
0.0570549168777           23094.2259166            
0.0591098956812           21738.8377219            
0.0612102746847           20540.2930816            
0.063360671459            19498.4941428            
0.0655654535397           18601.5129427            
0.0678288061512           17825.0049313            
0.0701547824378           17136.6622346            
0.072547341001            16496.5330538            
0.0750103740706           15866.3992617            
0.0775477286792           15210.9556158            
0.0801632225828           14505.700584             
0.0828606562496           13744.0275757            
0.0856438219663           12937.1633379            
0.0885165109197           12111.5752707            
0.0914825189967           11305.1949296            
0.0945456519607           10555.449586             
0.0977097306161           9890.37362169            
0.10097859654             9323.04675131            
0.104356118937            8846.13165618            
0.107846203172            8435.8953066             
0.111452801508            8056.73555026            
0.115179926589            7674.34233063            
0.119031668198            7265.10695362            
0.12301221382             6825.77165971            
0.12712587355             6373.27954727            
0.131377109901            5936.02835072            
0.135770573121            5542.10364398            
0.140311142651            5203.26349723            
0.145003975494            4910.74645761            
0.149854562355            4644.59643329            
0.154868792618            4385.65870508            
0.160053029503            4120.92963493            
0.165414197041            3850.92923662            
0.170959881031            3589.82027327            
0.176698446704            3352.11071144            
0.182639176664            3141.1074419             
0.188792433723            2950.51450193            
0.195169854705            2767.51683718            
0.201784583187            2585.87864198            
0.208651551753            2409.76720613            
0.215787827926            2244.85187549            
0.223213042851            2094.79910734            
0.230949928855            1954.98420612            
0.239025001967            1820.71405656            
0.247469440109            1690.99349385            
0.256320229289            1569.25826989            
0.265621682949            1455.47893202            
0.275427490342            1347.73215411            
0.285803530337            1244.73801085            
0.296831818268            1146.89203127            
0.308616173744            1054.23507811            
0.321290580098            965.838673631            
0.335031896827            880.988314753            
0.350079887612            799.761193288            
0.366770101539            721.339350074            
0.385590532737            645.197765732            
0.407284987056            570.6545377              
0.433054728938            496.798136048            
0.464983135537            422.570556334            
0.507002454316            346.527888266            
0.567180105923            267.224917707            
0.662058938732            185.901514465            
0.813570345561            113.768773828            
1.02229613745             65.4166467979            
1.28695585724             37.1159510625            
1.62018127878             20.8883511746            
2.03968738348             11.6702750869            
2.56781427918             6.47717319494            
3.23268664882             3.5733328015             
4.06971137057             1.96046812329            
5.12346306308             1.07016583082            
6.4500578465              0.58148312364            
8.1201417305              0.314589763417           
