k                         pk_lin                   
7.55133395918e-06         35.7947699465            
9.50656621416e-06         44.3884086447            
1.19680577859e-05         55.0452154032            
1.50668920765e-05         68.2605173579            
1.89680933119e-05         84.6481455258            
2.38794146836e-05         104.969686119            
3.00624019639e-05         130.169202948            
3.7846321772e-05          161.417013501            
4.76456962217e-05         200.163615731            
5.99823777361e-05         248.206232818            
7.55133395918e-05         307.770607929            
9.50656621416e-05         381.611006191            
0.000119680577859         473.13159624             
0.000150668920765         586.531742724            
0.000189680933119         726.976324739            
0.000238794146836         900.788535134            
0.000300624019639         1115.65562567            
0.00037846321772          1380.82653513            
0.000476456962217         1707.26492138            
0.000599823777361         2107.70750482            
0.000755133395918         2596.57371506            
0.000950656621416         3189.53547047            
0.00119680577859          3903.04613792            
0.00150668920765          4752.54811288            
0.00189680933119          5749.66728767            
0.00238794146836          6898.39913469            
0.00300624019639          8189.82328078            
0.0037846321772           9594.79272447            
0.00476456962217          11055.2209502            
0.00599823777361          12474.4181004            
0.00755133395918          13705.6379405            
0.00950656621416          14548.9542713            
0.0119680577859           14759.9481706            
0.0150668918383           14106.4405952            
0.0189679411921           12505.4205212            
0.0238611657207           10232.9203556            
0.029529360787            8111.38331125            
0.0341400029003           6986.44666984            
0.0375179361435           6446.64156228            
0.0403305702226           6120.50474549            
0.0428547359317           5882.59002472            
0.0452159835428           5679.02010784            
0.047481651824            5481.73130696            
0.0496925026954           5275.14532285            
0.0518755034861           5051.23762794            
0.0540497681526           4807.41579362            
0.0562296243016           4545.46843553            
0.0584263286233           4270.2334372             
0.0606490886332           3989.10372985            
0.0629057027324           3710.82254867            
0.0652029780179           3444.44817164            
0.0675470124288           3198.27988471            
0.0699433906995           2979.06208122            
0.0723973236251           2791.23194537            
0.074913748898            2636.5758561             
0.0774974051891           2514.02864228            
0.0801528871578           2419.60539822            
0.0828846865907           2346.7052913             
0.0856972232859           2286.50630523            
0.0885948682685           2228.90106854            
0.0915819612458           2163.8807624             
0.0946628237604           2083.3818286             
0.0978417691997           1983.10927099            
0.101123110618            1863.81853839            
0.104511167203            1731.40598081            
0.108010270121            1595.50640666            
0.111624768445            1467.17925323            
0.115359035796            1356.1119344             
0.119217478363            1268.03189256            
0.12320454489             1203.57906537            
0.127324739264            1158.21579677            
0.131582636305            1123.23849061            
0.135982901346            1086.9508019             
0.140530314237            1039.89280863            
0.145229798355            978.560650437            
0.150086455293            906.486819775            
0.155105605884            832.130971574            
0.160292838337            765.316077497            
0.165654064339            712.891011145            
0.171195584137            675.501538654            
0.176924161873            647.607318562            
0.182847112685            620.626923356            
0.188972403563            587.367206979            
0.195308770455            546.366805165            
0.201865854847            502.950906373            
0.208654364014            464.402206455            
0.215686260381            434.617405427            
0.222974987149            411.914184523            
0.230535739578            390.488009533            
0.238385794429            365.871720135            
0.246544914283            338.440525241            
0.255035849331            312.546150899            
0.263884967598            291.360661977            
0.273123056445            273.668349355            
0.282786355701            255.918002275            
0.292917908692            236.811067827            
0.303569356864            218.339452277            
0.314803364892            202.45487096             
0.32669696057             188.036248397            
0.339346233078            173.190871715            
0.352873101891            158.692303467            
0.367435337435            145.682553208            
0.383241865144            133.086161933            
0.400576996692            120.595525249            
0.419840444101            108.874304576            
0.441616744777            97.3116353174            
0.466802944549            86.0183394402            
0.49686003517             74.7719817712            
0.534347969511            63.4512521846            
0.584154479064            51.7868734807            
0.656388299122            39.5912008346            
0.771395121601            27.1623941118            
0.952789152093            16.4589790831            
1.1980488614              9.47001215431            
1.50823041101             5.38475009552            
1.89874951642             3.03695550301            
2.39038401682             1.7002630473             
3.00931518272             0.94556106076            
3.78850335562             0.522656675868           
4.76944314706             0.287287824962           
6.00437317794             0.157108015492           
7.5590579756              0.0855109860419          
9.51629017471             0.0463395196609          
