k                         pk_lin                   
9.6612327357e-06          33.7096978224            
1.21627714002e-05         42.2323121972            
1.53120219936e-05         52.909646444             
1.92766935937e-05         66.2864650593            
2.42679194205e-05         83.0450072776            
3.05515004498e-05         104.040227848            
3.84620602847e-05         130.343011963            
4.84208650824e-05         163.29471896             
6.09582575132e-05         204.575324273            
7.67418994421e-05         256.28852592             
9.6612327357e-05          321.067892212            
0.000121627714002         402.208858266            
0.000153120219936         503.832249912            
0.000192766935937         631.085516128            
0.000242679194205         790.387963246            
0.000305515004498         989.725246345            
0.000384620602847         1238.99553472            
0.000484208650824         1550.40471074            
0.000609582575132         1938.90092441            
0.000767418994421         2422.62958897            
0.00096612327357          3023.28702254            
0.00121627714002          3766.23989098            
0.00153120219936          4681.13009396            
0.00192766935937          5800.38088976            
0.00242679194205          7157.64441502            
0.00305515004498          8784.34695806            
0.00384620602847          10703.9303828            
0.00484208650824          12922.4927842            
0.00609582575132          15414.3896112            
0.00767418994421          18104.235757             
0.0096612327357           20837.1060431            
0.0121627714002           23356.1457227            
0.0153120219931           25279.8701384            
0.0192766921023           26149.8591046            
0.0242672890632           25585.1770164            
0.0304974993886           23629.2902853            
0.0373184841432           21278.020424             
0.042474121803            19813.2454616            
0.0463689376201           18922.6019184            
0.049682942535            18276.9564841            
0.05269174376             17744.1856117            
0.0555257609201           17260.180368             
0.0582571783813           16788.1553951            
0.0609306928579           16305.7326831            
0.0635763891008           15800.652577             
0.0662158868188           15266.2256249            
0.0688655787769           14703.9196775            
0.0715384706321           14118.1059605            
0.0742452905856           13518.0295699            
0.07699519162             12916.3409392            
0.0797962137429           12325.6096801            
0.0826555983051           11760.1949603            
0.0855800075448           11232.4315195            
0.0885756813464           10751.4508418            
0.091648551162            10323.1033657            
0.0948043239382           9947.67092977            
0.0980485445584           9620.76016749            
0.101386642594            9332.28248281            
0.104823967416            9067.93851157            
0.108365814597            8810.46021594            
0.112017445755            8542.65233706            
0.11578410354             8250.09453458            
0.11967102307             7924.33996945            
0.123683440973            7565.40062414            
0.127826602982            7182.18991947            
0.132105770985            6791.30495375            
0.136526230347            6413.01222458            
0.141093298291            6067.08060288            
0.14581233411             5766.35973638            
0.150688751957            5514.22293391            
0.155728036944            5303.66165464            
0.1609357653              5116.60581911            
0.166317629312            4929.7148645             
0.171879467779            4724.15507009            
0.177627302745            4491.84284887            
0.183567383291            4238.67859221            
0.189706237228            3981.67472231            
0.196050731648            3742.67141451            
0.202608143404            3537.47493856            
0.209386240825            3368.12636455            
0.216393378248            3222.93649478            
0.223638605357            3082.3416508             
0.231131793825            2929.17264371            
0.23888378451             2760.1798292             
0.246906559335            2587.41221792            
0.255213443264            2428.21758096            
0.263819343411            2293.21060721            
0.272741034494            2177.71176128            
0.281997502833            2067.13163859            
0.291610365077            1949.71761501            
0.301604383386            1826.48670367            
0.312008106536            1709.31454032            
0.322854677354            1606.65729345            
0.334182862706            1515.06220014            
0.346038385388            1424.03056027            
0.358475671914            1330.04927973            
0.371560182977            1239.4985886             
0.385371575825            1157.95338412            
0.400008079809            1081.2876017             
0.415592683743            1003.73253919            
0.432282103038            928.266832577            
0.450280144667            858.247185906            
0.469858278556            789.535690049            
0.491388505355            721.536592168            
0.515398212261            656.30909771             
0.542666548167            591.15801073             
0.574404306599            526.613544123            
0.61261425902             461.126584442            
0.660872100502            393.830219189            
0.726145238197            322.921861771            
0.82299606261             247.026344968            
0.979226253597            169.072511427            
1.2184109586              103.82051982             
1.53310766327             61.4420186199            
1.93005919273             35.9242079769            
2.42980054542             20.7970720295            
3.05893765222             11.9327706091            
3.85097434347             6.79202359453            
4.84808946116             3.83766588999            
6.10338302131             2.1541424844             
7.68370398344             1.20185278854            
9.67321020146             0.666866881963           
