k                         pk_lin                   
7.10020677101e-06         22.0435477834            
8.93863073302e-06         27.6014242836            
1.12530693764e-05         34.5606174637            
1.41667749987e-05         43.2744436373            
1.7834913049e-05          54.1850322447            
2.24528252546e-05         67.8462333662            
2.82664322795e-05         84.9513054285            
3.55853298975e-05         106.368012072            
4.4799276095e-05          133.182376879            
5.6398947106e-05          166.753184434            
7.10020677101e-05         208.779718179            
8.93863073302e-05         261.385561837            
0.000112530693764         327.221549449            
0.000141667749987         409.590802552            
0.00017834913049          512.597827952            
0.000224528252546         641.321028503            
0.000282664322795         802.002465855            
0.000355853298975         1002.23885047            
0.00044799276095          1251.14311135            
0.00056398947106          1559.43002677            
0.000710020677101         1939.37173034            
0.000893863073302         2404.5683447             
0.00112530693764          2969.37357272            
0.00141667749987          3647.77978674            
0.0017834913049           4451.10764542            
0.00224528252546          5384.73152914            
0.00282664322795          6443.76884594            
0.00355853298975          7607.13245289            
0.0044799276095           8830.49028078            
0.0056398947106           10038.9162371            
0.00710020677101          11118.1939981            
0.00893863073302          11913.2978727            
0.0112530693764           12235.0392387            
0.0141667748022           11900.4831236            
0.0178347832948           10830.4572776            
0.0224368256747           9201.40712868            
0.0277871114521           7597.23750861            
0.0321690999636           6690.83741874            
0.0353726039056           6225.23202583            
0.038035030596            5921.45596812            
0.0404220308411           5683.90030524            
0.0426536723536           5471.95784962            
0.0447941855988           5265.16853359            
0.0468823782962           5052.82216544            
0.0489438886509           4830.06708934            
0.0509968681361           4596.07975622            
0.0530549102302           4353.03324779            
0.0551286863955           4105.2820249             
0.0572269194984           3858.5507834             
0.0593569930948           3619.20763037            
0.0615253488804           3393.47222338            
0.0637377549372           3186.73715099            
0.0659994919466           3002.98962537            
0.0683154854818           2844.3139126             
0.0706904017679           2710.71596066            
0.073128718016            2599.99129288            
0.0756347746429           2507.87097123            
0.0782128143196           2428.33338294            
0.0808670112842           2354.23073215            
0.083601493377            2278.19510198            
0.0864203586071           2193.85809033            
0.089327687636            2097.1621364             
0.0923275532732           1987.36491968            
0.0954240278934           1867.38467061            
0.0986211895574           1743.20481278            
0.101923127539            1622.44655831            
0.10533394791             1512.48847926            
0.108857779802            1418.61473216            
0.112498782938            1342.64794014            
0.116261157035            1282.54264429            
0.120149153633            1232.73415942            
0.124167090944            1185.9816908             
0.128319372274            1135.39482734            
0.1326105086              1076.2435107             
0.137045145875            1008.90742659            
0.141628097676            938.490335197            
0.146364383827            871.906994998            
0.151259275715            814.352111215            
0.15631834912             767.53693601             
0.161547545505            729.53209361             
0.166953242951            695.312748717            
0.172542338191            659.438829232            
0.178322341574            619.605457743            
0.184301487339            577.481984894            
0.190488862205            537.147980475            
0.196894556234            502.299125105            
0.20352984107             473.198817556            
0.210407382282            446.965307132            
0.217541494631            420.528642788            
0.224948452006            392.781853988            
0.23264686772             365.497568997            
0.240658166405            340.861744305            
0.249007176531            319.207898736            
0.257722883805            298.886314287            
0.266839402035            278.530700916            
0.27639724239             258.591432545            
0.286444998903            240.128900263            
0.29704162538             223.121828096            
0.308259570041            206.816776705            
0.320189183266            190.867421124            
0.332945064988            175.76576514             
0.346675456398            161.547316004            
0.361576574692            147.707342213            
0.37791529354             134.381010516            
0.396066565338            121.534898245            
0.41657828605             108.942704421            
0.440290454244            96.5911321522            
0.468569509458            84.2632960655            
0.503806235572            71.7926835886            
0.550557957515            58.9073477739            
0.618240110212            45.359308651             
0.725861049389            31.4340005657            
0.895937810027            19.2723598269            
1.12647244625             11.2116456178            
1.41812028612             6.44393459125            
1.78530758537             3.67309113788            
2.24756908705             2.07810697292            
2.82952183845             1.1677768575             
3.56215694565             0.652181510789           
4.48448989968             0.362179599348           
5.64563829364             0.200094909484           
7.10743751366             0.110023121983           
8.94773369869             0.0602311383477          
