k                         pk_lin                   
7.73328992943e-06         33.6024116867            
9.73563520892e-06         41.6639506711            
1.22564385645e-05         51.65952973              
1.54299419669e-05         64.0531435194            
1.94251460447e-05         79.4197517425            
2.44548099834e-05         98.4725707185            
3.07867817287e-05         122.095644176            
3.87582618657e-05         151.384722136            
4.87937607797e-05         187.697801248            
6.14277053825e-05         232.717373992            
7.73328992943e-05         288.527054849            
9.73563520892e-05         357.705394542            
0.000122564385645         443.439918159            
0.000154299419669         549.664129249            
0.000194251460447         681.219051602            
0.000244548099834         844.038020758            
0.000307867817287         1045.34789081            
0.000387582618657         1293.87070093            
0.000487937607797         1599.99780087            
0.000614277053825         1975.89767565            
0.000773328992943         2435.51143262            
0.000973563520892         2994.36048001            
0.00122564385645          3668.96168579            
0.00154299419669          4475.39074819            
0.00194251460447          5427.19620832            
0.00244548099834          6531.8668738             
0.00307867817287          7786.11990653            
0.00387582618657          9169.53754527            
0.00487937607797          10636.7971287            
0.00614277053825          12109.4559626            
0.00773328992943          13466.6676199            
0.00973563520892          14543.7426632            
0.0122564385641           15138.5418544            
0.0154299409133           15053.7193037            
0.019424685913            14190.9689925            
0.0244143206457           12699.4773472            
0.0299063933753           11172.0712716            
0.0340781203049           10245.4232356            
0.0372213638894           9666.2420376             
0.0398914909417           9228.0007512             
0.0423135646697           8854.06375247            
0.0445937266428           8510.16839758            
0.0467905794141           8178.63139844            
0.0489403451483           7850.48303123            
0.0510673712422           7521.65662036            
0.0531891352037           7192.01851544            
0.055318876929            6863.07068847            
0.0574670924569           6538.41675604            
0.0596424339963           6222.32045498            
0.0618522790417           5919.48611982            
0.0641031047421           5634.05911394            
0.0664007423248           5369.50391894            
0.0687505547251           5127.53764916            
0.0711575633697           4908.76966357            
0.0736265402875           4711.49166077            
0.0761620759544           4532.33084915            
0.0787686297613           4366.53269571            
0.0814505677979           4208.39175604            
0.0842121912291           4051.99767309            
0.0870577576288           3892.24594657            
0.0899914970208           3725.70255749            
0.0930176239826           3551.45420545            
0.0961403468897           3371.38147071            
0.0993638752068           3189.8264303             
0.102692425611            3012.66594893            
0.106130227659            2845.72448934            
0.109681529666            2693.59049709            
0.113350605419            2558.08958526            
0.117141762354            2437.98609763            
0.121059351793            2329.20120904            
0.125107781831            2225.78614245            
0.129291533473            2122.18462529            
0.133615180606            2015.04024921            
0.138083414397            1904.09131193            
0.142701072713            1792.41044575            
0.147473175219            1685.0708912             
0.152404964806            1586.70707303            
0.157501956124            1499.0178419             
0.162769992081            1419.99642174            
0.168215309354            1346.07520397            
0.173844614174            1273.86450788            
0.179665169978            1201.28999238            
0.185684898939            1128.90556144            
0.191912499947            1059.51885882            
0.198357586379            995.468076014            
0.20503084796             937.137529344            
0.211944242358            883.036498335            
0.219111223873            830.726500361            
0.22654701899             779.354898924            
0.234268961705            729.838876241            
0.242296906036            683.319178162            
0.250653739228            640.230567883            
0.259366027971            599.507134867            
0.268464842523            560.29033619             
0.277986822127            522.516734201            
0.2879755727              486.872349687            
0.298483529916            453.208668254            
0.30957448649             421.081459732            
0.321327087661            390.276203119            
0.333839771947            360.843429812            
0.347237928135            332.765442173            
0.36168455639             305.785288529            
0.377396667321            279.748852464            
0.394671463837            254.613846869            
0.413929999927            230.146554713            
0.435793804584            206.183827191            
0.46122772512             182.479037394            
0.491825662515            158.733272657            
0.530428919973            134.514438286            
0.582564834629            109.29070454             
0.659778619536            82.655174299             
0.784230942629            55.7260274668            
0.975286915924            33.5548942041            
1.22714127542             19.4525310496            
1.54487135417             11.150729252             
1.94487778865             6.33457834438            
2.44845607097             3.56958898976            
3.0824235674              1.99674679985            
3.88054135892             1.10951541233            
4.88531212826             0.612799431528           
6.15024358281             0.336576422011           
7.74269793512             0.183927237219           
