k                         pk_lin                   
8.21186569727e-06         13.3120808591            
1.03381264045e-05         16.5240289395            
1.3014930041e-05          20.510958075             
1.63848261614e-05         25.4598562309            
2.06272740224e-05         31.6026971352            
2.59681994428e-05         39.2275473839            
3.26920261771e-05         48.6918646589            
4.11568225174e-05         60.4392247066            
5.18133697358e-05         75.0199840562            
6.52291678311e-05         93.116808665             
8.21186569727e-05         115.576139446            
0.000103381264045         143.446796661            
0.00013014930041          178.027051186            
0.000163848261614         220.921380772            
0.000206272740224         274.107742977            
0.000259681994428         340.015097432            
0.000326920261771         421.608671368            
0.000411568225174         522.476536983            
0.000518133697358         646.905385946            
0.000652291678311         799.927443116            
0.000821186569727         987.27569657             
0.00103381264045          1215.35277469            
0.0013014930041           1491.05143691            
0.00163848261614          1821.16042727            
0.00206272740224          2211.41190593            
0.00259681994428          2665.05118699            
0.00326920261771          3180.82052209            
0.00411568225174          3749.97467536            
0.00518133697358          4352.46001177            
0.00652291678311          4952.37695576            
0.00821186569727          5491.82134461            
0.0103381264045           5888.28193469            
0.0130149300409           6035.70661412            
0.0163848258129           5826.65973518            
0.0206270678779           5210.78103285            
0.0259449628871           4290.27515721            
0.0320514678819           3414.85281368            
0.0369438767784           2949.27666311            
0.0405466938397           2723.13623402            
0.0435591237713           2587.25271874            
0.0462686007467           2490.14022441            
0.0488065054267           2409.02740865            
0.0512437200226           2331.72520429            
0.0536233332751           2251.12051338            
0.0559739432993           2163.23975065            
0.0583158716911           2066.39882515            
0.0606643835231           1960.75312245            
0.0630314936028           1847.97820626            
0.0654270448098           1730.92823728            
0.0678593848813           1613.22820446            
0.0703358088777           1498.841967              
0.0728628583601           1391.60321607            
0.0754465293915           1294.79597248            
0.0780924204911           1210.84399352            
0.0808058398366           1141.05099262            
0.083591884062            1085.50003555            
0.0864554967916           1042.98309306            
0.0894015124245           1011.04457623            
0.0924346890069           986.12147184             
0.0955597329444           963.860864061            
0.0987813175807           939.66189113             
0.102104097203            909.445455672            
0.105532717703            870.522696853            
0.109071824931            822.312230479            
0.112726071607            766.635615888            
0.11650012362             707.429780289            
0.120398666417            649.738261628            
0.124426412218            598.432702753            
0.128588108716            556.931485074            
0.132888549952            526.503880189            
0.137332589993            505.971725217            
0.1419251601              491.517693209            
0.14667129001             477.975033422            
0.151576133989            460.536235096            
0.156645002332            436.398980776            
0.161883398989            405.907311548            
0.16729706606             372.486471622            
0.172892035976            341.154093949            
0.178674692307            315.979039449            
0.184651840303            298.301263949            
0.190830788515            286.383629666            
0.197219443199            276.134618961            
0.203826417613            263.270442859            
0.210661158952            246.089932006            
0.217734096428            226.394213453            
0.225056815049            207.956399042            
0.232642261055            193.748119358            
0.240504986753            183.706160151            
0.248661445048            175.194292122            
0.257130347246            165.18530166             
0.265933102382            153.009064294            
0.275094362737            140.755768167            
0.284642709308            130.759231612            
0.294611524054            123.095698853            
0.305040114864            115.770629687            
0.3159751876              107.349337453            
0.327472802798            98.6978212139            
0.339601021787            91.3898999882            
0.352443553992            85.1941407361            
0.366104892455            78.6778137008            
0.38071772055             71.9652546036            
0.396453890128            66.0854052013            
0.413541211309            60.5486614532            
0.432290079247            54.8337012725            
0.453137527644            49.5485144885            
0.476723833431            44.3407664675            
0.50403377625             39.2033536956            
0.536675664249            34.1000451351            
0.57747703585             28.9496586377            
0.631856575306            23.6208047781            
0.71104699268             18.0360654779            
0.837486037401            12.3453417623            
1.03597519108             7.47990558017            
1.30286625886             4.31681240566            
1.64019059852             2.46247908077            
2.06487756374             1.39304674814            
2.59952683721             0.782138156804           
3.272610394               0.436141099534           
4.11997238791             0.241691108902           
5.18673793503             0.133171788395           
6.52971619073             0.0729949454926          
8.22042564431             0.0398177413902          
10.3489027394             0.0216231131397          
