k                         pk_lin                   
7.84196791129e-06         17.0814163694            
9.87245268201e-06         21.1911184485            
1.24286815581e-05         26.2895939884            
1.56467830486e-05         32.614736865             
1.96981327927e-05         40.4615168355            
2.47984799376e-05         50.1960214369            
3.12194365674e-05         62.2722785493            
3.93029420366e-05         77.2533933107            
4.94794724881e-05         95.8376528611            
6.22909652774e-05         118.89076378             
7.84196791129e-05         147.485569739            
9.87245268201e-05         182.950784346            
0.000124286815581         226.930406267            
0.000156467830486         281.455397876            
0.000196981327927         349.02873087             
0.000247984799376         432.723578014            
0.000312194365674         536.291664466            
0.000393029420366         664.273861767            
0.000494794724881         822.09773294             
0.000622909652774         1016.13847079            
0.000784196791129         1253.71485945            
0.000987245268201         1542.98994374            
0.00124286815581          1892.65345915            
0.00156467830486          2311.46076696            
0.00196981327927          2806.92606068            
0.00247984799376          3383.58289738            
0.00312194365674          4040.54949243            
0.00393029420366          4768.05905894            
0.00494794724881          5543.08734476            
0.00622909652774          6324.49067446            
0.00784196791129          7046.77454212            
0.00987245268201          7617.99199601            
0.012428681558            7921.94534909            
0.0156467824784           7840.48868343            
0.0196978394272           7310.40698886            
0.0247689677425           6416.83712444            
0.0304888312561           5507.97707578            
0.0349535861386           4978.18378911            
0.0382749234485           4676.46845881            
0.0410727074281           4464.17629924            
0.0435991278312           4291.10192418            
0.045971121781            4134.76616747            
0.0482524561516           3983.44605609            
0.0504821933973           3830.78727992            
0.052686411115            3673.7195667             
0.0548837264348           3511.44991699            
0.0570881783183           3344.90077622            
0.059310853014            3176.25335525            
0.0615608585758           3008.55503738            
0.0638459385959           2845.28788395            
0.0661728745823           2689.9728636             
0.0685477586673           2545.72829315            
0.0709761835711           2414.94870832            
0.0734633779392           2298.97667797            
0.0760143045237           2197.93660696            
0.0786337324203           2110.64991566            
0.0813262907626           2034.67980158            
0.0840965089032           1966.52133662            
0.0869488465853           1902.0029176             
0.0898877166251           1836.80826712            
0.0929175019664           1767.21549435            
0.0960425685405           1690.84846742            
0.0992672750718           1607.25335821            
0.10259598078             1518.10616926            
0.1060330518              1426.88941376            
0.10958286707             1338.0973349             
0.113249824363            1256.15413229            
0.117038347143            1184.29553086            
0.120952892863            1123.68134142            
0.124997963344            1073.08098562            
0.129178117845            1029.10465031            
0.133497989442            987.400503123            
0.137962305318            943.704720229            
0.142575911584            895.1662333              
0.147343803243            842.080287869            
0.152271159972            787.603115455            
0.157363388388            735.956844319            
0.162626171603            690.365645845            
0.168065526937            651.885436632            
0.173687872851            619.258653387            
0.179500106398            589.226860678            
0.185509692786            558.408877984            
0.191724769106            525.420401883            
0.19815426482             491.339580129            
0.204808042395            458.808418613            
0.211697062411            430.154233642            
0.218833578871            405.439682721            
0.226231372133            382.787898404            
0.233906029314            360.175115204            
0.241875285211            336.935034909            
0.250159441256            314.295814472            
0.258781886189            293.641166624            
0.267769750931            275.160382284            
0.277154742744            257.685888608            
0.28697422222             240.343721795            
0.297272614183            223.448167175            
0.308103285506            207.736886919            
0.319531088094            193.140129866            
0.331635869484            179.099554626            
0.344517424517            165.421385084            
0.358302651009            152.450455502            
0.373156179802            140.155299352            
0.389296674558            128.184559432            
0.4070227598              116.646010088            
0.426756070842            105.478502924            
0.449116426885            94.5146548897            
0.475061135102            83.718788454             
0.506161729339            72.9092615504            
0.545198447159            61.9217902739            
0.597535928859            50.5115987385            
0.674337592476            38.4821482144            
0.797543949505            26.2249784638            
0.989117338616            15.8852275055            
1.24425557187             9.21142780138            
1.56641166663             5.27939886604            
1.97199541872             2.99899192489            
2.48259514455             1.689968203              
3.12540211468             0.945417958168           
3.93464814424             0.525406885858           
4.95342853525             0.290236327115           
6.23599705854             0.159446232059           
7.85065516487             0.0871534768296          
