k                         CCL lin error            
1.41352944262e-07         -1.26674345024e-05       
1.77952813564e-07         -1.26666819404e-05       
2.24029319096e-07         -1.2665492292e-05        
2.82036202797e-07         -1.26636410596e-05       
3.55062542747e-07         -1.26607160361e-05       
4.4699725784e-07          -1.26560970196e-05       
5.62736206897e-07         -1.26487725589e-05       
7.08442910999e-07         -1.26371710335e-05       
8.91876783462e-07         -1.26187634628e-05       
1.12280634689e-06         -1.25896222137e-05       
1.41352944262e-06         -1.25434448e-05          
1.77952813564e-06         -1.24702511023e-05       
2.24029319096e-06         -1.23542429682e-05       
2.82036202797e-06         -1.21704091362e-05       
3.55062542747e-06         -1.18790357551e-05       
4.4699725784e-06          -1.14172778557e-05       
5.62736206897e-06         -1.06854205909e-05       
7.08442910999e-06         -9.52554970575e-06       
8.91876783462e-06         -7.68732662255e-06       
1.12280634689e-05         -4.77409135908e-06       
1.41352944262e-05         9.65548612361e-08        
1.77952813564e-05         1.72662549084e-08        
2.24029319096e-05         5.72489827159e-08        
2.82036202797e-05         2.61167636861e-08        
3.55062542747e-05         6.93416287278e-08        
4.4699725784e-05          8.77958129907e-08        
5.62736206897e-05         1.23789134275e-07        
7.08442910999e-05         1.99656851054e-07        
8.91876783462e-05         3.15479922792e-07        
0.000112280634689         4.97365709289e-07        
0.000141352944262         7.92515414429e-07        
0.000177952813564         1.25471779637e-06        
0.000224029319096         1.98817644202e-06        
0.000282036202797         3.15047784331e-06        
0.000355062542747         4.99479369188e-06        
0.00044699725784          7.91804923654e-06        
0.000562736206897         1.25585928667e-05        
0.000708442910999         1.98953293476e-05        
0.000891876783462         2.51340693278e-05        
0.00112280634689          1.42082374587e-05        
0.00141352944262          7.49414760015e-06        
0.00177952813564          4.29170773756e-06        
0.00224029319096          2.9255593815e-06         
0.00282036202797          2.45722994637e-06        
0.00355062542747          -1.85537671941e-05       
0.0044699725784           -6.87332041858e-05       
0.00562736206897          2.27712836769e-06        
0.00708442910999          3.97622983922e-07        
0.00891876783462          -2.92901704523e-05       
0.0112280634689           -3.60473710435e-05       
0.0141352942212           -5.8679969024e-06        
0.017795147489            4.803420497e-05          
0.0223865799674           7.7443049503e-05         
0.0277179707359           6.68512568012e-05        
0.032074184383            -3.01475987055e-05       
0.035261172863            -7.61830554481e-05       
0.0379115719212           -0.000135132775924       
0.0402885971093           -0.000118140639668       
0.0425113551825           -0.000145650032222       
0.0446436195905           -6.97509400707e-05       
0.0467239466631           -4.90342555222e-05       
0.0487778208752           9.56117919051e-05        
0.0508232918199           0.000206458678987        
0.052873880993            0.000331903623153        
0.0549402062275           0.000526088494518        
0.0570309485838           0.000676362023483        
0.0591534577201           0.000829049469156        
0.0613141468805           0.000916796854507        
0.0635187595316           0.0009129394652          
0.0657725544868           0.000903920171288        
0.0680804374439           0.0007725745851          
0.0704470562066           0.000576577396127        
0.0728768706296           0.000311189601652        
0.075374204553            6.00228936351e-05        
0.0779432846372           -0.00018487209044        
0.0805882695174           -0.000353627467025       
0.0833132717186           -0.000424651118419       
0.0861223741327           -0.000491815863853       
0.0890196424347           -0.000474221278188       
0.092009134528            -0.000377593703852       
0.0950949079238           -0.000333425667852       
0.0982810258345           -0.000169323360156       
0.101571562678            -6.69152467086e-05       
0.104970609646            6.25218878042e-05        
0.108482280946            0.000147326754881        
0.112110721321            0.000155329035442        
0.115860115421            8.68181494137e-05        
0.11973469962             -0.000123094913616       
0.123738776816            0.000141046295312        
0.127876734822            0.000346680806559        
0.13215306888             0.000106151479436        
0.136572408903            -0.000372494159617       
0.141139552036            -0.000409722288979       
0.145859501176            -6.63595571123e-05       
0.15073751017             0.000146052269552        
0.155779136499            -6.47047152705e-08       
0.1609903024              -0.000129539876787       
0.166377365609            -0.000164542632919       
0.171947201163            -0.000149118008124       
0.177707296113            3.26340363231e-05        
0.183665859492            -5.25987109468e-05       
0.189831950563            -0.000240814122219       
0.196215629282            -2.04995099103e-05       
0.20282813408             7.27861585508e-05        
0.20968209366             3.32847132513e-05        
0.216791781639            -1.59841860791e-05       
0.224173425727            -0.000229190183308       
0.23184558714             -9.79287533455e-05       
0.239829631413            -4.39412529468e-07       
0.248150319624            0.000247639592063        
0.25683656019             -4.24572148303e-05       
0.265922377763            -0.00018405726196        
0.275448180026            2.08840223208e-05        
0.285462440103            0.000185425229587        
0.29602396954             -6.40528903644e-05       
0.307205047929            -1.61604887615e-05       
0.319095824211            8.18717283348e-05        
0.331810655813            1.18310608251e-05        
0.345497489803            7.54596730229e-05        
0.360352184541            4.55964861633e-06        
0.376641174905            8.78116258248e-05        
0.394738879974            0.000104871590136        
0.415192564285            0.000110022627332        
0.438841537136            6.53237497805e-05        
0.467051677404            0.000117730963956        
0.502213982343            0.000146708634123        
0.548888720524            0.000133702765302        
0.61650084891             0.000130509058444        
0.724058343987            0.000149950856601        
0.89392239062             0.000170776771634        
1.12397005566             0.000253251762977        
1.41497078222             0.000213269275841        
1.78134259839             0.000281600010759        
2.2425774642              0.000297262381566        
2.82323775759             0.000239919078897        
3.55424575657             0.000259046709775        
4.47453030271             0.000305157837528        
5.63309990393             0.000270598965038        
7.09165261623             0.000304170672093        
8.92786169019             0.000295990227536        
