k                         CCL lin error            
1.36318205259e-07         -1.17333014917e-05       
1.71614452691e-07         -1.1732457584e-05        
2.16049795523e-07         -1.173130447e-05         
2.71990577797e-07         -1.17295157758e-05       
3.42415850158e-07         -1.1726734193e-05        
4.31076015165e-07         -1.17223319529e-05       
5.42692549906e-07         -1.17153656868e-05       
6.83209441868e-07         -1.17043184368e-05       
8.60109727946e-07         -1.16867799298e-05       
1.08281399344e-06         -1.16590314717e-05       
1.36318205259e-06         -1.1615120397e-05        
1.71614452691e-06         -1.15454612878e-05       
2.16049795523e-06         -1.14351353644e-05       
2.71990577797e-06         -1.12602901251e-05       
3.42415850158e-06         -1.0983144309e-05        
4.31076015165e-06         -1.05439699836e-05       
5.42692549906e-06         -9.84790181928e-06       
6.83209441868e-06         -8.74475449218e-06       
8.60109727946e-06         -6.99639712128e-06       
1.08281399344e-05         -4.2255723958e-06        
1.36318205259e-05         1.65688253759e-07        
1.71614452691e-05         3.39373621239e-07        
2.16049795523e-05         3.76539795341e-07        
2.71990577797e-05         3.45423459215e-07        
3.42415850158e-05         3.60425001053e-07        
4.31076015165e-05         3.72847509634e-07        
5.42692549906e-05         4.03333760175e-07        
6.83209441868e-05         4.42159681481e-07        
8.60109727946e-05         5.05087973613e-07        
0.000108281399344         6.06741693501e-07        
0.000136318205259         7.66374001723e-07        
0.000171614452691         1.01668072044e-06        
0.000216049795523         1.41129476705e-06        
0.000271990577797         2.03552916385e-06        
0.000342415850158         3.02342905906e-06        
0.000431076015165         4.59178089696e-06        
0.000542692549906         7.07261852671e-06        
0.000683209441868         1.10310643774e-05        
0.000860109727946         1.71515909093e-05        
0.00108281399344          1.38580161055e-05        
0.00136318205259          7.93812631363e-06        
0.00171614452691          4.29298497285e-06        
0.00216049795523          2.94607838358e-06        
0.00271990577797          2.41733120535e-06        
0.00342415850158          2.62452653866e-06        
0.00431076015165          -8.65337453366e-06       
0.00542692549906          1.43229338164e-05        
0.00683209441868          6.1941890707e-06         
0.00860109727946          8.7808526709e-06         
0.0108281399344           5.73094528443e-06        
0.0136318203682           1.08107913048e-05        
0.0171613361484           4.68985600821e-05        
0.0215910045284           8.7987922697e-05         
0.0267656041808           6.07798592727e-05        
0.0310445771931           -1.36663401102e-05       
0.0341638751388           -7.51924264921e-05       
0.036749600744            -8.90776324815e-05       
0.0390646479877           -0.00011513572055        
0.0412272807711           -9.26974041826e-05       
0.0433005368957           -6.39926355073e-05       
0.045322405183            6.65587909881e-07        
0.0473179339415           9.39820325008e-05        
0.0493048295392           0.000172523099308        
0.0512963351253           0.000363481307698        
0.0533028358155           0.000532957559369        
0.0553328124444           0.000703286195547        
0.0573934378574           0.00085537323496         
0.0594909655217           0.000958041671436        
0.0616309916028           0.000987500004106        
0.0638186367786           0.000939298240613        
0.0660586753396           0.00081879810461         
0.0683556285981           0.000638338143948        
0.0707138334748           0.000390057988787        
0.0731374934096           0.00014007815586         
0.0756307164258           -0.000116707583684       
0.0781975437027           -0.000294870444152       
0.0808419710528           -0.000417128706572       
0.0835679650712           -0.000469916098495       
0.0863794753003           -0.000484858800519       
0.0892804434821           -0.000457743647311       
0.0922748107762           -0.000391680453265       
0.0953665237067           -0.000309617196274       
0.0985595395181           -0.000193353512761       
0.101857831571            -5.46678421904e-05       
0.105265395378            7.61348650807e-05        
0.108786255858            0.000204641491935        
0.11242447638             0.000257546288413        
0.116184170149            0.000140290206391        
0.120069514494            0.00016399898608         
0.124084768607            0.000344632923236        
0.128234295281            0.000182907120127        
0.132522587219            -0.000274416210376       
0.136954298492            -0.000469301989409       
0.141534281762            -0.000113125904079       
0.146267631975            0.000233836121522        
0.151159737289            3.9414410156e-05         
0.156216338178            -0.000169156418718       
0.161443595833            -0.000114987974125       
0.16684817126             -5.50246849882e-05       
0.172437316856            3.00929360495e-05        
0.178218982722            4.04513225412e-05        
0.184201940628            -0.000190940697151       
0.190395929423            -9.61975379328e-05       
0.196811826801            0.000141907788109        
0.203461853886            6.22388092426e-05        
0.210359821112            4.51857057109e-05        
0.217521426687            -0.000166162152928       
0.22496462272             -0.000114336883871       
0.232710069389            2.95167179588e-05        
0.240781705046            0.000239950299508        
0.249207470861            1.61579290691e-05        
0.258020244327            -0.000168642823572       
0.267259059209            3.79838404943e-05        
0.276970724912            0.000255459071836        
0.287212013061            -6.35275561341e-05       
0.298052666291            3.28749097358e-05        
0.309579626656            0.000162914639936        
0.321903120918            1.63529103808e-05        
0.335165657927            8.08652080358e-05        
0.349555750077            2.6079835494e-05         
0.365329602438            0.000108821515001        
0.382846858824            9.32867450105e-05        
0.402632478681            8.89221106913e-05        
0.425490228538            0.000133031291929        
0.452725466707            0.00011658180699         
0.486617550942            0.000133567629829        
0.53150172755             0.000126499428284        
0.596321240619            0.000176814563367        
0.699202777912            0.000182125923612        
0.862208509467            0.000205915576624        
1.08393593357             0.000218325940476        
1.36456772945             0.000234077683117        
1.71788889954             0.000261873550412        
2.16269399022             0.000264756534693        
2.72267042223             0.000298313916977        
3.42763898248             0.000289578189421        
4.3151418175              0.000282983789023        
5.43244168955             0.000291935860113        
6.83903889106             0.00028471804145         
8.60983985221             0.000296975533499        
