k                         CCL lin error            
1.17750159452e-07         -1.48846981941e-05       
1.48238667976e-07         -1.48838050475e-05       
1.86621426126e-07         -1.48823930767e-05       
2.34942455735e-07         -1.4880176217e-05        
2.95775027835e-07         -1.48767001525e-05       
3.72358698715e-07         -1.48711979503e-05       
4.68771828115e-07         -1.48624685385e-05       
5.90148766747e-07         -1.48486354614e-05       
7.42953279198e-07         -1.48266861589e-05       
9.35322762957e-07         -1.47919249313e-05       
1.17750159452e-06         -1.47368870107e-05       
1.48238667977e-06         -1.46496097488e-05       
1.86621426126e-06         -1.45112745523e-05       
2.34942455735e-06         -1.42920905319e-05       
2.95775027835e-06         -1.39446808855e-05       
3.72358698715e-06         -1.33941227713e-05       
4.68771828115e-06         -1.25215500155e-05       
5.90148766747e-06         -1.11385842491e-05       
7.42953279198e-06         -8.9467952692e-06        
9.35322762957e-06         -5.47324622578e-06       
1.17750159452e-05         3.16588300073e-08        
1.48238667977e-05         3.16489916245e-07        
1.86621426126e-05         3.67505399807e-07        
2.34942455735e-05         3.3023561748e-07         
2.95775027835e-05         2.60052385979e-07        
3.72358698715e-05         2.53437809322e-07        
4.68771828115e-05         2.5748702707e-07         
5.90148766747e-05         2.83978835453e-07        
7.42953279198e-05         3.19136573982e-07        
9.35322762957e-05         3.71501339036e-07        
0.000117750159452         4.53034103953e-07        
0.000148238667977         5.78837147395e-07        
0.000186621426126         7.76153074439e-07        
0.000234942455735         1.08773181142e-06        
0.000295775027835         1.58136937812e-06        
0.000372358698715         2.36327888167e-06        
0.000468771828115         3.60667224163e-06        
0.000590148766747         5.56976797296e-06        
0.000742953279198         8.64992892277e-06        
0.000935322762957         1.14073742383e-05        
0.00117750159452          6.66268684861e-06        
0.00148238667977          3.91857812973e-06        
0.00186621426126          2.4841990206e-06         
0.00234942455735          2.37446888394e-06        
0.00295775027835          2.77686016362e-06        
0.00372358698715          -4.51899875455e-05       
0.00468771828115          -4.20116930101e-06       
0.00590148766747          5.7771057889e-06         
0.00742953279198          1.02496426006e-05        
0.00935322762957          -3.25807389706e-06       
0.0117750159366           2.29775544161e-05        
0.0148238548425           5.75543751317e-05        
0.0186594374507           0.000111539648734        
0.0233561970407           0.000139340573919        
0.0278650280764           1.39285309613e-05        
0.0310942806266           -7.16327684313e-05       
0.033660883785            -0.000163698892258       
0.0359082261617           -0.000188515015849       
0.0379810421465           -0.000185788644681       
0.039952320996            -0.00012368244111        
0.0418643447231           -4.30152253638e-05       
0.043744182283            5.19237014132e-05        
0.0456105292076           0.000231329986598        
0.0474771041963           0.000448167039705        
0.0493544929923           0.000704524295883        
0.0512512210022           0.000978128480748        
0.0531744125436           0.00124301425169         
0.0551302145127           0.00142396160885         
0.0571240788195           0.00154562526477         
0.0591609564626           0.00155693985651         
0.0612454342609           0.00137688726735         
0.0633818331666           0.00118664954643         
0.0655742801035           0.000807791121728        
0.0678267611076           0.000392462621131        
0.0701431609696           -6.34433587728e-06       
0.0725272929613           -0.000358502384353       
0.074982921174            -0.000600102764842       
0.0775137773121           -0.000691819988976       
0.0801235733308           -0.000719018131275       
0.0828160110001           -0.000742719186369       
0.0855947892801           -0.000696719874482       
0.0884636102552           -0.000544643454233       
0.0914261842912           -0.000405139011007       
0.0944862350199           -0.000190579515926       
0.0976475047258           2.93372074688e-05        
0.100913760683            0.000228267608755        
0.104288802977            0.000349956933716        
0.107776474347            0.000322277994594        
0.111380672552            0.000179478473621        
0.115105365802            0.000464784957103        
0.118954611754            0.000295427717573        
0.122932580599            -0.000293916596689       
0.12704358279             -0.000680782949469       
0.131292101966            -0.000314602272703       
0.135682833702            0.000308156145968        
0.140220730781            0.000160067063627        
0.144911055802            -0.000241130858131       
0.149759442111            -0.000201470906243       
0.154771964267            -9.0906283548e-05        
0.159955219574            -7.59950711889e-06       
0.165316422619            7.80318275811e-05        
0.170863515315            -0.000214285952547       
0.176605295686            -0.000252205335279       
0.182551569591            0.000165750872737        
0.188713330879            0.000105367634863        
0.195102977187            8.47637699679e-05        
0.201734570935            -0.000137612530423       
0.208624158255            -0.000252805080191       
0.215790162995            -4.79265739468e-06       
0.223253879166            0.000281278213537        
0.231040094006            0.000236619830798        
0.239177886692            -0.000328696585538       
0.247701666616            -6.68118027789e-05       
0.256652543684            0.000311026700118        
0.26608016691             -5.27852007606e-05       
0.276045236648            3.66048298293e-06        
0.286623007512            0.000162408514815        
0.297908285003            -4.61392295743e-05       
0.310022738788            0.00015815295909         
0.323125926741            0.000132801510267        
0.337432486598            0.000167471868214        
0.353240025906            0.000128798220544        
0.370976511158            0.000125803821304        
0.391285302441            8.65734576576e-05        
0.415187858339            0.000154141439974        
0.444419035841            0.000153953317429        
0.482175137689            0.000137611408749        
0.534881871051            0.000158914740555        
0.615982859261            0.000199653352059        
0.74736565825             0.000198324552373        
0.936684979898            0.000224537030304        
1.17908845627             0.000261456787618        
1.48438360708             0.00025871780314         
1.86872824299             0.000260101093879        
2.35258947283             0.000272927948926        
2.96173467087             0.000279957938447        
3.72860304015             0.000259137680972        
4.69403311774             0.00031899744119         
5.90943757572             0.000306994434648        
7.43954113349             0.000312304901642        
