k                         CCL lin error            
1.8799884426e-07          -6.16930817704e-06       
2.36676522427e-07         -6.16894476915e-06       
2.97958088459e-07         -6.16832442553e-06       
3.75107009211e-07         -6.16741582609e-06       
4.72231746037e-07         -6.16595914856e-06       
5.94504545342e-07         -6.16368668734e-06       
7.48436879559e-07         -6.1600766058e-06        
9.42226206801e-07         -6.15437436588e-06       
1.1861925154e-06          -6.14531038468e-06       
1.49332790092e-06         -6.13097586919e-06       
1.8799884426e-06          -6.10827842501e-06       
2.36676522427e-06         -6.07230206894e-06       
2.97958088459e-06         -6.01527386961e-06       
3.75107009211e-06         -5.92490939848e-06       
4.72231746037e-06         -5.7816891843e-06        
5.94504545342e-06         -5.55469172292e-06       
7.48436879559e-06         -5.194954477e-06         
9.42226206801e-06         -4.62479836668e-06       
1.1861925154e-05          -3.72120208979e-06       
1.49332790092e-05         -2.28915816397e-06       
1.8799884426e-05          1.09973744794e-07        
2.36676522427e-05         9.69796877793e-08        
2.97958088459e-05         9.21206408406e-08        
3.75107009211e-05         4.23357793456e-08        
4.72231746037e-05         6.56103489318e-08        
5.94504545342e-05         9.60883690753e-08        
7.48436879559e-05         1.61955829925e-07        
9.42226206801e-05         2.73904209935e-07        
0.00011861925154          4.37480893008e-07        
0.000149332790092         6.98534518855e-07        
0.00018799884426          1.11554089343e-06        
0.000236676522427         1.76889292976e-06        
0.000297958088459         2.80372209964e-06        
0.000375107009211         4.44738231878e-06        
0.000472231746037         7.04956862006e-06        
0.000594504545342         1.11822249455e-05        
0.000748436879559         1.77149701015e-05        
0.000942226206801         2.8140979126e-05         
0.0011861925154           4.43781368914e-05        
0.00149332790092          3.52299912194e-05        
0.0018799884426           1.90367229487e-05        
0.00236676522427          9.96960924393e-06        
0.00297958088459          5.91431411334e-06        
0.00375107009211          3.82151159131e-06        
0.00472231746037          3.55005053324e-06        
0.00594504545342          -2.47687802588e-05       
0.00748436879559          -1.91908535092e-05       
0.00942226206801          -3.32546751316e-05       
0.011861925154            -2.36096572099e-05       
0.0149332790062           -1.66057983087e-05       
0.0187998786761           3.04828255182e-06        
0.0236659633838           1.05911553734e-05        
0.0296885907986           1.69905169735e-05        
0.0358362222496           6.16723592284e-06        
0.0402951421124           -1.62734609222e-05       
0.0437655287702           -2.3943134559e-05        
0.0467698872765           -3.37447036042e-05       
0.0495234432806           -3.88265780482e-05       
0.0521319223647           -3.52867224777e-05       
0.0546554353168           -3.12683178198e-05       
0.0571319389652           -5.43558869892e-06       
0.0595873696459           2.3348145406e-05         
0.0620405942902           5.98793454032e-05        
0.0645060649327           0.000106110869145        
0.0669953478738           0.000149680690075        
0.0695180561764           0.000176626056737        
0.072082445109            0.000202021668841        
0.0746958070023           0.000227547841264        
0.0773647413896           0.000227541983888        
0.0800953446475           0.000203109122285        
0.0828933459557           0.000165126977023        
0.0857642064212           0.00011903757723         
0.0887131922789           5.36210022761e-05        
0.0917454294414           4.60878709983e-07        
0.0948659443775           -5.19684840496e-05       
0.0980796948268           -9.5738352389e-05        
0.101391592889            -0.000121811925762       
0.104806522394            -0.00013839024599        
0.108329352029            -0.000134168251869       
0.111964945414            -0.000132461589265       
0.115718169147            -0.000116867850706       
0.119593899685            -9.66657773742e-05       
0.123597029889            -7.10899606968e-05       
0.127732475968            -3.62162122048e-05       
0.132005185575            4.71292156973e-06        
0.136420147739            4.74023191769e-05        
0.140982405339            6.3657732027e-05         
0.145697070809            6.36040588262e-05        
0.150569345743            3.16617961449e-05        
0.155604545095            9.38452239592e-05        
0.16080812665             7.34718775781e-05        
0.166185726476            -4.71372187208e-05       
0.171743201093            -0.000134631568472       
0.177486677168            -6.15705220972e-05       
0.183422609631            5.64411427087e-05        
0.189557849255            3.52615396005e-05        
0.195899720967            -3.32821596785e-05       
0.202456114413            -2.41628217541e-05       
0.209235588731            -1.79485246531e-05       
0.216247493978            -9.50321259908e-06       
0.223502112381            2.1216493022e-05         
0.23101082348             -2.10526552553e-05       
0.238786298474            -3.42145748901e-05       
0.246842730682            2.86174688895e-05        
0.255196111212            7.1976739961e-06         
0.263864561845            -5.56443767018e-06       
0.272868741127            -2.54231639832e-05       
0.282232345191            -1.42875410177e-05       
0.291982732536            2.76821814185e-05        
0.302151712973            2.75402489452e-05        
0.312776556852            7.31035061257e-06        
0.323901304041            -2.94036483623e-05       
0.335578487261            3.51688975922e-05        
0.34787143814             5.47405044758e-05        
0.360857428839            -7.88922870483e-06       
0.374632038023            3.84224490915e-05        
0.389315355259            4.6233984819e-05         
0.405061023482            1.72217672441e-05        
0.422069803125            4.31526326454e-05        
0.440610605735            3.77639669912e-05        
0.461054392307            5.18213854743e-05        
0.483931326708            4.88776170279e-05        
0.510032397522            5.0369803344e-05         
0.540601784921            6.7198453684e-05         
0.577728481001            6.99844313304e-05        
0.625209414138            8.25861658651e-05        
0.690579671349            8.96757456761e-05        
0.789645363715            0.000104192805766        
0.950319487174            0.000117237198586        
1.18812711205             0.000142141420625        
1.49544198386             0.000169032046273        
1.88264727272             0.000187189443513        
2.37011248945             0.000211278578862        
2.98379484178             0.00022428724891         
3.7563751499              0.000221061558366        
4.72899613244             0.000210792107481        
5.9534534034              0.00021079779627         
7.49495377747             0.00024502601816         
9.43558777068             0.000290004495799        
