k                         CCL lin error            
9.92100167608e-08         -1.86091958611e-05       
1.24898011205e-07         -1.86080874638e-05       
1.57237280188e-07         -1.86062436799e-05       
1.9795000771e-07          -1.86034713113e-05       
2.49204294971e-07         -1.85991904446e-05       
3.13729619668e-07         -1.85923943618e-05       
3.94962190632e-07         -1.85816763013e-05       
4.97227938485e-07         -1.85645627626e-05       
6.25972887213e-07         -1.85375129457e-05       
7.88053174806e-07         -1.84948216735e-05       
9.92100167608e-07         -1.84271963396e-05       
1.24898011205e-06         -1.83199801862e-05       
1.57237280188e-06         -1.81500424135e-05       
1.9795000771e-06          -1.78808127328e-05       
2.49204294971e-06         -1.74541198456e-05       
3.13729619668e-06         -1.67778032025e-05       
3.94962190632e-06         -1.57059044278e-05       
4.97227938485e-06         -1.4007309994e-05        
6.25972887213e-06         -1.13151565347e-05       
7.88053174806e-06         -7.04845086915e-06       
9.92100167608e-06         -2.8656673887e-07        
1.24898011205e-05         1.94758434683e-07        
1.57237280188e-05         8.56634802419e-08        
1.9795000771e-05          1.25451066083e-07        
2.49204294971e-05         1.42252702568e-07        
3.13729619668e-05         1.52650022629e-07        
3.94962190632e-05         1.5435339389e-07         
4.97227938485e-05         1.55555885169e-07        
6.25972887213e-05         1.58471894556e-07        
7.88053174806e-05         1.62171140932e-07        
9.92100167608e-05         1.66850173305e-07        
0.000124898011205         1.72032193429e-07        
0.000157237280188         1.79409216458e-07        
0.00019795000771          1.89725902763e-07        
0.000249204294971         2.04406941492e-07        
0.000313729619668         2.26714026577e-07        
0.000394962190632         2.60697386743e-07        
0.000497227938485         3.23859510678e-07        
0.000625972887213         4.33539963841e-07        
0.000788053174806         5.38558759902e-07        
0.000992100167608         8.11729224585e-07        
0.00124898011205          1.07857620453e-06        
0.00157237280188          1.34072101209e-06        
0.0019795000771           9.71167534152e-07        
0.00249204294971          1.45760651927e-06        
0.00313729619668          5.87812120329e-06        
0.00394962190632          2.31451717683e-05        
0.00497227938485          1.18240481067e-05        
0.00625972887213          1.45072046021e-05        
0.00788053174806          3.17631966491e-05        
0.00992100167534          5.42128148756e-05        
0.0124897993157           9.67640580321e-05        
0.0157230809776           0.000154077493965        
0.019746571534            0.000176446462628        
0.0240245180881           3.770518014e-05          
0.0271879948244           -8.69286410003e-05       
0.0296101364032           -0.000194771096002       
0.0316876936564           -0.000246281228422       
0.0335821641097           -0.00025340281331        
0.0353712786756           -0.000217588060324       
0.0370985906073           -0.00013218557025        
0.0387913095505           -4.81443738342e-06       
0.0404678756299           0.000171798465341        
0.0421416136444           0.000404813070716        
0.0438226735055           0.000662005122497        
0.0455191396695           0.000928264574867        
0.0472377036144           0.00121673039903         
0.0489840911441           0.00144887422713         
0.0507633446019           0.00158933245918         
0.0525800153022           0.00163899939306         
0.0544382982461           0.00155160117182         
0.0563421284896           0.00137254238073         
0.0582952512785           0.00105153390616         
0.0603012737755           0.000647924783136        
0.0623637035721           0.000190828449389        
0.0644859775362           -0.000181011250637       
0.0666714834826           -0.000485657818285       
0.0689235764637           -0.00069888289094        
0.0712455910218           -0.000823511024086       
0.0736408504405           -0.000830187017395       
0.0761126738277           -0.000844298697514       
0.0786643817326           -0.000864060213275       
0.0812993009071           -0.000870580956121       
0.0840207687693           -0.000889752390116       
0.0868321380884           -0.000854696144335       
0.0897367823891           -0.000755317784426       
0.0927381025593           -0.00056506019474        
0.095839535137            -0.000284619276078       
0.0990445627434           7.40868160181e-06        
0.10235672713             0.000340325367135        
0.105779645301            -2.85277548974e-05       
0.10931702918             -0.000418275261342       
0.1129727093              -0.000446162578908       
0.116750663022            -0.000314767475944       
0.120655047809            7.6552785361e-05         
0.124690240188            0.000371921899211        
0.128860881068            -1.61657220529e-05       
0.133171928276            -0.000485729294939       
0.137628717321            -5.65208281458e-05       
0.14223703168             0.000359326727643        
0.147003184237            -5.48599150482e-05       
0.151934111957            -0.000205636123132       
0.15703748652             -6.64003701048e-05       
0.16232184439             -0.00010482368402        
0.16779674092             0.000212315452829        
0.173472934493            0.000143079756171        
0.179362608621            -6.10206430273e-05       
0.18547964256             -3.80423338454e-05       
0.191839944616            -0.000216949901092       
0.198461867375            0.000296289850227        
0.205366731279            0.000100824368822        
0.212579493342            -2.44212222792e-05       
0.220129613043            -8.06924924219e-05       
0.228052190256            0.000293661745545        
0.236389484934            -6.20589861951e-05       
0.245192982919            9.39334581236e-05        
0.254526259831            0.000184318426821        
0.264469039716            -3.44665914317e-05       
0.275123091807            0.000131256068559        
0.286621044384            0.000150353979607        
0.299139995859            0.000169174059432        
0.312923345363            0.000141137746169        
0.328317392065            0.000169657826968        
0.345835978032            0.000171937568203        
0.366281899274            9.65893532981e-05        
0.390991864933            0.00014663009003         
0.422371415585            0.000123102459998        
0.465146788862            0.000146329051814        
0.529220792574            0.000190829276545        
0.632924262733            0.00022751033764         
0.789391798099            0.000228299282347        
0.993438585728            0.00025386499433         
1.25066163882             0.000266010363552        
1.57448971273             0.000285383242863        
1.98216510997             0.000289155685949        
2.49539802731             0.000299343866376        
3.14151998912             0.000302055187171        
3.95493934597             0.000312533198028        
4.97897364474             0.000284553968466        
6.26815644602             0.000311218267287        
