k                         CCL lin error            
1.60428813783e-07         -8.47275608342e-06       
2.01967910455e-07         -8.47227336344e-06       
2.54262534839e-07         -8.47149059042e-06       
3.20097566377e-07         -8.47027171832e-06       
4.02978960565e-07         -8.46830578477e-06       
5.07320453873e-07         -8.46526820191e-06       
6.38678611304e-07         -8.46047385374e-06       
8.04048733741e-07         -8.45286595422e-06       
1.01223738323e-06         -8.44078685812e-06       
1.27433136451e-06         -8.42168165928e-06       
1.60428813783e-06         -8.3914055522e-06        
2.01967910455e-06         -8.34342184237e-06       
2.54262534839e-06         -8.26736262182e-06       
3.20097566377e-06         -8.14684859481e-06       
4.02978960565e-06         -7.95584091613e-06       
5.07320453873e-06         -7.65311072977e-06       
6.38678611304e-06         -7.17332704252e-06       
8.04048733741e-06         -6.41296326426e-06       
1.01223738323e-05         -5.20789858459e-06       
1.27433136451e-05         -3.29805862391e-06       
1.60428813783e-05         -1.05848727563e-07       
2.01967910455e-05         -7.15306777349e-08       
2.54262534839e-05         3.37862983841e-08        
3.20097566377e-05         -3.26859904885e-08       
4.02978960565e-05         -1.60341732199e-08       
5.07320453873e-05         8.7441276625e-10         
6.38678611304e-05         2.24821178248e-08        
8.04048733741e-05         3.71120766749e-08        
0.000101223738323         6.56730839016e-08        
0.000127433136451         1.14554687874e-07        
0.000160428813783         1.854426839e-07          
0.000201967910455         2.95498347634e-07        
0.000254262534839         4.69489936403e-07        
0.000320097566377         7.45692236255e-07        
0.000402978960565         1.18045499433e-06        
0.000507320453873         1.87087401449e-06        
0.000638678611304         2.9723011022e-06         
0.000804048733741         4.70057345824e-06        
0.00101223738323          7.44440830553e-06        
0.00127433136451          1.17734065389e-05        
0.00160428813783          1.45864437859e-05        
0.00201967910455          8.2707822181e-06         
0.00254262534839          4.4736628448e-06         
0.00320097566377          2.44619085946e-06        
0.00402978960565          1.61741261476e-06        
0.00507320453873          -2.67914312618e-05       
0.00638678611304          -1.95628526033e-05       
0.00804048733741          -3.43363974383e-05       
0.0101223738323           -2.33309349585e-05       
0.0127433136445           -1.57575652759e-05       
0.0160428797383           4.15406676991e-06        
0.0201961468385           1.91149298622e-05        
0.0253742801257           2.2825742072e-05         
0.0309728380713           -5.95715332579e-08       
0.0351608942841           -3.40083085756e-05       
0.0383436028926           -4.63563526014e-05       
0.0410615044011           -6.13351312304e-05       
0.0435339410374           -4.74238127959e-05       
0.0458654957924           -4.58761396281e-05       
0.0481143710698           -4.63075305678e-05       
0.050316749484            -2.06016711356e-05       
0.0524970593804           8.93081531855e-06        
0.0546728987304           6.04846400224e-05        
0.0568576382303           0.000123476578962        
0.0590619044598           0.00017407880848         
0.0612944764053           0.000227411560857        
0.0635628538446           0.000263496222747        
0.0658736320413           0.000289193731485        
0.0682327568436           0.000301297816731        
0.0706457030467           0.000278002818445        
0.0731176018512           0.000240952671041        
0.0756533335517           0.000175272812316        
0.0782575958549           0.00010951839409         
0.0809349547249           2.1414209646e-05         
0.0836898824589           -5.95050499124e-05       
0.0865267862877           -0.000120559752675       
0.0894500298764           -0.000163929025328       
0.0924639494934           -0.000177031027219       
0.095572866215            -0.000185560630522       
0.0987810952582           -0.000184693878087       
0.102092953363            -0.000175926239294       
0.105512765024            -0.000176785188052       
0.109044868294            -0.000182151273889       
0.112693620846            -0.000156125581246       
0.116463406932            -0.00012570734013        
0.120358645878            -8.55500490796e-05       
0.124383802723            -1.16151369611e-05       
0.128543401628            4.16797627494e-05        
0.132842042637            0.000111226003653        
0.137284422414            0.00011374815801         
0.141875359555            3.58491022279e-05        
0.146619825095            -4.95375903613e-05       
0.151522978863            -0.000135397200813       
0.156590212383            -0.00010474434545        
0.161827199112            4.91782918097e-05        
0.167239952895            0.000102390733715        
0.172834895745            -5.16127889603e-05       
0.178618936238            -0.000103209217516       
0.184599560189            1.13824421167e-05        
0.190784935703            2.67400855448e-05        
0.197184035277            -1.16439616171e-05       
0.203806778428            -5.95144189402e-06       
0.210664199336            -3.82482389186e-05       
0.217768645368            8.17701035053e-06        
0.225134014183            5.78880064748e-05        
0.232776039576            -2.386044104e-05         
0.240712639561            -5.65658047423e-06       
0.248964344844            -2.80830939013e-05       
0.257554832289            2.5642777548e-05         
0.266511597123            5.00075747153e-05        
0.275866810906            6.65907099958e-06        
0.285658431637            -2.0431878341e-05        
0.295931661439            3.88757284173e-05        
0.306740891554            3.93829288652e-05        
0.318152343716            1.99522684047e-05        
0.330247727957            2.65492396561e-05        
0.343129420049            2.91874167553e-05        
0.356927973256            3.93063239039e-05        
0.371813328228            4.87093876382e-05        
0.388012092401            2.88120458003e-05        
0.405835194749            4.0949497219e-05         
0.425724132839            4.53750830792e-05        
0.448332413752            5.72048489658e-05        
0.474677981688            6.38829828508e-05        
0.506449524156            7.98429489773e-05        
0.546672550403            9.03221934137e-05        
0.601264114202            8.25962611124e-05        
0.682606868211            0.000107065082275        
0.814037209457            0.000133441030291        
1.01398463944             0.000142544731419        
1.27598031505             0.000175356261112        
1.60635810019             0.000183697969782        
2.02228502144             0.000201212276207        
2.54590600338             0.000215845211322        
3.20510576369             0.000241525160103        
4.0349890934              0.000206761580433        
5.07975030599             0.000231446032558        
6.39502674578             0.000261631709883        
8.05086167937             0.000280163618606        
