k                         CCL lin error            
1.28866267416e-07         -1.34344354466e-05       
1.62233018774e-07         -1.34336290077e-05       
2.04239269966e-07         -1.34323662018e-05       
2.57122007047e-07         -1.34304198432e-05       
3.23697428603e-07         -1.34273454651e-05       
4.075109186e-07           -1.3422463e-05           
5.13025851009e-07         -1.34147161798e-05       
6.45861280743e-07         -1.34024500904e-05       
8.13091178821e-07         -1.33829736362e-05       
1.02362114712e-06         -1.33521661783e-05       
1.28866267416e-06         -1.330334771e-05         
1.62233018774e-06         -1.32259617141e-05       
2.04239269966e-06         -1.3103339509e-05        
2.57122007047e-06         -1.29090056124e-05       
3.23697428603e-06         -1.26010064704e-05       
4.075109186e-06           -1.21128557164e-05       
5.13025851009e-06         -1.13391814197e-05       
6.45861280743e-06         -1.01130751259e-05       
8.13091178821e-06         -8.1698454738e-06        
1.02362114712e-05         -5.09021643191e-06       
1.28866267416e-05         5.48961905852e-08        
1.62233018774e-05         1.09461290887e-07        
2.04239269966e-05         1.45918093863e-07        
2.57122007047e-05         7.69306899217e-08        
3.23697428603e-05         2.36378913156e-08        
4.075109186e-05           1.80901798618e-08        
5.13025851009e-05         8.25744701869e-09        
6.45861280743e-05         2.19750972608e-08        
8.13091178821e-05         4.50295568437e-08        
0.000102362114712         7.20818845852e-08        
0.000128866267416         1.16194620652e-07        
0.000162233018774         1.84495947708e-07        
0.000204239269966         2.93671629628e-07        
0.000257122007047         4.63947609019e-07        
0.000323697428603         7.35168487106e-07        
0.0004075109186           1.16688327101e-06        
0.000513025851009         1.85042310615e-06        
0.000645861280743         2.92049784266e-06        
0.000813091178821         4.61074428787e-06        
0.00102362114712          7.24548212041e-06        
0.00128866267416          7.70378444637e-06        
0.00162233018774          4.44100006535e-06        
0.00204239269966          2.64463405781e-06        
0.00257122007047          1.86648815838e-06        
0.00323697428603          -6.89659857061e-06       
0.004075109186            -3.62494120996e-05       
0.00513025851009          -3.90310204745e-05       
0.00645861280743          -5.18967500583e-05       
0.00813091178821          -5.01864478566e-05       
0.0102362114712           -1.8486506545e-05        
0.0128866266563           -1.36538228938e-06       
0.0162232337706           4.6171060563e-05         
0.0204141303369           7.32064950247e-05        
0.0253747250316           4.27136682945e-05        
0.0296025676857           -2.35952743381e-05       
0.0326609160969           -8.69969769088e-05       
0.0351756222347           -0.000134150738889       
0.0374174387301           -0.000136167327668       
0.0395064425517           -0.000112342604502       
0.0415059304924           -7.224726916e-05         
0.0434537453476           -7.62891274016e-05       
0.0453746902889           5.3758910052e-05         
0.0472862154061           0.000156655281372        
0.0492013211248           0.000262031905742        
0.0511301683634           0.000408047387001        
0.0530810311152           0.000569805926818        
0.0550608899305           0.000704439799932        
0.0570758175877           0.000796092302986        
0.0591312385722           0.000834056050471        
0.0612321087363           0.00081407700474         
0.0633830426653           0.000731871248284        
0.0655884057149           0.000605257483234        
0.0678523815247           0.000407372474189        
0.0701790220968           0.000195316986803        
0.0725722852231           -6.50973711964e-05       
0.0750360625729           -0.000245982342008       
0.0775742008063           -0.000352776382763       
0.0801905174474           -0.000440458692931       
0.0828888128395           -0.000475452951241       
0.0856728792257           -0.000463611166897       
0.0885465078142           -0.00048069092251        
0.0915134945686           -0.000459262071141       
0.0945776453811           -0.000400882554032       
0.0977427812397           -0.000347148550803       
0.101012743969            -0.000229339024875       
0.104391403099            -0.000102363005535       
0.10788266442             7.60985492111e-05        
0.111490480739            0.000194724831045        
0.115218865405            0.000284308528243        
0.119071909093            0.00025645555205         
0.123053800413            0.000107902091056        
0.127168850866            -0.000118162896086       
0.131421524704            -0.000359329193036       
0.135816474308            -0.000253247720531       
0.140358581713            0.000124633502671        
0.14505300705             0.000203975798981        
0.149905244771            -0.000124712820799       
0.154921188728            -0.000189239264459       
0.160107207435            2.94189060879e-05        
0.165470231183            5.90763585639e-05        
0.171017853145            -3.42504081902e-05       
0.176758447236            -5.25607068011e-05       
0.182701306278            -0.000146996269433       
0.188856805122            5.89778305962e-05        
0.19523659481             0.000131638723842        
0.201853835761            -4.5229572584e-05        
0.208723480604            -1.13991396528e-05       
0.215862620848            -0.000137364686074       
0.22329091654             6.45588827715e-05        
0.231031135111            0.000129819862063        
0.239109835612            0.000105711112488        
0.247558249249            -0.000122870322311       
0.256413428805            6.10388929376e-05        
0.265719772519            0.000111464421137        
0.275531078948            2.59106031222e-05        
0.285913370261            2.37010599258e-05        
0.296948853284            8.45436211767e-05        
0.308741609161            7.36691160216e-05        
0.321425987507            0.000116910624722        
0.335179375897            4.51827362017e-05        
0.350242325675            6.69276024519e-05        
0.36695160883             6.542649698e-05          
0.385797211052            9.16888996701e-05        
0.407526372816            0.000123829461653        
0.433346702395            9.90038896367e-05        
0.465354268473            0.0001042443225          
0.507508890378            0.000136986616643        
0.567940108241            0.000153165095748        
0.663297575802            0.000174788777988        
0.815443195227            0.000187154196526        
1.02471538141             0.000200115949108        
1.29000332428             0.000224183423199        
1.62401782233             0.000240476483357        
2.04451730566             0.000247877716118        
2.57389479095             0.000256805874443        
3.24034155961             0.000269965382327        
4.07934833229             0.000263528163802        
5.13559527907             0.000258637436657        
6.46533140151             0.000291057615948        
