k                         CCL lin error            
9.92100167608e-08         -2.0616091212e-05        
1.24898011205e-07         -2.06148803548e-05       
1.57237280188e-07         -2.061292443e-05         
1.9795000771e-07          -2.06098873313e-05       
2.49204294971e-07         -2.06051198997e-05       
3.13729619668e-07         -2.05975593219e-05       
3.94962190632e-07         -2.05855893338e-05       
4.97227938485e-07         -2.05665735706e-05       
6.25972887213e-07         -2.05364644447e-05       
7.88053174806e-07         -2.04888135034e-05       
9.92100167608e-07         -2.04133069125e-05       
1.24898011205e-06         -2.02936248232e-05       
1.57237280188e-06         -2.01039380623e-05       
1.9795000771e-06          -1.98033407677e-05       
2.49204294971e-06         -1.93269293451e-05       
3.13729619668e-06         -1.85718560163e-05       
3.94962190632e-06         -1.73751485603e-05       
4.97227938485e-06         -1.54786184179e-05       
6.25972887213e-06         -1.24728533911e-05       
7.88053174806e-06         -7.7092116483e-06        
9.92100167608e-06         -1.5986559155e-07        
1.24898011205e-05         2.61605128452e-07        
1.57237280188e-05         2.71852057435e-07        
1.9795000771e-05          2.116543046e-07          
2.49204294971e-05         2.56268645819e-07        
3.13729619668e-05         2.24728468082e-07        
3.94962190632e-05         2.192044243e-07          
4.97227938485e-05         2.24191455209e-07        
6.25972887213e-05         2.28945497768e-07        
7.88053174806e-05         2.35049812011e-07        
9.92100167608e-05         2.40233805882e-07        
0.000124898011205         2.45505871652e-07        
0.000157237280188         2.52462315278e-07        
0.00019795000771          2.61793137996e-07        
0.000249204294971         2.76070734619e-07        
0.000313729619668         3.00370326312e-07        
0.000394962190632         3.41230847036e-07        
0.000497227938485         4.02912777734e-07        
0.000625972887213         4.79626809324e-07        
0.000788053174806         6.51071229479e-07        
0.000992100167608         8.77380413502e-07        
0.00124898011205          1.17546226265e-06        
0.00157237280188          1.41070234813e-06        
0.0019795000771           1.44678878108e-06        
0.00249204294971          2.11286319565e-06        
0.00313729619668          -5.13651689379e-05       
0.00394962190632          1.25567759559e-05        
0.00497227938485          -1.25644195808e-05       
0.00625972887213          -1.76541648293e-05       
0.00788053174806          3.0234325529e-05         
0.00992100167534          5.20265810144e-05        
0.0124897993157           6.9567683885e-05         
0.0157230809776           0.000150632389143        
0.019746571534            0.000160840609223        
0.0240245180881           3.3819382103e-05         
0.0271879948244           -9.42979514066e-05       
0.0296101364032           -0.000223382312119       
0.0316876936564           -0.000270305929173       
0.0335821641097           -0.000258428459348       
0.0353712786756           -0.000237795674532       
0.0370985906073           -0.000141095330299       
0.0387913095505           -1.59553841316e-05       
0.0404678756299           0.000146006271171        
0.0421416136444           0.000393817495828        
0.0438226735055           0.000634703218856        
0.0455191396695           0.000907913807115        
0.0472377036144           0.00119420877946         
0.0489840911441           0.00144688117727         
0.0507633446019           0.00158676266156         
0.0525800153022           0.00162532105383         
0.0544382982461           0.00154113467565         
0.0563421284896           0.00136967492819         
0.0582952512785           0.00104388217991         
0.0603012737755           0.00060957272548         
0.0623637035721           0.000177708949996        
0.0644859775362           -0.000203386845936       
0.0666714834826           -0.000488697229046       
0.0689235764637           -0.000699924878358       
0.0712455910218           -0.000833669662866       
0.0736408504405           -0.000861762641153       
0.0761126738277           -0.000877906738557       
0.0786643817326           -0.000872597810049       
0.0812993009071           -0.000897632079355       
0.0840207687693           -0.000899296594247       
0.0868321380884           -0.000883831735693       
0.0897367823891           -0.000762418680662       
0.0927381025593           -0.00060230202067        
0.095839535137            -0.000322053427358       
0.0990445627434           -2.66871767024e-05       
0.10235672713             0.000320286388164        
0.105779645301            -5.81911903786e-05       
0.10931702918             -0.000444770919063       
0.1129727093              -0.000467554622873       
0.116750663022            -0.000338745248881       
0.120655047809            7.41793194528e-05        
0.124690240188            0.000342737173915        
0.128860881068            -4.50765330872e-05       
0.133171928276            -0.000512721469064       
0.137628717321            -7.99519206436e-05       
0.14223703168             0.000318744924167        
0.147003184237            -8.93670970542e-05       
0.151934111957            -0.000236234958274       
0.15703748652             -9.03784019963e-05       
0.16232184439             -0.000108252007295       
0.16779674092             0.00018092367137         
0.173472934493            0.000143467126861        
0.179362608621            -6.26891893899e-05       
0.18547964256             -6.29522753654e-05       
0.191839944616            -0.000240648168169       
0.198461867375            0.000266709405836        
0.205366731279            9.97567055399e-05        
0.212579493342            -2.58151327159e-05       
0.220129613043            -0.000109979701285       
0.228052190256            0.000265286198202        
0.236389484934            -6.31794744683e-05       
0.245192982919            9.31954910575e-05        
0.254526259831            0.000182627115202        
0.264469039716            -6.31320019737e-05       
0.275123091807            0.000102611337235        
0.286621044384            0.000121505288489        
0.299139995859            0.000140280061309        
0.312923345363            0.000112006123094        
0.328317392065            0.000140690038659        
0.345835978032            0.000171130896515        
0.366281899274            6.73572629899e-05        
0.390991864933            0.000117833693286        
0.422371415585            9.45526771808e-05        
0.465146788862            0.000116402720553        
0.529220792574            0.000159788072584        
0.632924262733            0.000227478855148        
0.789391798099            0.000227455151187        
0.993438585728            0.000233345020481        
1.25066163882             0.000266136014775        
1.57448971273             0.000246422072301        
1.98216510997             0.000271866716965        
2.49539802731             0.000296933026507        
3.14151998912             0.000270444124501        
3.95493934597             0.000309271887209        
4.97897364474             0.0002719324836          
6.26815644602             0.000308432605521        
