k                         CCL lin error            
1.24509575069e-07         -1.13567472077e-05       
1.56748268067e-07         -1.13558007278e-05       
1.97334377924e-07         -1.13545174709e-05       
2.48429262989e-07         -1.13528360789e-05       
3.1275391221e-07          -1.13501959646e-05       
3.93733847719e-07         -1.13460416391e-05       
4.95681546377e-07         -1.13394395467e-05       
6.24026094892e-07         -1.13290019034e-05       
7.85602308482e-07         -1.13123731173e-05       
9.89014709712e-07         -1.12860471015e-05       
1.24509575069e-06         -1.12445209835e-05       
1.56748268067e-06         -1.11787028092e-05       
1.97334377924e-06         -1.10742511872e-05       
2.48429262989e-06         -1.09089904914e-05       
3.1275391221e-06          -1.06470829227e-05       
3.93733847719e-06         -1.02319855853e-05       
4.95681546377e-06         -9.57419302179e-06       
6.24026094892e-06         -8.53156774619e-06       
7.85602308482e-06         -6.87933842377e-06       
9.89014709712e-06         -4.26065540683e-06       
1.24509575069e-05         -1.10465866498e-07       
1.56748268067e-05         1.14536091733e-07        
1.97334377924e-05         1.30004623125e-07        
2.48429262989e-05         1.2976825027e-07         
3.1275391221e-05          1.32029831089e-07        
3.93733847719e-05         1.5509879322e-07         
4.95681546377e-05         1.81574972001e-07        
6.24026094892e-05         2.16586694652e-07        
7.85602308482e-05         2.73165313632e-07        
9.89014709712e-05         3.61276207336e-07        
0.000124509575069         5.01967463223e-07        
0.000156748268067         7.23798027763e-07        
0.000197334377924         1.07546841996e-06        
0.000248429262989         1.63136168539e-06        
0.00031275391221          2.51098225819e-06        
0.000393733847719         3.90385924972e-06        
0.000495681546377         6.10501058082e-06        
0.000624026094892         9.61180210027e-06        
0.000785602308482         1.50709260646e-05        
0.000989014709712         1.27765586852e-05        
0.00124509575069          7.2514988833e-06         
0.00156748268067          3.88732685792e-06        
0.00197334377924          2.64920868562e-06        
0.00248429262989          2.15561097266e-06        
0.0031275391221           2.56547368492e-06        
0.00393733847719          2.34365382989e-06        
0.00495681546377          3.00411204022e-05        
0.00624026094892          1.36775346441e-05        
0.00785602308482          1.21360344665e-05        
0.00989014709712          2.1136643888e-05         
0.012450957488            3.89070442131e-05        
0.0156748048393           7.22026587553e-05        
0.0197291610523           0.000115164333513        
0.0246509119169           0.00012203271569         
0.0291969848638           2.5184445692e-05         
0.0324502204158           -5.69385732412e-05       
0.0350662009263           -0.000107161418254       
0.0373710114956           -0.000130280206537       
0.0395042785087           -0.000125855837101       
0.0415374705863           -9.3709748973e-05        
0.0435124294854           -2.16427689134e-05       
0.0454561532616           9.18781600764e-05        
0.0473874032696           0.000250262074874        
0.0493200157794           0.000451066726165        
0.0512647125525           0.000680256981569        
0.0532301600082           0.000912936420701        
0.055223623145            0.00112064016851         
0.057251387338            0.00127693823518         
0.0593190403848           0.00135216905409         
0.0614316668018           0.00133504099439         
0.0635939849939           0.00120138797961         
0.0658104460473           0.000966529629465        
0.0680853060117           0.000648720105529        
0.070422679418            0.000288125916062        
0.0728265792288           -5.73520277396e-05       
0.0753009468027           -0.000327509610935       
0.0778496744148           -0.000502026792053       
0.0804766221874           -0.000587938460119       
0.0831856308337           -0.000604603802992       
0.0859805313116           -0.00057445596225        
0.0888651522895           -0.000489869674028       
0.0918433261866           -0.000360778476059       
0.0949188944677           -0.000190762181769       
0.0980957128178           -2.06970256391e-05       
0.101377656784            0.000155230204585        
0.104768628453            0.000272597827356        
0.108272564721            0.000284654997023        
0.111893447691            0.00015048849234         
0.115635317754            0.000175577527118        
0.119502289873            0.000452677764761        
0.12349857361             0.00027731630776         
0.12762849745             -0.000283522195985       
0.131896537965            -0.000583042703206       
0.136307354428            -0.000172419792935       
0.140865829504            0.000264041754126        
0.145577116781            8.75898735276e-05        
0.150446695965            -0.000178559801336       
0.155480436803            -0.00014118330019        
0.160684673009            -9.80490590495e-05       
0.166066287799            4.77334835494e-05        
0.171632813107            9.73804009639e-05        
0.177392545126            -0.000218023233313       
0.183354679597            -0.000114673976598       
0.189529471307            0.00016906490347         
0.19592842362             9.87790050402e-05        
0.202564515705            0.000110354553142        
0.2094524776              -0.000186563710679       
0.216609126672            -0.000170107731135       
0.224053783707            3.96312470178e-06        
0.231808793545            0.000320491083368        
0.239900184566            0.00014551147662         
0.248358515159            -0.000244841314913       
0.257219975564            -5.65229879332e-05       
0.266527844186            0.000355770522125        
0.276334444734            -3.84257930749e-05       
0.286703825206            1.09222641022e-05        
0.29771550074             0.000215200173695        
0.309469804476            -7.51225966122e-06       
0.322095739343            0.000108132153555        
0.335762848609            7.28700428892e-05        
0.350699790647            0.000130359851087        
0.367224592518            0.00010973048432         
0.385796295734            0.0001016233187          
0.407108140603            0.000140852135309        
0.432267018241            0.000130295102492        
0.463165981392            0.000157739277933        
0.503321155109            0.000173091482727        
0.559852629982            0.00018744359368         
0.647593201555            0.000217551952545        
0.789300526128            0.000230825175916        
0.990314406202            0.000269313858571        
1.24664302035             0.000288003842015        
1.56943009439             0.000292403110842        
1.97579542746             0.0003075928157          
2.48737907214             0.000316251009538        
3.13142472268             0.000317167981164        
3.9422301585              0.000317069164902        
4.96297372568             0.000320849506317        
6.24801374132             0.000305198880325        
7.86578327219             0.000321072866594        
