k                         CCL lin error            
1.14554621963e-07         -2.04271708582e-05       
1.44215724628e-07         -2.04259090236e-05       
1.81556840515e-07         -2.04239931136e-05       
2.28566520209e-07         -2.04210289583e-05       
2.87748200576e-07         -2.04163603195e-05       
3.62253521904e-07         -2.04089203033e-05       
4.56050164236e-07         -2.03971194903e-05       
5.7413314081e-07          -2.0378430922e-05        
7.22790800719e-07         -2.03487486848e-05       
9.09939706436e-07         -2.03018398895e-05       
1.14554621963e-06         -2.02275285134e-05       
1.44215724628e-06         -2.01096700414e-05       
1.81556840515e-06         -1.99229803057e-05       
2.28566520209e-06         -1.9627108585e-05        
2.87748200576e-06         -1.91581429684e-05       
3.62253521904e-06         -1.84149541637e-05       
4.56050164236e-06         -1.72370887862e-05       
5.7413314081e-06          -1.53703320543e-05       
7.22790800719e-06         -1.24117762438e-05       
9.09939706436e-06         -7.72303508423e-06       
1.14554621963e-05         1.20653260521e-07        
1.44215724628e-05         1.63696032646e-07        
1.81556840515e-05         2.59042391487e-07        
2.28566520209e-05         4.71793965096e-08        
2.87748200576e-05         1.47192793592e-07        
3.62253521904e-05         1.35187711103e-07        
4.56050164236e-05         1.07127697063e-07        
5.7413314081e-05          1.13783166336e-07        
7.22790800719e-05         1.21841961999e-07        
9.09939706436e-05         1.33841814899e-07        
0.000114554621963         1.51056964608e-07        
0.000144215724628         1.76634904752e-07        
0.000181556840515         2.15815623777e-07        
0.000228566520209         2.75798527982e-07        
0.000287748200576         3.69258214872e-07        
0.000362253521904         5.1863744981e-07         
0.000456050164236         7.61193085482e-07        
0.00057413314081          1.14153698096e-06        
0.000722790800719         1.70244399318e-06        
0.000909939706436         2.61569726567e-06        
0.00114554621963          3.8983092463e-06         
0.00144215724628          2.55270014741e-06        
0.00181556840515          1.72322619697e-06        
0.00228566520209          1.82022806798e-06        
0.00287748200576          1.128598858e-07          
0.00362253521904          -4.3586730209e-05        
0.00456050164236          1.13652478522e-05        
0.0057413314081           -2.09915235711e-05       
0.00722790800719          1.73973410798e-05        
0.00909939706436          3.10729859242e-05        
0.0114554621611           5.51175344907e-05        
0.0144215382985           9.92687963424e-05        
0.0181499253122           0.000119901341477        
0.0226284263474           9.10245956196e-05        
0.0266100648581           -5.46085699787e-05       
0.0294686581314           -0.000168996271069       
0.0317922945245           -0.000189249283567       
0.0338512662409           -0.000247589132038       
0.0357632085659           -0.000231447614406       
0.0375891880731           -0.000149309039656       
0.0393653170809           -6.55368522624e-05       
0.0411150715306           8.68128141247e-05        
0.0428548612952           0.000252869074428        
0.0445968469151           0.000524260585674        
0.0463504900924           0.000771550832374        
0.0481234655842           0.00105243165082         
0.0499222266369           0.00130945318908         
0.0517523709989           0.00151460188845         
0.0536188863812           0.0016575516863          
0.0555263199585           0.00166527725801         
0.0574788982721           0.00148554577004         
0.059480613723            0.00122842567054         
0.0615352879335           0.00085320791222         
0.0636466187011           0.000477555381009        
0.0658182150688           -6.82156001529e-06       
0.0680536236375           -0.000349855699215       
0.0703563483419           -0.000575249978912       
0.0727298653195           -0.000760033287857       
0.0751776341039           -0.000848487547407       
0.0777031061156           -0.000882215893029       
0.0803097312458           -0.000850439045081       
0.0830009632138           -0.000882758758234       
0.0857802643068           -0.000827557616264       
0.0886511100576           -0.000675148284316       
0.0916169943926           -0.000519169260356       
0.0946814357574           -0.000274987635005       
0.0978479847192           4.01306646594e-06        
0.101120233538            0.000273769502603        
0.104501828188            0.000463798275733        
0.107996483317            0.000415520243989        
0.111608000624            9.84620561224e-06        
0.11534029114             -0.00036051818021        
0.119197401934            -0.000623911588773       
0.123183547766            -0.000277526682156       
0.127303148283            0.000359821106547        
0.131560871425            0.000319589171042        
0.135961683841            -0.000352488239226       
0.140510909235            -0.000372455004388       
0.14521429586             0.000131047441061        
0.150078094616            8.01357424732e-05        
0.155109149668            -0.000131996136811       
0.160315004017            -0.000118087566513       
0.165704023188            -0.000260793839143       
0.171285541149            0.000121729834942        
0.177070033833            0.000199152992968        
0.183069327355            -6.51549893312e-05       
0.189296850288            1.12421469517e-06        
0.195767942548            -0.000318529909648       
0.202500237775            4.92789273861e-05        
0.209514142302            0.000231717077715        
0.21683344257             0.000142737719206        
0.224486085718            -0.00023841328778        
0.232505197006            0.000158413034206        
0.240930426508            0.000117479118997        
0.249809761774            -2.57057725371e-05       
0.259202013423            4.08990348412e-05        
0.269180294607            0.000105521694151        
0.279837006367            5.28142046748e-05        
0.291291171576            0.000191201538893        
0.303699554793            1.55024615655e-05        
0.317274120993            4.26346171538e-05        
0.332310583396            4.4958637652e-05         
0.349237363256            8.47122298552e-05        
0.3687044112              0.000139622509348        
0.391755351805            7.17675196973e-05        
0.420187387629            8.65135449402e-05        
0.457365305718            0.000211477880068        
0.510148670999            0.000117163177731        
0.592734749822            0.000183400585339        
0.725486823163            0.000193413694185        
0.911011994586            0.000193995570528        
1.14684254653             0.000212221142798        
1.44378897563             0.000240374951259        
1.81762263052             0.000285123290481        
2.28825131861             0.000261502027096        
2.88073773357             0.000301930833765        
3.62663393751             0.000260777879731        
4.5656616232              0.00030518287539         
5.7478274391              0.00026338375429         
7.2360860257              0.000285514336136        
9.10969257968             0.000305832026205        
