k                         CCL lin error            
1.89298547858e-07         -4.89856787452e-06       
2.38312752314e-07         -4.89820780125e-06       
3.00017979842e-07         -4.89732647061e-06       
3.77700258819e-07         -4.89613746596e-06       
4.75496453868e-07         -4.894795082e-06         
5.98614568993e-07         -4.89293450757e-06       
7.53611092775e-07         -4.89001557157e-06       
9.48740155305e-07         -4.88546463667e-06       
1.1943930907e-06          -4.87798521261e-06       
1.50365181356e-06         -4.86655204599e-06       
1.89298547858e-06         -4.84840597541e-06       
2.38312752314e-06         -4.81964167834e-06       
3.00017979842e-06         -4.77423574373e-06       
3.77700258819e-06         -4.70226634131e-06       
4.75496453868e-06         -4.58827440634e-06       
5.98614568993e-06         -4.40750409123e-06       
7.53611092775e-06         -4.121144321e-06         
9.48740155305e-06         -3.66755234523e-06       
1.1943930907e-05          -2.94832825696e-06       
1.50365181356e-05         -1.80874632298e-06       
1.89298547858e-05         9.64143500881e-08        
2.38312752314e-05         9.58981910668e-08        
3.00017979842e-05         1.14243173595e-07        
3.77700258819e-05         1.34397881857e-07        
4.75496453868e-05         1.63650354951e-07        
5.98614568993e-05         2.17483447698e-07        
7.53611092775e-05         2.90879593775e-07        
9.48740155305e-05         4.14371909488e-07        
0.00011943930907          6.06017373898e-07        
0.000150365181356         9.08062758946e-07        
0.000189298547858         1.38796919382e-06        
0.000238312752314         2.14849911861e-06        
0.000300017979842         3.35300132881e-06        
0.000377700258819         5.26315791852e-06        
0.000475496453868         8.28810297623e-06        
0.000598614568993         1.3090384959e-05         
0.000753611092775         2.06722646009e-05        
0.000948740155305         3.28037547819e-05        
0.0011943930907           5.16162806624e-05        
0.00150365181356          3.50883015982e-05        
0.00189298547858          1.84514714639e-05        
0.00238312752314          1.01621080801e-05        
0.00300017979842          6.1998466772e-06         
0.00377700258819          3.86516476906e-06        
0.00475496453868          2.64230621999e-06        
0.00598614568993          1.77227685412e-06        
0.00753611092775          2.81700386134e-05        
0.00948740155305          1.6047125601e-05         
0.011943930907            5.05218556982e-06        
0.0150365181327           6.6957859051e-06         
0.0189298491784           1.15372291917e-05        
0.0238296140971           1.8147006433e-05         
0.0298955896746           2.21970345417e-05        
0.0360990233406           1.00300948222e-05        
0.0406013861215           -5.51473253358e-06       
0.0441031361052           -1.72484820896e-05       
0.0471334749218           -2.19816131969e-05       
0.0499102497246           -2.18005196112e-05       
0.0525403809023           -1.61356822981e-05       
0.0550846208363           -4.25073821052e-06       
0.0575813140468           1.46618312215e-05        
0.0600566525621           4.25651876891e-05        
0.0625296838711           7.80881809631e-05        
0.0650149948196           0.000118473379065        
0.0675242572032           0.000160058895575        
0.0700671700423           0.000197315051786        
0.0726520611412           0.000224666280458        
0.0752862859316           0.000237585778014        
0.0779765003023           0.00023353008738         
0.0807288521038           0.000214249451838        
0.0835491184327           0.000176720983514        
0.0864428057131           0.000125751788167        
0.0894152236008           6.52656367336e-05        
0.0924715400545           5.08126714651e-06        
0.0956168226052           -4.68344022475e-05       
0.0988560693634           -8.26246019958e-05       
0.102194232329            -0.000105006512517       
0.105636234928            -0.000117205914426       
0.109186985259            -0.000121029243476       
0.112851386273            -0.000116784339299       
0.116634343881            -0.000101000613072       
0.120540773902            -7.52643830848e-05       
0.124575608654            -4.72906593245e-05       
0.128743803959            -1.15737584984e-05       
0.13305034729             2.93468461574e-05        
0.137500267772            5.89307828711e-05        
0.142098648748            7.51038092849e-05        
0.146850643583            5.54795218821e-05        
0.151761495419            3.69155798365e-05        
0.156836561534            0.000108101534229        
0.162081343029            8.52979835753e-05        
0.16750152053             -4.46505402916e-05       
0.173102996666            -0.000128550704149       
0.178891946124            -4.19383815413e-05       
0.184874874185            6.47767133153e-05        
0.191058684809            3.80693865636e-05        
0.197450759509            -2.07982059734e-05       
0.20405904859             -1.96388250844e-05       
0.210892176688            -1.99296334516e-05       
0.217959565085            6.85045664096e-06        
0.225271573995            3.66740508877e-05        
0.232839668905            -2.08691863678e-05       
0.240676616329            -1.6848587914e-05        
0.248796715927            4.14684986287e-05        
0.257216078146            1.11196612042e-05        
0.265952959463            1.19926167542e-05        
0.275028171344            -1.96787426266e-05       
0.284465584564            6.535878845e-06          
0.294292758308            3.7976484384e-05         
0.304541734546            4.46447545816e-05        
0.315250054105            1.17597260977e-05        
0.326462074461            -1.53804159915e-05       
0.338230704514            3.8493286885e-05         
0.350619725774            6.82099576701e-05        
0.363706954281            -3.12087969581e-06       
0.377588634317            4.1306815171e-05         
0.392385681495            6.10105632042e-05        
0.408252780346            2.59309197778e-05        
0.425392029031            4.93508370593e-05        
0.444074094082            4.01762555465e-05        
0.464672296779            5.59148178594e-05        
0.487720069409            5.30774384757e-05        
0.514013085815            5.96982533172e-05        
0.544802525013            7.28366998406e-05        
0.582188363332            8.04077830756e-05        
0.629985838605            8.69549291497e-05        
0.695763130565            9.27178459366e-05        
0.795395777937            0.000111756263367        
0.956982852422            0.000126302740016        
1.1963455826              0.000154976392347        
1.50577919502             0.000178939500712        
1.8956609522              0.000200333862703        
2.38649574107             0.000219786712937        
3.00442013357             0.000233032498162        
3.78234085386             0.000250989627278        
4.76168501699             0.000263187898274        
5.99460627085             0.00027716511811         
7.54676216807             0.000284764867468        
9.50081067015             0.000278893432632        
