k                         CCL lin error            
1.14990236422e-07         -1.5392534347e-05        
1.4476413074e-07          -1.53916283022e-05       
1.82247242904e-07         -1.53901818526e-05       
2.29435685322e-07         -1.53879035562e-05       
2.88842414624e-07         -1.53842677839e-05       
3.63631055774e-07         -1.53785911625e-05       
4.57784376632e-07         -1.53696062988e-05       
5.76316384864e-07         -1.53553821612e-05       
7.25539342138e-07         -1.53328085171e-05       
9.13399915074e-07         -1.52970761374e-05       
1.14990236422e-06         -1.5240435516e-05        
1.4476413074e-06          -1.51506879998e-05       
1.82247242904e-06         -1.50084331416e-05       
2.29435685322e-06         -1.47829892274e-05       
2.88842414624e-06         -1.44256912724e-05       
3.63631055774e-06         -1.38594021468e-05       
4.57784376632e-06         -1.29619401296e-05       
5.76316384864e-06         -1.15395755353e-05       
7.25539342138e-06         -9.28534713215e-06       
9.13399915074e-06         -5.7128113617e-06        
1.14990236422e-05         2.58988837467e-07        
1.4476413074e-05          8.53937209501e-08        
1.82247242904e-05         8.55720564618e-08        
2.29435685322e-05         7.3543350814e-08         
2.88842414624e-05         2.49079910344e-08        
3.63631055774e-05         -1.66008358849e-09       
4.57784376632e-05         -1.26607067897e-08       
5.76316384864e-05         -3.74595544729e-09       
7.25539342138e-05         -2.12157045069e-10       
9.13399915074e-05         1.22013638883e-09        
0.000114990236422         5.71682174861e-09        
0.00014476413074          1.03622392111e-08        
0.000182247242904         1.60783619e-08           
0.000229435685322         2.46751753921e-08        
0.000288842414624         3.3936101658e-08         
0.000363631055774         6.14493587634e-08        
0.000457784376632         1.01749939969e-07        
0.000576316384864         1.5371199811e-07         
0.000725539342138         2.36523398051e-07        
0.000913399915074         3.77329760006e-07        
0.00114990236422          5.73256885926e-07        
0.0014476413074           8.6778100048e-07         
0.00182247242904          1.29761383869e-06        
0.00229435685322          1.39144322299e-06        
0.00288842414624          -3.2362465536e-06        
0.00363631055774          -3.18709164696e-05       
0.00457784376632          -3.82783481271e-05       
0.00576316384864          -2.57463761983e-05       
0.00725539342138          -4.80777697727e-05       
0.00913399915074          -1.28996241779e-05       
0.0114990236302           8.74248985761e-06        
0.014476397833            4.93220471329e-05        
0.0182215163793           7.0262762091e-05         
0.0227896124299           5.71251712386e-05        
0.0270952446914           -1.76361876745e-05       
0.0301759959964           -9.74909342821e-05       
0.032638457682            -0.000131324255029       
0.034801117395            -0.0001706698228         
0.0367992127838           -0.000139614758509       
0.0387014355693           -0.000149970060044       
0.0405477821685           -6.30504016298e-05       
0.0423639553331           -1.48645440807e-05       
0.0441677595569           8.64198411046e-05        
0.0459722912892           0.000202373103892        
0.047787676723            0.000320072112577        
0.0496220854328           0.000452708222795        
0.0514823547254           0.000559215965786        
0.0533743915935           0.000643778221873        
0.055303441069            0.000691897150986        
0.0572742708441           0.000691925299134        
0.0592913014729           0.000632044008088        
0.0613587000633           0.000506429193685        
0.0634804487821           0.000332884280189        
0.0656603955513           0.000146522627392        
0.0679022918806           -4.72035208055e-05       
0.070209821239            -0.00022177668541        
0.0725866203767           -0.000319310682828       
0.0750362953551           -0.000373313353852       
0.0775624336102           -0.000405595263257       
0.0801686130876           -0.000402709787817       
0.0828584092947           -0.000415322164814       
0.085635400991            -0.000402711585656       
0.0885031751533           -0.000407241890593       
0.0914653318              -0.000446435854026       
0.0945254892269           -0.000492096146526       
0.0976872901857           -0.000484597276381       
0.100954409521            -0.000388484317828       
0.104330563778            -0.000298284077426       
0.107819523283            -0.000166171305738       
0.111425127195            -9.78581094066e-06       
0.115151302032            -0.000138425186813       
0.119002084179            -0.000319927554509       
0.1229816469              -0.000195082650569       
0.127094332393            -9.32388681334e-05       
0.131344689519            1.76474663781e-05        
0.135737517851            0.000132467303129        
0.140277918867            -3.64311197954e-05       
0.144971355222            -0.000260575728276       
0.149823719306            -1.21740624985e-05       
0.154841412567            0.00018024145319         
0.160031437496            -6.61996169487e-05       
0.165401504731            -0.000128968921613       
0.17096015843             2.1237074361e-05         
0.17671692402             -6.14135362536e-05       
0.182682483705            5.57662257559e-05        
0.188868886774            5.43350829955e-05        
0.19528980408             -6.7742140177e-05        
0.20196083914             3.99252990619e-06        
0.208899912673            -9.13033292118e-05       
0.216127743457            0.000124735731932        
0.223668457079            -2.72928497726e-05       
0.231550366757            -2.1371382497e-05        
0.23980698902             -1.63174602608e-05       
0.248478385122            9.51798565669e-05        
0.257612962255            -6.22060232969e-05       
0.267269936801            6.77181366245e-05        
0.277522772225            4.49444583012e-05        
0.288464088186            -1.74881738438e-05       
0.300212854517            6.31578429631e-05        
0.312925250609            8.31848988997e-05        
0.326811627792            8.82892889571e-05        
0.342164079484            7.86823842342e-05        
0.35940339138             8.97895301064e-05        
0.379163510093            7.09676700038e-05        
0.402453663335            6.54453368996e-05        
0.430993618472            5.72599668089e-05        
0.46796416784             0.000117827349916        
0.519782347475            0.000116133361269        
0.599849915147            0.000127891380416        
0.729398989923            0.000138897072052        
0.914669480077            0.000174153954144        
1.15139822481             0.000187594872969        
1.44952388044             0.000202045241859        
1.82484244754             0.00022016782523         
2.29734052973             0.000221124518227        
2.89218037242             0.000237071820456        
3.64103936633             0.000243473466374        
4.58379698362             0.000277114758711        
5.77065850518             0.000266109558047        
