k                         CCL lin error            
1.61054210785e-07         -7.49309840036e-06       
2.02755238634e-07         -7.49248890868e-06       
2.55253722291e-07         -7.49158394553e-06       
3.21345397447e-07         -7.49040546205e-06       
4.04549886809e-07         -7.48869818218e-06       
5.09298132843e-07         -7.48595362876e-06       
6.41168361615e-07         -7.4815769393e-06        
8.07183143676e-07         -7.47465075481e-06       
1.01618337154e-06         -7.46363584646e-06       
1.27929906948e-06         -7.44616861998e-06       
1.61054210785e-06         -7.41862094087e-06       
2.02755238634e-06         -7.3748905935e-06        
2.55253722291e-06         -7.30562538664e-06       
3.21345397447e-06         -7.19592143681e-06       
4.04549886809e-06         -7.02202702359e-06       
5.09298132843e-06         -6.74646453624e-06       
6.41168361615e-06         -6.30975247189e-06       
8.07183143676e-06         -5.61765989167e-06       
1.01618337154e-05         -4.52075966017e-06       
1.27929906948e-05         -2.78235203688e-06       
1.61054210785e-05         -2.72267988234e-08       
2.02755238634e-05         1.2782738438e-07         
2.55253722291e-05         1.78512295213e-07        
3.21345397447e-05         2.03052972551e-07        
4.04549886809e-05         2.4599711575e-07         
5.09298132843e-05         3.11980456285e-07        
6.41168361615e-05         4.16199249171e-07        
8.07183143676e-05         5.76162442679e-07        
0.000101618337154         8.29818322403e-07        
0.000127929906948         1.2321851726e-06         
0.000161054210785         1.86965098182e-06        
0.000202755238634         2.87919828696e-06        
0.000255253722291         4.47949677609e-06        
0.000321345397447         7.01379283064e-06        
0.000404549886809         1.10358352361e-05        
0.000509298132843         1.73972547495e-05        
0.000641168361615         2.75403086608e-05        
0.000807183143676         4.34169114391e-05        
0.00101618337154          3.96351673695e-05        
0.00127929906948          2.15227161207e-05        
0.00161054210785          1.13080290609e-05        
0.00202755238634          6.86370383974e-06        
0.00255253722291          4.41406452178e-06        
0.00321345397447          2.97557054284e-06        
0.00404549886809          2.67326238077e-06        
0.00509298132843          9.6765189807e-07         
0.00641168361615          1.89195015741e-05        
0.00807183143676          4.92820117347e-06        
0.0101618337154           3.76709594711e-06        
0.0127929906947           7.88601284592e-06        
0.0161054205669           1.93906947155e-05        
0.0202752510507           2.61477770607e-05        
0.0254971183732           4.25180278288e-05        
0.031415437555            3.09028211104e-05        
0.0360649009048           -9.84161475167e-07       
0.0395144424784           -2.77141965251e-05       
0.0424147823449           -4.46811425712e-05       
0.0450311867117           -4.84160092148e-05       
0.047486205086            -3.79530636579e-05       
0.0498464835283           -1.71713590882e-05       
0.052152768373            1.74220816693e-05        
0.0544322208792           7.93864698361e-05        
0.0567042087342           0.000135064704569        
0.0589833224349           0.000240472923634        
0.0612810740509           0.000334282786349        
0.0636069145909           0.000414961824213        
0.0659688741581           0.000483255663639        
0.068373981349            0.000514868864904        
0.070828547327            0.000512306927735        
0.0733383636065           0.000470769994802        
0.0759088429045           0.00039864096947         
0.0785451212903           0.000277669260422        
0.081252133324            0.00013847825381         
0.0840346678982           -8.46410734671e-06       
0.0868974100217           -0.00012564636743        
0.0898449721935           -0.000183253192593       
0.0928819179887           -0.000223275979442       
0.0960127797922           -0.000229937207812       
0.0992420721695           -0.000229496455874       
0.102574302058            -0.000176574670236       
0.106013976764            -0.00010987344914        
0.109565610624            -4.17505800044e-05       
0.113233731087            3.45206574721e-05        
0.117022884955            7.17623453558e-05        
0.120937645438            7.59602327616e-05        
0.1249826207              6.70784482703e-05        
0.129162464548            -1.45756819137e-05       
0.133481889878            -0.000166534674972       
0.137945685542            9.18287396083e-05        
0.142558737239            0.000224386066703        
0.147326053078            7.89260782888e-05        
0.152252794457            -0.000196734989586       
0.157344312928            -0.000218211048586       
0.162606193762            -3.19348914599e-05       
0.168044307034            5.99932950372e-05        
0.173664867113            4.79248807345e-06        
0.179474501678            -1.72216632545e-05       
0.185480331567            -0.000101400706025       
0.191690063119            -8.38538527618e-05       
0.19811209511             4.51123378063e-05        
0.204755642975            -9.68935703601e-06       
0.211630883753            -0.000102017994789       
0.218749126269            -1.52692185692e-05       
0.226123012388            2.01427873317e-05        
0.233766757012            5.0771678519e-05         
0.241696436921            -3.22171961112e-05       
0.24993034189             -9.2146585784e-05        
0.258489406073            -3.415228062e-05         
0.267397744005            3.96901329919e-05        
0.27668332459             0.000147487103896        
0.286378829383            -2.32328390408e-05       
0.29652276042             -9.96464837843e-05       
0.307160891095            4.06648954332e-05        
0.318348196538            0.000120667992742        
0.330151466845            -2.87205648809e-06       
0.342652913207            5.09244635971e-06        
0.355955252034            7.67319013915e-05        
0.3701890483              3.94312911761e-05        
0.385523618022            9.28672262351e-05        
0.402183734565            5.43880177598e-05        
0.420476182573            8.80092116751e-05        
0.440833806734            8.39674992985e-05        
0.463892346062            8.9383948992e-05         
0.490632635429            8.4349732211e-05         
0.522662684614            9.55222922727e-05        
0.562822666944            0.000103538598109        
0.616583250814            0.000121110270154        
0.695317919133            0.000136115175856        
0.821479971056            0.000163159989068        
1.01815192727             0.000190048793948        
1.28070293123             0.000214926036072        
1.61229427385             0.000235646378894        
2.02975819265             0.000255718694622        
2.55531416851             0.000274372251337        
3.21694994186             0.000282491392386        
4.04990003028             0.00029206258019         
5.09852206334             0.000297514338186        
6.41865898813             0.000276022260321        
8.0806129098              0.000301643835002        
