k                         CCL lin error            
1.25152813558e-07         -1.63207268696e-05       
1.57558057345e-07         -1.63196951396e-05       
1.98353842225e-07         -1.63180203443e-05       
2.49712692504e-07         -1.6315593567e-05        
3.14369654241e-07         -1.63117943005e-05       
3.95767946421e-07         -1.63057771931e-05       
4.98242324923e-07         -1.62962591634e-05       
6.27249924077e-07         -1.62811824208e-05       
7.89660868966e-07         -1.62572661734e-05       
9.94124134641e-07         -1.6219424666e-05        
1.25152813558e-06         -1.61593913611e-05       
1.57558057345e-06         -1.60642136235e-05       
1.98353842225e-06         -1.5913438187e-05        
2.49712692504e-06         -1.56745110057e-05       
3.14369654241e-06         -1.52958529534e-05       
3.95767946421e-06         -1.46957211975e-05       
4.98242324923e-06         -1.37445511415e-05       
6.27249924077e-06         -1.22371439078e-05       
7.89660868966e-06         -9.84809004383e-06       
9.94124134641e-06         -6.06183652315e-06       
1.25152813558e-05         2.64110223909e-07        
1.57558057345e-05         3.45523649e-07           
1.98353842225e-05         3.93610029061e-07        
2.49712692504e-05         3.65979311732e-07        
3.14369654241e-05         3.70994695867e-07        
3.95767946421e-05         3.86561109977e-07        
4.98242324923e-05         4.02102707056e-07        
6.27249924077e-05         4.40428295397e-07        
7.89660868966e-05         4.99174804764e-07        
9.94124134641e-05         5.91142339144e-07        
0.000125152813558         7.32998801633e-07        
0.000157558057345         9.54253795317e-07        
0.000198353842225         1.30292352789e-06        
0.000249712692504         1.8543907996e-06         
0.000314369654241         2.72723355576e-06        
0.000395767946421         4.11193154781e-06        
0.000498242324923         6.30219863538e-06        
0.000627249924077         9.80313883729e-06        
0.000789660868966         1.51687660497e-05        
0.000994124134641         9.92313423571e-06        
0.00125152813558          5.79076926925e-06        
0.00157558057345          3.37534015726e-06        
0.00198353842225          2.5722228801e-06         
0.00249712692504          2.5951379648e-06         
0.00314369654241          3.15726586589e-06        
0.00395767946421          -2.89595315395e-05       
0.00498242324923          1.41813127036e-05        
0.00627249924077          -2.33037420922e-06       
0.00789660868966          1.56460758038e-05        
0.00994124134641          2.70982941203e-05        
0.0125152812984           5.42477252835e-05        
0.015755755482            0.000101625289903        
0.0198275821792           0.000145803586683        
0.0246836188556           0.000132447119888        
0.0289071347468           7.18121151823e-06        
0.0319498299087           -0.0001056913979         
0.034438016678            -0.000178093617213       
0.0366497951862           -0.000186979483215       
0.0387073745933           -0.00018380693287        
0.0406747033848           -0.000127369745703       
0.0425898136323           -2.12563518758e-05       
0.0444775345489           0.00013372143294         
0.0463552802168           0.000331312167315        
0.048235990973            0.000622799512764        
0.0501297587852           0.000909162482994        
0.0520447861114           0.00119766484265         
0.0539879819242           0.00149024723152         
0.0559653483062           0.0016777479444          
0.0579822401469           0.00178494369198         
0.0600435447227           0.00171377546229         
0.0621538088727           0.00154919899158         
0.0643173308216           0.00119331324174         
0.0665382274919           0.000750387839298        
0.0688204844112           0.000293608303145        
0.0711679929998           -0.000180342136294       
0.07358457855             -0.000544053534657       
0.0760740212578           -0.000692593204167       
0.0786400720336           -0.000779923638055       
0.0812864644092           -0.000780508122104       
0.0840169235741           -0.00072452619832        
0.086835173396            -0.000600211450703       
0.0897449421531           -0.000419090662345       
0.0927499676321           -0.000206117422615       
0.0958540021896           2.5505986474e-05         
0.0990608183509           0.000233396736701        
0.102374215491            0.000360384254505        
0.105798028141            0.000314698340568        
0.10933613644             8.52742382117e-05        
0.112992479269            0.000326299853858        
0.116771070574            0.00055133452767         
0.120676019409            0.000136720756928        
0.124711554227            -0.000585537284181       
0.128882051963            -0.000680833754766       
0.133192072501            1.9773249176e-05         
0.137646399152            0.000342452965799        
0.142250085884            -4.48429842198e-05       
0.147008512152            -0.000261032145585       
0.151927446368            -0.000176639164835       
0.157013119297            -0.000111157457862       
0.162272309019            0.000119615150406        
0.167712439501            -3.98372143692e-05       
0.173341695489            -0.000401488534116       
0.179169157144            -4.57681130689e-05       
0.185204958944            0.000170513055747        
0.191460478735            0.000143059059233        
0.197948564684            7.49739151027e-05        
0.204683810409            -0.000357671266135       
0.211682892029            -0.000229234377637       
0.218964985665            -1.67602187071e-05       
0.226552290727            0.000506135882106        
0.234470693983            -3.55488245595e-05       
0.242750623548            -0.000315479168348       
0.251428162861            3.36933776931e-05        
0.26054652639             0.000401260500634        
0.270158047808            -0.000115032216658       
0.280326909015            1.16855587587e-05        
0.291132964785            0.000202235713626        
0.302677229773            5.09424166871e-05        
0.315089962376            0.000145253185363        
0.328542942467            9.34378935319e-06        
0.343268786053            9.13606910713e-05        
0.35959260071             8.45147229687e-05        
0.377986422347            0.000121559758734        
0.39916828911             0.000169822908439        
0.424294974917            0.000148324045002        
0.455366617858            0.000167135319252        
0.496145348189            0.000164378632902        
0.55432919406             0.000205912589578        
0.645771804884            0.000232040689339        
0.79223847768             0.000248123009871        
0.995231548695            0.000271418723311        
1.25287672635             0.000277056520444        
1.577278155               0.000280989005426        
1.98567555068             0.000319952880733        
2.49981741032             0.000301196694022        
3.1470836627              0.000309121138013        
3.96194359602             0.000322965138642        
4.98779147312             0.000307122584028        
6.27925743424             0.000294536856676        
7.90511675117             0.000279006329808        
9.95195236124             0.000279116945912        
