k                         CCL lin error            
1.489597628e-07           -9.24285810816e-06       
1.87529230724e-07         -9.24225010595e-06       
2.36085314012e-07         -9.24133717265e-06       
2.97213801162e-07         -9.23992594304e-06       
3.74170007018e-07         -9.23777274082e-06       
4.71052130167e-07         -9.23434257711e-06       
5.93019496947e-07         -9.22891403349e-06       
7.46567314396e-07         -9.22031268723e-06       
9.39872563707e-07         -9.20663042659e-06       
1.1832294543e-06          -9.18501349002e-06       
1.489597628e-06           -9.15077142056e-06       
1.87529230724e-06         -9.0965123386e-06        
2.36085314012e-06         -9.0105018361e-06        
2.97213801162e-06         -8.87420636012e-06       
3.74170007018e-06         -8.65819095714e-06       
4.71052130167e-06         -8.31585158957e-06       
5.93019496947e-06         -7.77326066154e-06       
7.46567314396e-06         -6.91338234245e-06       
9.39872563707e-06         -5.55056961032e-06       
1.1832294543e-05          -3.39075518649e-06       
1.489597628e-05           2.25144411615e-07        
1.87529230724e-05         1.60689241773e-07        
2.36085314012e-05         2.89525139757e-07        
2.97213801162e-05         2.70803009257e-07        
3.74170007018e-05         2.71046340123e-07        
4.71052130167e-05         2.8619809888e-07         
5.93019496947e-05         3.08630426497e-07        
7.46567314396e-05         3.63685946658e-07        
9.39872563707e-05         4.43625682885e-07        
0.00011832294543          5.685709001e-07          
0.0001489597628           7.64124178782e-07        
0.000187529230724         1.07107798506e-06        
0.000236085314012         1.55648057784e-06        
0.000297213801162         2.32461173737e-06        
0.000374170007018         3.54212302955e-06        
0.000471052130167         5.47471661768e-06        
0.000593019496947         8.53284317778e-06        
0.000746567314396         1.34022100609e-05        
0.000939872563707         2.09998434261e-05        
0.0011832294543           1.98234584443e-05        
0.001489597628            1.11611212509e-05        
0.00187529230724          5.80198394561e-06        
0.00236085314012          3.65290386499e-06        
0.00297213801162          2.79005817637e-06        
0.00374170007018          1.71869181666e-06        
0.00471052130167          -2.96516047819e-05       
0.00593019496947          -5.12261216743e-06       
0.00746567314396          -3.38035472365e-05       
0.00939872563707          -2.40717260717e-05       
0.0118322945429           4.4459697497e-06         
0.014895975912            1.89007476265e-05        
0.018752713662            2.6701611295e-05         
0.0235856595256           4.12887939354e-05        
0.0291092458409           2.58296587438e-05        
0.0335017680921           -3.03155542516e-05       
0.0367452696568           -4.68956110143e-05       
0.0394629242002           -7.69489043082e-05       
0.0419099877727           -8.84842937618e-05       
0.0442035969264           -9.03527116133e-05       
0.0464071369461           -5.80929741924e-05       
0.0485592216396           -1.92083083844e-05       
0.0506855206315           4.2366523948e-05         
0.0528042981388           0.000108793426801        
0.0549292884966           0.00020739737799         
0.0570713115687           0.000311937331476        
0.0592392382826           0.00041987169774         
0.0614405971954           0.000506121994677        
0.0636819713626           0.00057000555641         
0.0659692668575           0.000579897557587        
0.068307899558            0.000547521500398        
0.070702928069            0.000471616843564        
0.0731591500651           0.000358669313458        
0.0756811731261           0.000224430660392        
0.0782734673653           5.79630627356e-05        
0.0809404048012           -8.5678487242e-05        
0.0836862889177           -0.00017707473752        
0.086515376887            -0.00024312545727        
0.0894318962769           -0.000316003809287       
0.0924400576467           -0.000297358369423       
0.0955440641402           -0.000312658985629       
0.0987481190041           -0.000280774003725       
0.102056431829            -0.000225627350577       
0.105473224235            -0.00013542432668        
0.109002735667            -6.83982626062e-05       
0.112649229943            2.72444526174e-05        
0.11641700316             0.000102910864091        
0.120310393578            0.000165152225634        
0.124333794063            0.000120857100515        
0.128491667685            7.22878985617e-05        
0.132788567057            0.000218123902669        
0.13722915801             0.000145048322807        
0.1418182482              -0.000113130457931       
0.146560821269            -0.000307871509525       
0.151462077245            -0.000114031891455       
0.156527479906            0.000149197004439        
0.161762811971            6.22910950605e-05        
0.167174239112            -9.79747756415e-05       
0.172768384037            -8.93058912532e-05       
0.178552412153            -6.02665723977e-05       
0.184534130765            -2.23974627359e-05       
0.190722104284            3.81024490142e-05        
0.197125788642            -6.82881093887e-05       
0.203755689068            -9.15925619422e-05       
0.21062354661             8.81443305302e-05        
0.217742560507            4.20464260421e-05        
0.225127655714            -7.0652207845e-06        
0.232795808               -7.61421719184e-05       
0.240766443189            -6.44211775988e-05       
0.249061933036            4.6729516552e-05         
0.257708218474            9.48983917679e-05        
0.266735602907            2.81502025235e-05        
0.276179775653            -0.000111961530205       
0.286083151555            4.69401753553e-05        
0.296496652285            0.000150123206347        
0.307482116184            -4.02779743533e-05       
0.319115621303            5.57198445332e-05        
0.331492166601            0.000105041905549        
0.344732427072            1.34437543873e-05        
0.358992772327            8.44202953072e-05        
0.374480599799            6.68761428293e-05        
0.391478671717            9.73521798312e-05        
0.410385419418            6.72571587862e-05        
0.431785108921            5.71642344907e-05        
0.45657740164             8.46106249631e-05        
0.486233673401            7.50144080243e-05        
0.523345170345            8.42479014071e-05        
0.572887135005            0.000109350704164        
0.64518454642             0.000125322672602        
0.760776088948            0.000146690286653        
0.941778373905            0.000170664262414        
1.18449359496             0.000209501750615        
1.49117211683             0.000210005274113        
1.87727442351             0.00024748929445         
2.36334847666             0.000232511352393        
2.97527945419             0.000276999145835        
3.74565491206             0.000242930450878        
4.71550015261             0.000293966907827        
5.93646297144             0.000265201622641        
7.47356409092             0.000276832129471        
