k                         CCL lin error            
8.94777213835e-08         -2.14409012891e-05       
1.12645777239e-07         -2.14393833541e-05       
1.41812631498e-07         -2.14369522786e-05       
1.78531525506e-07         -2.14337648128e-05       
2.24757874266e-07         -2.14288572483e-05       
2.82953399414e-07         -2.14210611525e-05       
3.56217224876e-07         -2.14086838351e-05       
4.48450916515e-07         -2.13890708808e-05       
5.64566254743e-07         -2.13580534469e-05       
7.10746804737e-07         -2.13086543294e-05       
8.94777213835e-07         -2.12306278553e-05       
1.12645777239e-06         -2.11068230942e-05       
1.41812631498e-06         -2.09106979992e-05       
1.78531525506e-06         -2.06001335586e-05       
2.24757874266e-06         -2.01078438832e-05       
2.82953399414e-06         -1.9327530964e-05        
3.56217224876e-06         -1.80909178489e-05       
4.48450916515e-06         -1.61311693795e-05       
5.64566254743e-06         -1.30251038552e-05       
7.10746804737e-06         -8.10266792767e-06       
8.94777213835e-06         -3.01221772723e-07       
1.12645777239e-05         1.5780473641e-07         
1.41812631498e-05         1.49040294386e-07        
1.78531525506e-05         1.50651451561e-07        
2.24757874266e-05         1.52856058877e-07        
2.82953399414e-05         1.60186261806e-07        
3.56217224876e-05         1.5673786577e-07         
4.48450916515e-05         1.6297674644e-07         
5.64566254743e-05         1.64337942402e-07        
7.10746804737e-05         1.67757945945e-07        
8.94777213835e-05         1.73215025353e-07        
0.000112645777239         1.82689477785e-07        
0.000141812631498         1.98429052534e-07        
0.000178531525506         2.19940665598e-07        
0.000224757874266         2.48078403593e-07        
0.000282953399414         2.9225830281e-07         
0.000356217224876         3.65790012437e-07        
0.000448450916515         4.83375820254e-07        
0.000564566254743         6.92874844866e-07        
0.000710746804737         9.67923597869e-07        
0.000894777213835         1.31046876108e-06        
0.00112645777239          1.91814580964e-06        
0.00141812631498          1.38957322112e-06        
0.00178531525506          1.21206043287e-06        
0.00224757874266          2.02214446212e-06        
0.00282953399414          4.59033151756e-06        
0.00356217224876          4.32057078278e-05        
0.00448450916515          2.29326988959e-05        
0.00564566254743          3.06628578765e-05        
0.00710746804737          5.03606160008e-05        
0.0089477721383           8.8059908375e-05         
0.0112645774947           0.000160647669407        
0.014181126009            0.000263525554152        
0.0178375492291           0.000361575887459        
0.0220418904901           0.000237714196505        
0.0254178600579           -6.04402368773e-05       
0.0279019948499           -0.000270236192093       
0.0299777711899           -0.00038710641229        
0.0318441752494           -0.000410811349205       
0.0335920533026           -0.000361463484716       
0.0352703754197           -0.000236716162589       
0.0369088913021           -2.92620054923e-05       
0.0385273364512           0.000275653054594        
0.0401397294023           0.000691014177524        
0.0417565971923           0.00120292672596         
0.0433862231903           0.00178514839021         
0.0450353917951           0.00237928515091         
0.0467098556902           0.00291916520551         
0.0484146412529           0.00332691425537         
0.0501542550202           0.00352317102552         
0.0519328272098           0.00348117129115         
0.0537542137966           0.00312769068914         
0.0556220704649           0.00250762420957         
0.0575399069622           0.00168098097014         
0.0595111274737           0.000799042257381        
0.0615390608213           -2.69680155982e-05       
0.0636269831366           -0.000701631972719       
0.0657781349049           -0.0011970639651         
0.06799573378             -0.00145057941225        
0.0702829842426           -0.0015759998371         
0.0726430849541           -0.00161541743986        
0.0750792345128           -0.0016353797669         
0.0775946362221           -0.00159317960833        
0.080192502422            -0.00146116611066        
0.0828760588914           -0.00124025246047        
0.0856485498072           -0.000851948668749       
0.0885132437292           -0.00039162717159        
0.0914734410717           0.000117616560109        
0.0945324835136           0.000629761862921        
0.0976937657976           0.000987997577492        
0.100960750363            0.000284853152729        
0.104336985266            -0.000411907853135       
0.107826125835            -0.000893497193693       
0.111431960555            -0.000782471300569       
0.115158441665            0.000198547770372        
0.119009721052            0.000786972022131        
0.122990192077            -0.000108328939623       
0.127104538094            -0.000838297272164       
0.131357788602            -2.16844622787e-05       
0.135755384171            0.000494371051733        
0.140303251631            -6.41162783712e-05       
0.145007891378            -0.000226575367433       
0.149876479228            -0.000378795586291       
0.154916985939            -0.000217158251349       
0.160138318496            0.000506131995261        
0.165550488497            0.000212594319366        
0.171164814681            9.18294717359e-05        
0.176994168978            -0.000268465128762       
0.183053278571            -0.000519763662193       
0.189359100964            0.00049099273632         
0.195931295227            0.000426539617188        
0.202792821596            -6.15243779053e-05       
0.209970714741            -0.000390545050189       
0.217497095496            0.000501668470454        
0.225410515563            7.16685893942e-05        
0.233757775797            -0.000142574359358       
0.242596432136            0.000412921952029        
0.251998323548            -4.76229546609e-05       
0.262054659386            4.15757097958e-05        
0.272883558452            0.000183833050365        
0.284641576676            0.000237446814496        
0.297541984283            0.000211083039347        
0.311884996402            0.000256326334745        
0.328110323341            0.000185520516032        
0.346894035109            0.000120000854687        
0.369339806851            0.000201645949142        
0.397387010627            0.00018655672743         
0.434750182111            0.00027120103513         
0.489126809137            0.000277149104023        
0.575911180469            0.000245313739172        
0.71224814849             0.000285453720346        
0.89571837025             0.000274159828413        
1.12762781699             0.000284029859321        
1.41959927009             0.000319941790504        
1.78716959567             0.000312268257357        
2.24991321917             0.0003119979692          
2.83247292595             0.000323944320965        
3.5658721447              0.000314770222027        
4.48916705817             0.000313234923683        
5.65152648732             0.000310434709516        
