k                         CCL lin error            
1.54665798589e-07         -9.48062526535e-06       
1.94712704179e-07         -9.48003451588e-06       
2.4512877129e-07          -9.47912016902e-06       
3.08598839338e-07         -9.47772959069e-06       
3.88502920893e-07         -9.47553429046e-06       
4.89096199669e-07         -9.47206263741e-06       
6.15735634575e-07         -9.46656872975e-06       
7.75165237313e-07         -9.45783979755e-06       
9.75875215593e-07         -9.44402921763e-06       
1.22855410765e-06         -9.42216548023e-06       
1.54665798589e-06         -9.38752966274e-06       
1.94712704179e-06         -9.3326363062e-06        
2.4512877129e-06          -9.24562321241e-06       
3.08598839338e-06         -9.10773439462e-06       
3.88502920893e-06         -8.88920276257e-06       
4.89096199669e-06         -8.54286448181e-06       
6.15735634575e-06         -7.99395691119e-06       
7.75165237313e-06         -7.12403180506e-06       
9.75875215593e-06         -5.74531941759e-06       
1.22855410765e-05         -3.56031450323e-06       
1.54665798589e-05         -9.75811704491e-08       
1.94712704179e-05         -2.57995737054e-09       
2.4512877129e-05          9.69448935354e-08        
3.08598839338e-05         6.35204162372e-08        
3.88502920893e-05         2.36436916974e-08        
4.89096199669e-05         2.88216238845e-08        
6.15735634575e-05         4.08214482111e-08        
7.75165237313e-05         7.12384457209e-08        
9.75875215593e-05         1.22393007679e-07        
0.000122855410765         2.00941617636e-07        
0.000154665798589         3.1922495674e-07         
0.000194712704179         5.08014811475e-07        
0.00024512877129          8.05484855213e-07        
0.000308598839338         1.27540059151e-06        
0.000388502920893         2.02532949604e-06        
0.000489096199669         3.20985850511e-06        
0.000615735634575         5.09154214225e-06        
0.000775165237313         8.05113583349e-06        
0.000975875215593         1.27784704327e-05        
0.00122855410765          2.00583447117e-05        
0.00154665798589          1.18924739046e-05        
0.00194712704179          6.64711039111e-06        
0.0024512877129           3.47007239745e-06        
0.00308598839338          2.34592787878e-06        
0.00388502920893          -3.58743461677e-06       
0.00489096199669          -3.43988980385e-05       
0.00615735634575          -5.04206375144e-05       
0.00775165237313          -3.36095123216e-05       
0.00975875215593          -4.17028587258e-05       
0.0122855410761           2.05223624344e-06        
0.0154665787267           -5.72882190404e-06       
0.0194707848965           1.7106959856e-05         
0.0244707863486           3.58272121383e-05        
0.029958013377            4.5713272985e-06         
0.0341145267426           -2.97647636501e-05       
0.0372508887941           -5.41162567168e-05       
0.039917608257            -7.88986714361e-05       
0.0423377864285           -6.77309393137e-05       
0.0446168382483           -8.30923440742e-05       
0.0468130449427           -5.99151669623e-05       
0.0489624658599           -2.82538552685e-05       
0.0510893573787           2.49663169336e-05        
0.0532111423068           0.00010103459156         
0.0553410258246           0.000156539868544        
0.0574894810011           0.000256303337329        
0.0596651443533           0.000324039140822        
0.0618753823908           0.000381885673866        
0.0641266644325           0.000413477862564        
0.0664248160524           0.000436688314727        
0.0687751960716           0.000403345947446        
0.0711828229121           0.000340707497428        
0.073652466411            0.000261006211529        
0.076188715454            0.000157029492459        
0.078796028292            3.35935404338e-05        
0.0814787702114           -8.54674782734e-05       
0.0842412418281           -0.000172008542921       
0.0870877003566           -0.000219649012582       
0.090022375606            -0.000238873164529       
0.0930494820469           -0.000241659729896       
0.0961732280322           -0.000271893643423       
0.0993978230721           -0.000261931456596       
0.102727483949            -0.00022544249106        
0.106166440385            -0.000208622260841       
0.109718940922            -0.000161917556957       
0.113389259652            -9.4501613194e-05        
0.11718170441             -2.53663965906e-05       
0.121100627036            7.29601866107e-05        
0.125150436291            0.000124437617246        
0.129335614034            0.000138285627009        
0.133660735236            0.000132313532554        
0.138130492422            7.10225525406e-05        
0.142749725154            -8.34051627512e-05       
0.147523455186            -0.000221133431375       
0.152456927962            -0.000139380377967       
0.15755566123             0.000104778465733        
0.162825501623            0.000110418390973        
0.168272690277            -9.22358565501e-05       
0.173903938724            -0.000108301584857       
0.179726516677            1.73762896268e-05        
0.18574835372             -3.1514721471e-06        
0.191978157472            1.12102019229e-05        
0.198425551584            -2.91407948146e-05       
0.205101237876            -7.74692617979e-05       
0.212017188275            4.26354019002e-05        
0.219186873936            3.77701828522e-05        
0.226625541336            -3.92714822528e-05       
0.234350548312            -1.65010176503e-05       
0.242381777469            -6.42745812348e-05       
0.25074215059             4.64290607835e-05        
0.259458276433            4.14165020096e-05        
0.268561276997            2.46080757979e-05        
0.278087855848            -8.41676119372e-05       
0.288081699863            5.56896102075e-05        
0.298595348033            4.94402905096e-05        
0.309692726985            -1.19652154099e-05       
0.321452658612            3.88205904945e-05        
0.333973819178            3.05740740765e-05        
0.347381924836            1.63751083212e-05        
0.361840438539            7.16188950487e-05        
0.377567045462            4.6111819176e-05         
0.394859967696            6.31882099191e-05        
0.414141865976            6.54216114631e-05        
0.436036934318            6.83013672227e-05        
0.461514718252            5.510220605e-05          
0.492178025195            8.00455030428e-05        
0.530886496455            8.03220578269e-05        
0.583208222657            9.7641411407e-05         
0.66077770842             0.000102513716091        
0.785860712796            0.00012844111577         
0.977593833661            0.000147785108126        
1.23007059902             0.000170958216298        
1.54855957609             0.000192646042987        
1.94952098618             0.000223026627502        
2.45430151032             0.000245481436493        
3.08978253955             0.000211421647278        
3.88980575596             0.00022247299868         
4.89697531312             0.000269663097427        
6.16492666262             0.000266115019407        
7.76118283741             0.000293944816912        
