k                         CCL lin error            
1.24509575069e-07         -1.44607520488e-05       
1.56748268067e-07         -1.44598871285e-05       
1.97334377924e-07         -1.44585388384e-05       
2.48429262989e-07         -1.44564418447e-05       
3.1275391221e-07          -1.44531100853e-05       
3.93733847719e-07         -1.44478433739e-05       
4.95681546377e-07         -1.44394947229e-05       
6.24026094892e-07         -1.44262674017e-05       
7.85602308482e-07         -1.44052891516e-05       
9.89014709712e-07         -1.43720460073e-05       
1.24509575069e-06         -1.43193773787e-05       
1.56748268067e-06         -1.42359055928e-05       
1.97334377924e-06         -1.4103596177e-05        
2.48429262989e-06         -1.38939320897e-05       
3.1275391221e-06          -1.35616354117e-05       
3.93733847719e-06         -1.30349947617e-05       
4.95681546377e-06         -1.22003350829e-05       
6.24026094892e-06         -1.0877507803e-05        
7.85602308482e-06         -8.78104917148e-06       
9.89014709712e-06         -5.45853409606e-06       
1.24509575069e-05         -1.93101180276e-07       
1.56748268067e-05         4.62975749565e-08        
1.97334377924e-05         7.28505394874e-08        
2.48429262989e-05         3.01642655739e-08        
3.1275391221e-05          3.08414920907e-08        
3.93733847719e-05         3.1957431986e-08         
4.95681546377e-05         5.17296995597e-08        
6.24026094892e-05         8.85067521684e-08        
7.85602308482e-05         1.46282798217e-07        
9.89014709712e-05         2.35649965645e-07        
0.000124509575069         3.77664478819e-07        
0.000156748268067         5.98604409694e-07        
0.000197334377924         9.49472420755e-07        
0.000248429262989         1.5035915734e-06         
0.00031275391221          2.38186036123e-06        
0.000393733847719         3.77595677097e-06        
0.000495681546377         5.98527512106e-06        
0.000624026094892         9.49021186165e-06        
0.000785602308482         1.49352070702e-05        
0.000989014709712         1.26453679311e-05        
0.00124509575069          7.14665540199e-06        
0.00156748268067          3.74370252593e-06        
0.00197334377924          2.57742438137e-06        
0.00248429262989          2.25556448011e-06        
0.0031275391221           -8.08109541124e-06       
0.00393733847719          -4.91795501665e-05       
0.00495681546377          -3.61810699927e-05       
0.00624026094892          1.09585179469e-06        
0.00785602308482          -4.34532819339e-05       
0.00989014709712          -2.9894836565e-05        
0.012450957488            -5.14176344604e-06       
0.0156748048393           4.57749256634e-05        
0.0197291610523           0.000101721572582        
0.0246509119169           0.000104409532056        
0.0291969848638           -1.49992643194e-05       
0.0324502204158           -8.7883435209e-05        
0.0350662009263           -0.000142482908844       
0.0373710114956           -0.000185565939428       
0.0395042785087           -0.000164106278575       
0.0415374705863           -0.00013880160635        
0.0435124294854           -8.31134629784e-05       
0.0454561532616           8.56714622321e-05        
0.0473874032696           0.000239187283611        
0.0493200157794           0.000403732649709        
0.0512647125525           0.000636261793535        
0.0532301600082           0.000864924924893        
0.055223623145            0.00108882077976         
0.057251387338            0.00124148439405         
0.0593190403848           0.00133132468473         
0.0614316668018           0.00131339378662         
0.0635939849939           0.00115596495503         
0.0658104460473           0.000945690281702        
0.0680853060117           0.000620592758966        
0.070422679418            0.000273496301443        
0.0728265792288           -8.74587459941e-05       
0.0753009468027           -0.000392181278444       
0.0778496744148           -0.000523743937069       
0.0804766221874           -0.0006282214792         
0.0831856308337           -0.00064484524885        
0.0859805313116           -0.000578736563925       
0.0888651522895           -0.000541465721152       
0.0918433261866           -0.000402293825986       
0.0949188944677           -0.000224022151431       
0.0980957128178           -6.70698851438e-05       
0.101377656784            0.000128576199047        
0.104768628453            0.000265732851537        
0.108272564721            0.000256723272316        
0.111893447691            0.000126177778144        
0.115635317754            0.000140739797942        
0.119502289873            0.000445128085389        
0.12349857361             0.000241533573357        
0.12762849745             -0.000283892999408       
0.131896537965            -0.000623763492145       
0.136307354428            -0.000205648993559       
0.140865829504            0.000239791145057        
0.145577116781            7.46997656336e-05        
0.150446695965            -0.000213438219233       
0.155480436803            -0.000171173798117       
0.160684673009            -0.000127930564096       
0.166066287799            1.45601608504e-05        
0.171632813107            6.58493339168e-05        
0.177392545126            -0.00025204973415        
0.183354679597            -0.000130463936031       
0.189529471307            0.000130927943338        
0.19592842362             6.76494204908e-05        
0.202564515705            9.94824888051e-05        
0.2094524776              -0.000197276256162       
0.216609126672            -0.000210836706954       
0.224053783707            -6.3880114199e-06        
0.231808793545            0.000310818351464        
0.239900184566            0.000133179753797        
0.248358515159            -0.000285105368883       
0.257219975564            -8.72588353276e-05       
0.266527844186            0.00032536067571         
0.276334444734            -7.94103386312e-05       
0.286703825206            5.15969599456e-06        
0.29771550074             0.000207416691271        
0.309469804476            -4.92033209363e-05       
0.322095739343            7.22883314181e-05        
0.335762848609            3.57842443459e-05        
0.350699790647            8.52426780064e-05        
0.367224592518            8.12107595127e-05        
0.385796295734            5.59023254432e-05        
0.407108140603            0.000112787507507        
0.432267018241            0.000102592880498        
0.463165981392            0.000134195053925        
0.503321155109            0.000165998830797        
0.559852629982            0.0001490302245          
0.647593201555            0.000179718788759        
0.789300526128            0.00019351507934         
0.990314406202            0.000244755765459        
1.24664302035             0.00024321448357         
1.56943009439             0.000238533320262        
1.97579542746             0.000287160753449        
2.48737907214             0.000273331200097        
3.13142472268             0.00027046857404         
3.9422301585              0.000276839759884        
4.96297372568             0.000294716070563        
6.24801374132             0.000278844896866        
7.86578327219             0.000310601780388        
