k                         CCL lin error            
1.63708157745e-07         -8.42039856808e-06       
2.06096359904e-07         -8.41987886778e-06       
2.59459944761e-07         -8.41905049336e-06       
3.26640717803e-07         -8.41779547816e-06       
4.11216300168e-07         -8.41582193591e-06       
5.17690650026e-07         -8.41270317712e-06       
6.51733914766e-07         -8.40776129376e-06       
8.20484387027e-07         -8.39992591234e-06       
1.03292864481e-06         -8.3874817032e-06        
1.30038011952e-06         -8.36778570536e-06       
1.63708157745e-06         -8.33660071511e-06       
2.06096359904e-06         -8.28718709635e-06       
2.59459944761e-06         -8.20886156505e-06       
3.26640717803e-06         -8.08474494126e-06       
4.11216300168e-06         -7.88802928394e-06       
5.17690650026e-06         -7.57626912216e-06       
6.51733914766e-06         -7.08214808949e-06       
8.20484387027e-06         -6.29906737706e-06       
1.03292864481e-05         -5.05799071688e-06       
1.30038011952e-05         -3.09107292621e-06       
1.63708157745e-05         2.60781764871e-08        
2.06096359904e-05         2.57432458115e-07        
2.59459944761e-05         2.69317523865e-07        
3.26640717803e-05         3.04893264995e-07        
4.11216300168e-05         3.36660787572e-07        
5.17690650026e-05         3.99131454868e-07        
6.51733914766e-05         4.93757820354e-07        
8.20484387027e-05         6.59463447059e-07        
0.000103292864481         9.14059831052e-07        
0.000130038011952         1.31525349357e-06        
0.000163708157745         1.9485415822e-06         
0.000206096359904         2.94835573836e-06        
0.000259459944761         4.53298936555e-06        
0.000326640717803         7.04343362515e-06        
0.000411216300168         1.10274206495e-05        
0.000517690650026         1.73308836615e-05        
0.000651733914766         2.73882839791e-05        
0.000820484387027         4.31087666983e-05        
0.00103292864481          3.81570467478e-05        
0.00130038011952          2.07581165503e-05        
0.00163708157745          1.09777268165e-05        
0.00206096359904          6.70483032854e-06        
0.00259459944761          4.25939932086e-06        
0.00326640717803          3.17876935787e-06        
0.00411216300168          2.66632982036e-06        
0.00517690650026          -4.20519897661e-05       
0.00651733914766          -6.39013464834e-06       
0.00820484387027          1.54717756568e-06        
0.0103292864481           9.07276287845e-07        
0.0130038011949           6.42452128441e-06        
0.0163708148861           -7.19439582982e-06       
0.0206092239518           2.63607782021e-05        
0.0259079115438           4.29028603583e-05        
0.0317952690444           2.04005399032e-05        
0.0363100060192           -1.46249380085e-05       
0.039695517567            -5.44236460328e-05       
0.0425627054732           -7.01793153172e-05       
0.04515926885             -8.11362862645e-05       
0.0476013008168           -4.10431687352e-05       
0.0499526085364           -4.07334897661e-05       
0.0522525020284           -1.87304351232e-05       
0.0545273381332           4.20128999305e-05        
0.0567959987924           0.00014920431919         
0.0590727638597           0.00021087678328         
0.0613689376274           0.000308807008951        
0.0636938270656           0.000396332429993        
0.0660553594772           0.000470285527472        
0.0684604883009           0.000507090065907        
0.0709154686201           0.000501148015916        
0.0734260493528           0.000448271251691        
0.0759976103355           0.000379835846895        
0.0786352618636           0.00025844012647         
0.0813439179793           0.000112387265512        
0.0841283509736           -1.02546606003e-06       
0.0869932321831           -0.000115194304902       
0.0899431626282           -0.000211496413516       
0.0929826960459           -0.000236620691797       
0.0961163562088           -0.000270678357092       
0.0993486499901           -0.00025447917547        
0.102684077335            -0.00020381785398        
0.106127139112            -0.000144000788965       
0.109682343693            -6.95791675514e-05       
0.113354213016            -2.67765908102e-06       
0.117147288851            3.9154772782e-05         
0.12106613994             8.80738719056e-05        
0.125115370675            5.0851527581e-05         
0.129299631954            -2.40456963705e-05       
0.133623634866            -0.00014374153314        
0.138092167806            9.62654085615e-05        
0.142710117686            0.000215523449426        
0.147482495848            3.99090039167e-05        
0.152414469335            -0.000230902463124       
0.157511398194            -0.000226075480355       
0.162778879538            -3.82235295744e-05       
0.168222799161            6.32879424576e-05        
0.173849391652            -1.52840180005e-05       
0.179665310088            -2.94890826588e-05       
0.185677706672            -0.000116407003354       
0.191894325997            -9.6799233136e-05        
0.198323613052            3.51302170024e-05        
0.204974838738            -4.11568418731e-05       
0.211858246379            -9.83400010598e-05       
0.21898522384             -3.71706457661e-06       
0.226368507187            2.55961491166e-05        
0.23402242372             3.06978721286e-05        
0.2419631847              -6.16590813579e-05       
0.250209241458            -0.000121051043037       
0.258781723304            -5.34398198459e-05       
0.267704982118            4.40675516063e-05        
0.277007277796            0.000137635010968        
0.286721652015            -5.76103533064e-05       
0.296887057283            -0.000118010445367       
0.307549837345            3.87784686563e-05        
0.318765699405            9.47898516368e-05        
0.330602387789            -3.35458949017e-05       
0.34314337932             -1.29313100047e-06       
0.356493102532            4.87813452392e-05        
0.370784491345            1.45283730745e-05        
0.386190225679            6.58454470935e-05        
0.40294000173             3.66893039066e-05        
0.421348067282            6.6082392613e-05         
0.441859064234            6.24958144174e-05        
0.465128333983            5.93156222893e-05        
0.492171292714            6.40506422696e-05        
0.52466147015             6.67909248279e-05        
0.565573731408            8.1089806895e-05         
0.620677903489            9.37044466811e-05        
0.702010417595            0.000121738960733        
0.832890568795            0.000146544684212        
1.03479428948             0.000164339987004        
1.30191548398             0.000189007062627        
1.63900430122             0.000212750427858        
2.06338414164             0.000225491784007        
2.5976467302              0.000222173523232        
3.27024347951             0.000235777376787        
4.11699261911             0.000265084228292        
5.18298662837             0.000298647174433        
6.52499357544             0.000269188968777        
8.21448022391             0.000298504389973        
10.3414178986             0.000308636666307        
