k                         CCL lin error            
9.19988163364e-08         -2.18759966503e-05       
1.15819647741e-07         -2.18745362201e-05       
1.45808297726e-07         -2.18720116559e-05       
1.83561771258e-07         -2.18687663436e-05       
2.3109057847e-07          -2.18637322028e-05       
2.90925801662e-07         -2.18557630061e-05       
3.66253884659e-07         -2.18431184732e-05       
4.61086322566e-07         -2.18229790946e-05       
5.80473288509e-07         -2.17910535756e-05       
7.30772573772e-07         -2.17408029201e-05       
9.19988163364e-07         -2.16611247562e-05       
1.15819647741e-06         -2.1534749508e-05        
1.45808297726e-06         -2.13347103328e-05       
1.83561771258e-06         -2.10177360264e-05       
2.3109057847e-06          -2.05152559789e-05       
2.90925801662e-06         -1.97189176758e-05       
3.66253884659e-06         -1.84570493844e-05       
4.61086322566e-06         -1.64571080708e-05       
5.80473288509e-06         -1.32875194671e-05       
7.30772573772e-06         -8.26407533043e-06       
9.19988163364e-06         -3.02784664877e-07       
1.15819647741e-05         1.59062421999e-07        
1.45808297726e-05         1.67335334974e-07        
1.83561771258e-05         1.74511477635e-07        
2.3109057847e-05          1.75519601705e-07        
2.90925801662e-05         1.77587514355e-07        
3.66253884659e-05         1.82514931067e-07        
4.61086322566e-05         1.82447888567e-07        
5.80473288509e-05         1.82069600312e-07        
7.30772573772e-05         1.85009000557e-07        
9.19988163364e-05         1.89173997366e-07        
0.000115819647741         1.94124583909e-07        
0.000145808297726         2.04991341608e-07        
0.000183561771258         2.08308023282e-07        
0.00023109057847          2.2514619126e-07         
0.000290925801662         2.42316794163e-07        
0.000366253884659         2.44189914514e-07        
0.000461086322566         3.45294211135e-07        
0.000580473288509         4.42739912581e-07        
0.000730772573772         5.50819569639e-07        
0.000919988163364         6.75159189992e-07        
0.00115819647741          1.02645971779e-06        
0.00145808297726          1.17259862602e-06        
0.00183561771258          9.09014510902e-07        
0.0023109057847           1.60233682057e-06        
0.00290925801662          4.03600424502e-06        
0.00366253884659          4.06318085984e-05        
0.00461086322566          2.28137150243e-05        
0.00580473288509          3.00006048251e-05        
0.00730772573772          5.02421867553e-05        
0.00919988163346          8.94032184562e-05        
0.0115819641715           0.000158095930699        
0.0145805471997           0.000242404762621        
0.018329824273            0.000303964165555        
0.0225025823986           0.000151547796328        
0.0257082535905           -9.53099677442e-05       
0.0281100473292           -0.000265289583347       
0.0301429812898           -0.000354693399088       
0.0319834760557           -0.00037085087133        
0.0337141234558           -0.000320009566208       
0.0353802798942           -0.000206325541701       
0.0370098715291           -1.82981479711e-05       
0.0386216138791           0.000245043981372        
0.0402289097342           0.000589956673032        
0.041841892119            0.00100481724168         
0.043468580493            0.0014598907801          
0.0451155758887           0.00190946158763         
0.0467884996999           0.00230856666341         
0.0484922819032           0.00259308676971         
0.0502313567024           0.00269407465218         
0.0520097989855           0.00260510169971         
0.0538314216434           0.00229848226082         
0.0556998462297           0.00180449434391         
0.0576185549796           0.00118598699407         
0.0595909294944           0.000513424887249        
0.0616202796963           -0.000128725322718       
0.0637098655737           -0.000651318017543       
0.0658629135278           -0.00101393376474        
0.0680826286653           -0.00119989515276        
0.0703722040696           -0.0012731491473         
0.0727348278776           -0.00129742910106        
0.0751736888496           -0.00134087970527        
0.0776919810342           -0.00132586432445        
0.0802929080651           -0.0013168679972         
0.082979687597            -0.00123446253978        
0.0857555563597           -0.00105594635457        
0.0886237762983           -0.000791765645729       
0.0915876422547           -0.000321463318243       
0.094650491644            0.00011640567659         
0.0978157165713           0.000578892452411        
0.101086778835            -8.41159621916e-06       
0.104467228263            -0.000583485420343       
0.107960724848            -0.000673022379007       
0.111571065141            -0.000444918848595       
0.115302213442            0.000131849671725        
0.119158338333            0.000562057583016        
0.123143855224            -8.02240248521e-05       
0.127263475689            -0.000700298563473       
0.131522264543            -1.66207763588e-05       
0.135925705855            0.000514440647359        
0.140479779407            -0.000104596814912       
0.145191049525            -0.000295027871438       
0.150066768786            -0.000146730321157       
0.155114999832            -0.000177627261105       
0.160344759505            0.000345619977504        
0.165766190842            0.000201262742257        
0.171390770216            -4.00895651267e-05       
0.177231559324            -0.000122446804634       
0.183303515023            -0.000381228216274       
0.189623874633            0.000453181869382        
0.196212640848            0.000177437673796        
0.20309319983             -6.74577803145e-05       
0.210293119813            -0.000184687455926       
0.217845198134            0.000429571209542        
0.22578885596             -0.000102428990156       
0.234172028855            5.1286821709e-05         
0.243053779466            0.000273894815092        
0.252507987075            -8.59663023623e-05       
0.262628686549            0.000137276294839        
0.273538011773            0.000174320357338        
0.285398397481            0.000211926078374        
0.298432028747            0.000165521753015        
0.312953212346            0.000202939560789        
0.329425064436            0.000205495078378        
0.348564912328            8.32308448724e-05        
0.371554498011            0.000201591842461        
0.400493410461            0.000168934112233        
0.439451624858            0.000239353824095        
0.49691742108             0.000207263738209        
0.589362616732            0.000253542990942        
0.732098124039            0.00024954926424         
0.921067665684            0.000276103457975        
1.15954803898             0.000287134482124        
1.4597844753              0.000301189896887        
1.83775977169             0.000298207746681        
2.31360247736             0.00030064345017         
2.91265295154             0.000314510129686        
3.66681281643             0.00030218173571         
4.61624383489             0.000306352372401        
5.81150667079             0.000296353285053        
