k                         CCL lin error            
9.61560431139e-08         -1.96944427529e-05       
1.21053286174e-07         -1.96932489478e-05       
1.52397058145e-07         -1.96911717846e-05       
1.91856529182e-07         -1.96882146142e-05       
2.41533060005e-07         -1.96836533823e-05       
3.04072107029e-07         -1.96763417523e-05       
3.82804102557e-07         -1.96648035824e-05       
4.81921812448e-07         -1.96465321281e-05       
6.06703616189e-07         -1.96175052208e-05       
7.63794599847e-07         -1.95715892338e-05       
9.61560431139e-07         -1.94988800369e-05       
1.21053286174e-06         -1.93837060806e-05       
1.52397058145e-06         -1.92009837991e-05       
1.91856529182e-06         -1.89115782575e-05       
2.41533060005e-06         -1.84529819371e-05       
3.04072107029e-06         -1.77259543349e-05       
3.82804102557e-06         -1.65739795217e-05       
4.81921812448e-06         -1.474813021e-05         
6.06703616189e-06         -1.18544696599e-05       
7.63794599847e-06         -7.26833731695e-06       
9.61560431139e-06         3.95024502892e-07        
1.21053286174e-05         3.85575564621e-07        
1.52397058145e-05         3.64567184309e-07        
1.91856529182e-05         3.6945009214e-07         
2.41533060005e-05         3.83056296791e-07        
3.04072107029e-05         3.82439477512e-07        
3.82804102557e-05         3.81528175707e-07        
4.81921812448e-05         3.86153245538e-07        
6.06703616189e-05         3.940359465e-07          
7.63794599847e-05         4.04324748748e-07        
9.61560431139e-05         4.22031824673e-07        
0.000121053286174         4.47676282579e-07        
0.000152397058145         4.86289274002e-07        
0.000191856529182         5.46555775316e-07        
0.000241533060005         6.39551651171e-07        
0.000304072107029         7.85240937025e-07        
0.000382804102557         1.01664391596e-06        
0.000481921812448         1.39319757528e-06        
0.000606703616189         1.99114432415e-06        
0.000763794599847         2.84972479307e-06        
0.000961560431139         4.13594674227e-06        
0.00121053286174          2.68261622461e-06        
0.00152397058145          2.01505373068e-06        
0.00191856529182          1.80371363243e-06        
0.00241533060005          2.90611915815e-06        
0.00304072107029          5.08202759987e-06        
0.00382804102557          3.16190471981e-05        
0.00481921812448          1.76563003019e-05        
0.00606703616189          2.45772333249e-05        
0.00763794599847          4.2116180311e-05         
0.00961560431117          7.56328628321e-05        
0.0121053279153           0.000141402340813        
0.0152393858076           0.000232401042016        
0.0191564928488           0.000328367404384        
0.0234971982549           0.000188482842115        
0.0268165419464           -7.44912594215e-05       
0.0293090623855           -0.000254070846418       
0.0314218446163           -0.00033741638912        
0.0333361197829           -0.000353009575365       
0.0351369810854           -0.000300105790582       
0.036871258889            -0.000175156701341       
0.0385678316104           2.58301653329e-05        
0.0402460758711           0.000325115973028        
0.0419198810821           0.000730047514627        
0.0435997564814           0.0012275139377          
0.0452940248844           0.00178695679221         
0.0470095410185           0.00235395166488         
0.0487521452693           0.00286334686395         
0.0505269619005           0.00323107976118         
0.0523386015808           0.00338710480524         
0.0541913026969           0.00331651128862         
0.0560890321678           0.0029131720227          
0.0580355586608           0.00226891511824         
0.0600345065032           0.00143292257101         
0.0620893957788           0.000548720711149        
0.064203672342            -0.000217446296809       
0.0663807303602           -0.000809517228358       
0.0686239292588           -0.00119858238572        
0.0709366064641           -0.00142663677043        
0.0733220870158           -0.0015002678375         
0.0757836909055           -0.00148584503668        
0.0783247388577           -0.00140888106769        
0.0809485571769           -0.00127463373532        
0.0836584822206           -0.000972443550996       
0.0864578650252           -0.000615265908981       
0.0893500765834           -0.000125605893595       
0.0923385142601           0.000337533134059        
0.0954266098215           0.000664729499604        
0.0986178395487           0.000871802438616        
0.1019157369              0.000811667372664        
0.105323908187            0.000448329785627        
0.108846051729            -0.000307476172828       
0.112485980968            -0.00105660828857        
0.116247652036            -0.000754444031467       
0.120135196314            0.000473803265269        
0.124152958571            0.000677081495491        
0.128305541382            -0.000383327207821       
0.132597856619            -0.000615264683178       
0.137035185031            9.06409306558e-05        
0.141623245149            0.000198829952056        
0.14636827309             7.55149518242e-06        
0.151277115298            -0.000177369634624       
0.156357336808            -0.000563305250538       
0.161617348433            8.69933973768e-05        
0.16706655728             0.000475116690463        
0.172715546374            0.000154057171263        
0.178576291031            0.000173297688272        
0.184662422116            -0.000582135038508       
0.190989549794            -0.0002513774607         
0.197575666207            0.000394119646413        
0.204441652364            0.000634027245421        
0.211611924366            -0.000394137271949       
0.219115268565            -0.000218140571435       
0.226985936773            0.000368750340546        
0.235265105563            0.000206574874214        
0.244002854935            -0.000186582071392       
0.253260903665            0.000285711499818        
0.263116473468            0.000101709064698        
0.273667882967            0.000145438646358        
0.285042874496            5.57716607506e-05        
0.297411411845            7.12169790706e-05        
0.311006092669            5.98518556628e-05        
0.326156147949            0.000110466388196        
0.343347033322            0.000153881092606        
0.363331344999            0.000228352441056        
0.387350285918            0.000240998543458        
0.417612005109            0.000269072222605        
0.458402973791            0.000267599203333        
0.518668596452            0.000251464100542        
0.615694479762            0.000289293454386        
0.765165404563            0.000274461281473        
0.962707002179            0.000296449226114        
1.21196916655             0.00028936174725         
1.52577876611             0.000316819368092        
1.92084166142             0.000321714901177        
2.4181963796              0.000306935099064        
3.04432887299             0.00031891918391         
3.83258298006             0.000314768589323        
4.82493610641             0.000312077160526        
6.07423467465             0.000305062397596        
