k                         CCL lin error            
1.23072075093e-07         -1.07306466331e-05       
1.54938562817e-07         -1.07299868571e-05       
1.95056093998e-07         -1.07289127696e-05       
2.45561073459e-07         -1.07271328194e-05       
3.09143075525e-07         -1.07244544643e-05       
3.89188073659e-07         -1.07205128534e-05       
4.89958755896e-07         -1.07142906851e-05       
6.16821528528e-07         -1.07043676226e-05       
7.76532296806e-07         -1.06885305334e-05       
9.77596241529e-07         -1.06637030336e-05       
1.23072075093e-06         -1.06244185775e-05       
1.54938562817e-06         -1.05621531865e-05       
1.95056093998e-06         -1.04634202195e-05       
2.45561073459e-06         -1.03070404889e-05       
3.09143075525e-06         -1.00591933014e-05       
3.89188073659e-06         -9.66640058903e-06       
4.89958755896e-06         -9.04376775632e-06       
6.16821528528e-06         -8.05721879267e-06       
7.76532296806e-06         -6.49358112237e-06       
9.77596241529e-06         -4.01543933448e-06       
1.23072075093e-05         -8.80066231077e-08       
1.54938562817e-05         1.3998535794e-07         
1.95056093998e-05         1.86529856941e-07        
2.45561073459e-05         1.32267895845e-07        
3.09143075525e-05         1.28972748549e-07        
3.89188073659e-05         1.35303029473e-07        
4.89958755896e-05         1.37053319551e-07        
6.16821528528e-05         1.37540256327e-07        
7.76532296806e-05         1.39859008116e-07        
9.77596241529e-05         1.4143574035e-07         
0.000123072075093         1.48894986053e-07        
0.000154938562817         1.56759754304e-07        
0.000195056093998         1.68506497298e-07        
0.000245561073459         1.86649675744e-07        
0.000309143075525         2.14380822345e-07        
0.000389188073659         2.57082575564e-07        
0.000489958755896         3.25426735825e-07        
0.000616821528528         4.36190281717e-07        
0.000776532296806         6.19646251937e-07        
0.000977596241529         8.7057415605e-07         
0.00123072075093          1.28558784129e-06        
0.00154938562817          1.89456266947e-06        
0.00195056093998          2.77758347124e-06        
0.00245561073459          1.6521704307e-06         
0.00309143075525          1.28611659215e-06        
0.00389188073659          6.74651434547e-07        
0.00489958755896          1.64338745207e-05        
0.00616821528528          8.90934108767e-06        
0.00776532296806          7.65507276756e-06        
0.00977596241528          1.33211542818e-05        
0.0123072074796           1.99363352505e-05        
0.0154938256437           4.09321494852e-05        
0.0195001817105           5.8995366919e-05         
0.0243314797852           4.22483951512e-05        
0.0286841117113           -1.33084653727e-05       
0.0318042482404           -6.29737001527e-05       
0.0343311368081           -9.17151215767e-05       
0.0365658512743           -0.000115116922772       
0.0386386758398           -9.96531722315e-05       
0.0406169165281           -7.81212574819e-05       
0.0425402382754           -4.44821490352e-05       
0.0444343602061           3.90968668695e-06        
0.0463172237989           8.57960635395e-05        
0.0482021024751           0.000168584570258        
0.050099309297            0.000268224121694        
0.0520171994623           0.000361460102555        
0.0539627909909           0.000451195794444        
0.0559421660131           0.000506445056457        
0.0579607396149           0.000538847357983        
0.0600234453335           0.000519514752119        
0.0621348662844           0.00048648628662         
0.0642993296993           0.000391258966414        
0.0665209761518           0.000268763527357        
0.0688038108415           0.000119874060242        
0.071151741891            -2.96859611131e-05       
0.0735686090761           -0.000155797534822       
0.0760582054198           -0.000255767841392       
0.0786242934257           -0.000292843898332       
0.0812706172995           -0.000309816373765       
0.0840009122154           -0.000307171227787       
0.0868189114924           -0.000295364287469       
0.0897283524248           -0.000308623528869       
0.0927329814218           -0.000320700443811       
0.0958365590636           -0.00032958145623        
0.0990428656476           -0.00034504534571        
0.102355707776            -0.000339139841271       
0.105778926525            -0.000279654759716       
0.109316407727            -0.000181702081081       
0.112972094892            -6.77076835194e-05       
0.116750005282            6.56663654955e-05        
0.12065424968             -5.32547420071e-05       
0.124689056365            -0.000205830500077       
0.128858799843            -0.00016562385726        
0.133168034933            -7.7439942328e-05        
0.137621536814            3.64062342685e-05        
0.142224347787            0.000152259513901        
0.146981831565            3.24081673214e-06        
0.151899736141            -0.000185189516536       
0.156984266486            -1.38572087343e-05       
0.162242168682            0.00015088349646         
0.167680827523            -3.32106799476e-05       
0.173308380205            -8.29435532619e-05       
0.179133849507            2.03413174061e-05        
0.18516730086             -1.79541990492e-05       
0.191420029092            7.7669953965e-05         
0.197904782436            4.67564434879e-05        
0.20463603386             -4.6155080918e-05        
0.21163031316             2.16027659331e-05        
0.218906617943            -3.77232735927e-05       
0.226486928203            0.000125575687951        
0.234396858657            1.06357991747e-05        
0.242666496683            1.46609094456e-05        
0.251331494006            1.52726750983e-05        
0.260434510945            0.000111472586971        
0.270027159335            -1.5450882138e-05        
0.280172665088            7.7153857116e-05         
0.290949592856            7.60162388178e-05        
0.302457178584            1.79707319885e-05        
0.314823167303            6.8534133297e-05         
0.328215684924            8.72597980479e-05        
0.342861855687            9.5324217959e-05         
0.359078202961            9.86736042163e-05        
0.37732270281             0.000106583878652        
0.398289038316            8.77968502966e-05        
0.42308886783             0.000107083048699        
0.453631948454            9.73286150976e-05        
0.493483899132            0.00013493503808         
0.549897092244            0.000118706856985        
0.637920051079            0.00014467199015         
0.779672977094            0.000167652044272        
0.978791979148            0.000193018965327        
1.23215929266             0.000206352092753        
1.55119631667             0.000234604743996        
1.9528404615              0.000258850043785        
2.45848048216             0.000261234336074        
3.09504355339             0.000279899790831        
3.89642897997             0.000288877642797        
4.90531345814             0.000287759431465        
6.17542376527             0.000295385223335        
