k                         CCL lin error            
1.39141925001e-07         -9.07534007318e-06       
1.75169305229e-07         -9.07474869555e-06       
2.20525089719e-07         -9.07378866885e-06       
2.77624639386e-07         -9.07240768819e-06       
3.49508713463e-07         -9.07026440908e-06       
4.40005401022e-07         -9.06687090966e-06       
5.53933980674e-07         -9.06155827056e-06       
6.97361564727e-07         -9.05309963282e-06       
8.77926195042e-07         -9.0396318081e-06        
1.10524359662e-06         -9.01833540047e-06       
1.39141925001e-06         -8.98466270918e-06       
1.75169305229e-06         -8.93132843343e-06       
2.20525089719e-06         -8.84672934479e-06       
2.77624639386e-06         -8.71271604545e-06       
3.49508713463e-06         -8.50032763586e-06       
4.40005401022e-06         -8.16371329417e-06       
5.53933980674e-06         -7.63027285487e-06       
6.97361564727e-06         -6.78474538047e-06       
8.77926195042e-06         -5.44476321544e-06       
1.10524359662e-05         -3.3211018486e-06        
1.39141925001e-05         4.45142426602e-08        
1.75169305229e-05         2.7010203648e-07         
2.20525089719e-05         2.55693123735e-07        
2.77624639386e-05         2.20222608417e-07        
3.49508713463e-05         2.29451397087e-07        
4.40005401022e-05         2.41778389346e-07        
5.53933980674e-05         2.57688149065e-07        
6.97361564727e-05         2.82075825148e-07        
8.77926195042e-05         3.25128818165e-07        
0.000110524359662         3.91756140332e-07        
0.000139141925001         4.96657559509e-07        
0.000175169305229         6.62244971137e-07        
0.000220525089719         9.22557754773e-07        
0.000277624639386         1.33504111398e-06        
0.000349508713463         1.98858961846e-06        
0.000440005401022         3.02343681687e-06        
0.000553933980674         4.66659187598e-06        
0.000697361564727         7.26227159786e-06        
0.000877926195042         1.13937432115e-05        
0.00110524359662          1.77361195313e-05        
0.00139141925001          1.09884002557e-05        
0.00175169305229          6.23267039756e-06        
0.00220525089719          3.43644432857e-06        
0.00277624639386          2.4065440651e-06         
0.00349508713463          2.38642312581e-06        
0.00440005401022          2.38577146773e-05        
0.00553933980674          1.18302653853e-05        
0.00697361564727          -1.52123583208e-05       
0.00877926195042          1.30193720831e-06        
0.0110524359662           9.82960127974e-06        
0.0139141923768           1.00970942042e-05        
0.0175168391765           3.61645797635e-05        
0.0220401414391           5.08453221305e-05        
0.0273590028352           4.22017874207e-05        
0.0318207762191           -1.26576602796e-05       
0.0350606896374           -3.94137758019e-05       
0.0377360661813           -7.70753620207e-05       
0.0401264969965           -9.039762572e-05         
0.0423568981386           -7.70291871568e-05       
0.0444935006656           -6.41022279268e-05       
0.0465760663764           -1.33332538983e-05       
0.0486307376602           4.89497749157e-05        
0.050675952334            0.000121048218916        
0.052725474747            0.000215471069826        
0.0547900815333           0.000323544997993        
0.0568785611645           0.000432480015072        
0.0589983378312           0.000534899745401        
0.0611558774759           0.000591593378153        
0.0633569613075           0.000621556302242        
0.0656068753737           0.000602275217371        
0.0679105450662           0.00053925475132         
0.0702726323805           0.000427789793932        
0.0726976072987           0.000289786129801        
0.0751898007559           0.000116388410756        
0.0777534442345           -4.41141098109e-05       
0.0803926994827           -0.000164522213276       
0.0831116808526           -0.000260334757687       
0.0859144720953           -0.00031298357509        
0.0888051390125           -0.000337181125974       
0.0917877390709           -0.00033430922597        
0.0948663288951           -0.000342117326456       
0.0980449704231           -0.000290425676903       
0.10132773643             -0.000239145555787       
0.104718716068            -0.00016104228497        
0.108222021049            -7.8256258911e-05        
0.111841793049            2.99745174512e-05        
0.115582212947            0.000137135351417        
0.119447512441            0.000187036251079        
0.123441988638            0.000198617611443        
0.127570022176            0.000208390649894        
0.131836099438            0.000170561855273        
0.136244839449            -4.8628071137e-05        
0.140801026052            -0.000299209222658       
0.145509646               -0.000181623281522       
0.150375933665            0.000106916496491        
0.155405423182            0.000162208136106        
0.160604008953            -6.74380817422e-05       
0.165978015684            -0.000121099411061       
0.171534279374            -1.41753294945e-05       
0.177280241066            4.66665232382e-06        
0.183224055681            2.57452956077e-05        
0.189374718891            -1.52266530904e-05       
0.195742215909            -0.000102492755206       
0.202337697199            6.94874550838e-05        
0.209173687681            8.08773394467e-05        
0.216264338102            -1.24537364668e-05       
0.223625730025            -9.75055931167e-06       
0.231276249829            -8.61460137901e-05       
0.239237052441            6.05384037349e-05        
0.247532643188            9.34422764673e-05        
0.256191617041            8.6812980075e-05         
0.265247610418            -0.000105427139847       
0.274740544402            5.17996959367e-05        
0.284718273994            0.000112398750816        
0.29523881361             1.87094075553e-05        
0.306373397197            3.58473424644e-05        
0.318210775287            7.84497886471e-05        
0.330863393393            3.90371474954e-05        
0.34447651748             0.00010878869651         
0.359242133978            7.00789277039e-05        
0.375420890359            9.2226614242e-05         
0.393378196331            9.10774532069e-05        
0.413646594764            0.000104215142253        
0.437039898835            9.78816586868e-05        
0.464876650691            0.000125147468735        
0.499452578547            0.000119205834576        
0.545119909295            0.000106137654038        
0.610836618226            0.000142751733831        
0.714855558222            0.000164449392523        
0.880243915275            0.000178671203637        
1.10639975268             0.000198447603069        
1.3928419696              0.000224871976744        
1.7534840309              0.000239942197429        
2.20750560561             0.000263341451578        
2.77908490358             0.000258997797096        
3.49866060665             0.000271284176574        
4.40455274495             0.000302112389706        
5.54500337821             0.000286696623387        
6.98074566131             0.000305019028891        
