k                         CCL lin error            
1.31942951464e-07         -1.00769847314e-05       
1.66106334505e-07         -1.00762401883e-05       
2.09115485569e-07         -1.007519263e-05         
2.63260798782e-07         -1.00735888401e-05       
3.31425709516e-07         -1.00712478557e-05       
4.17240247832e-07         -1.00674977758e-05       
5.25274350819e-07         -1.00615290366e-05       
6.61281228409e-07         -1.0052081915e-05        
8.32503742787e-07         -1.00369463891e-05       
1.04806011721e-06         -1.00132248312e-05       
1.31942951464e-06         -9.97567282281e-06       
1.66106334505e-06         -9.91616901062e-06       
2.09115485569e-06         -9.82175249892e-06       
2.63260798782e-06         -9.67224842618e-06       
3.31425709516e-06         -9.43537586269e-06       
4.17240247832e-06         -9.05989088138e-06       
5.25274350819e-06         -8.4650051288e-06        
6.61281228409e-06         -7.52190913744e-06       
8.32503742787e-06         -6.02737206088e-06       
1.04806011721e-05         -3.65873991723e-06       
1.31942951464e-05         9.51087590057e-08        
1.66106334505e-05         3.0818135682e-07         
2.09115485569e-05         3.21373023243e-07        
2.63260798782e-05         3.2251482681e-07         
3.31425709516e-05         3.42602224359e-07        
4.17240247832e-05         3.57819181625e-07        
5.25274350819e-05         3.834232329e-07          
6.61281228409e-05         4.23333031392e-07        
8.32503742787e-05         4.86923314711e-07        
0.000104806011721         5.87112795576e-07        
0.000131942951464         7.4748308354e-07         
0.000166106334505         9.99386903953e-07        
0.000209115485569         1.39889633472e-06        
0.000263260798782         2.03158959557e-06        
0.000331425709516         3.03288318581e-06        
0.000417240247832         4.61867028104e-06        
0.000525274350819         7.12599268063e-06        
0.000661281228409         1.11244899226e-05        
0.000832503742787         1.73500963024e-05        
0.00104806011721          1.50961703938e-05        
0.00131942951464          8.60737089843e-06        
0.00166106334505          4.64734703502e-06        
0.00209115485569          3.10704378741e-06        
0.00263260798782          2.43944144645e-06        
0.00331425709516          2.50762540691e-06        
0.00417240247832          2.35585461999e-06        
0.00525274350819          2.78813338309e-05        
0.00661281228409          9.37371321141e-06        
0.00832503742787          9.34127256934e-06        
0.0104806011721           1.64122213403e-05        
0.0131942950976           3.00654053995e-05        
0.0166105882496           5.59586295751e-05        
0.0209042155195           8.80587832726e-05        
0.0260450447162           8.44518320958e-05        
0.0305690383731           9.2159607976e-06         
0.0338217811645           -4.78789540421e-05       
0.0364732484144           -8.44643123551e-05       
0.0388261977787           -9.97395207196e-05       
0.0410129842771           -9.33733274333e-05       
0.0431025714746           -6.45628406467e-05       
0.0451358498048           -6.77478108387e-06       
0.0471394540234           8.19561853221e-05        
0.0491320310996           0.000204369547319        
0.0511274171066           0.000362062939128        
0.0531363891142           0.00053465389024         
0.0551676969977           0.000707346124193        
0.0572287039617           0.000856323454842        
0.0593258015504           0.000965774537347        
0.0614646881831           0.00100990166836         
0.0636505616191           0.000980101892229        
0.0658882551759           0.000878394522684        
0.0681823360337           0.00069368828428         
0.070537177272            0.000453265570158        
0.0729570112653           0.000187777192475        
0.0754459695706           -6.63958691644e-05       
0.0780081128552           -0.000263524748779       
0.0806474533922           -0.000400657046924       
0.0833679719722           -0.00045938499472        
0.0861736306371           -0.00047159081049        
0.0890683823419           -0.000451114554488       
0.0920561784519           -0.000404158706024       
0.0951409748547           -0.000292704436118       
0.0983267373788           -0.000177164754138       
0.101617447158            -4.44581367918e-05       
0.105017106548            0.000105865150298        
0.108529746176            0.000205023736488        
0.112159433696            0.000257042746031        
0.115910284813            0.000150903676322        
0.119786477128            0.000133069139542        
0.123792267358            0.000363325813738        
0.127932012486            0.000241384847374        
0.1322101954              -0.000196837756491       
0.136631455608            -0.000468630052935       
0.141200625633            -0.000159187882827       
0.145922773786            0.000209478434848        
0.150803254063            8.49395342057e-05        
0.155847764087            -0.000133539512783       
0.161062412183            -9.86996242885e-05       
0.166453794946            -6.96466824084e-05       
0.172029087014            2.4286060579e-05         
0.177796145237            8.70409676603e-05        
0.183763630044            -0.000142864923307       
0.189941147673            -0.000108657392621       
0.196339417977            0.000137295210133        
0.202970474035            7.12483080293e-05        
0.209847901707            6.84343727553e-05        
0.216987129971            -0.000123395033578       
0.224405786484            -0.000107255559697       
0.232124137885            2.7548307558e-05         
0.240165641458            0.000224301181711        
0.248557644973            0.000104987592128        
0.257332286331            -0.000177339821518       
0.266527666604            -7.08376241404e-06       
0.276189403288            0.000270100648204        
0.286372721916            -3.43061328562e-05       
0.297145325495            3.19485882938e-05        
0.308591413452            0.000170982910028        
0.320817443392            -4.70654078505e-07       
0.333960613015            0.000100533525605        
0.348201730664            7.07572994722e-05        
0.363785441174            0.000128763630155        
0.381053333673            0.000107403252965        
0.400500793097            9.65506572957e-05        
0.422880291274            0.000134691093321        
0.449401921837            0.000122200061468        
0.482153469144            0.000136502942728        
0.525052168432            0.000170530219749        
0.586097696913            0.000160073452428        
0.681810787989            0.00018875789499         
0.835421469831            0.000214503125484        
1.04926190473             0.000239672329786        
1.3208874944              0.000266920725209        
1.66289858744             0.000271811773823        
2.0934652888              0.000287513116483        
2.63551665078             0.000306326013285        
3.31791888487             0.000317138349433        
4.17701239843             0.000310370474825        
5.25854705377             0.000283340686614        
6.62011851511             0.000314308170424        
