k                         CCL lin error            
1.51026679184e-07         -9.3974853005e-06        
1.90131324283e-07         -9.39687013157e-06       
2.39361155718e-07         -9.39589744777e-06       
3.0133784153e-07          -9.39447921274e-06       
3.79361866237e-07         -9.3922791548e-06        
4.77588293672e-07         -9.38882950199e-06       
6.01248039279e-07         -9.3833961042e-06        
7.5692643544e-07          -9.37477996791e-06       
9.52913924434e-07         -9.36113753994e-06       
1.19964755472e-06         -9.33945870633e-06       
1.51026679184e-06         -9.30519461096e-06       
1.90131324283e-06         -9.2508997283e-06        
2.39361155718e-06         -9.16487277647e-06       
3.0133784153e-06          -9.0285454088e-06        
3.79361866237e-06         -8.8124371642e-06        
4.77588293672e-06         -8.4699945696e-06        
6.01248039279e-06         -7.92731390344e-06       
7.5692643544e-06          -7.06714126169e-06       
9.52913924434e-06         -5.70399002486e-06       
1.19964755472e-05         -3.54358965287e-06       
1.51026679184e-05         6.59247272422e-08        
1.90131324283e-05         1.34038268797e-07        
2.39361155718e-05         1.88305887121e-07        
3.0133784153e-05          1.97791855005e-07        
3.79361866237e-05         2.57190495165e-07        
4.77588293672e-05         3.24708246089e-07        
6.01248039279e-05         4.21238145353e-07        
7.5692643544e-05          5.90137126011e-07        
9.52913924434e-05         8.49669837163e-07        
0.000119964755472         1.25778255045e-06        
0.000151026679184         1.90485305391e-06        
0.000190131324283         2.92933634074e-06        
0.000239361155718         4.55209069241e-06        
0.00030133784153          7.12196365537e-06        
0.000379361866237         1.12035030157e-05        
0.000477588293672         1.765110697e-05          
0.000601248039279         2.79638085147e-05        
0.00075692643544          4.39865590554e-05        
0.000952913924434         3.08919226784e-05        
0.00119964755472          1.65429177663e-05        
0.00151026679184          8.94412425858e-06        
0.00190131324283          5.50976776566e-06        
0.00239361155718          3.60616768887e-06        
0.0030133784153           2.96787458543e-06        
0.00379361866237          2.61880186598e-06        
0.00477588293672          5.37604403545e-06        
0.00601248039279          1.82298102332e-05        
0.0075692643544           4.98164642302e-06        
0.00952913924434          7.76960465041e-06        
0.0119964755472           1.11502977689e-05        
0.0151026676613           2.3043376533e-05         
0.0190129713494           4.34485176167e-05        
0.023917089016            7.59849188427e-05        
0.0295859405014           5.65104048869e-05        
0.0341795151702           5.45489560322e-07        
0.0375491404787           -4.09549782159e-05       
0.0403577913672           -5.77393854156e-05       
0.0428797825384           -7.46114237821e-05       
0.0452397644149           -5.94475984944e-05       
0.0475046913783           -3.18397427135e-05       
0.0497151354021           2.13288655444e-05        
0.0518979595475           9.91754029549e-05        
0.0540722159512           0.000183173282745        
0.0562521933872           0.000340774644009        
0.0584491230541           0.000484229545324        
0.0606721951575           0.000609874167731        
0.062929196037            0.000706529930265        
0.0652269242209           0.000765538518963        
0.0675714714758           0.00076037787014         
0.0699684180502           0.000708721538527        
0.0724229714643           0.000578754120028        
0.0749400670203           0.000402904596392        
0.0775244416525           0.000207321891466        
0.0801806887714           9.89951150381e-06        
0.0829132992803           -0.000155896540618       
0.085726692369            -0.000280372889877       
0.0886252386605           -0.000316064770796       
0.0916132776153           -0.000312793828493       
0.0946951306471           -0.000273767175819       
0.0978751111044           -0.000228034104082       
0.101157532075            -0.000127484312258       
0.104546712842            -6.43771242234e-08       
0.108046984727            8.22615931765e-05        
0.111662697022            9.61313266164e-05        
0.115398223642            8.35648038086e-05        
0.119257971161            -7.8723775669e-06        
0.123246388823            -0.000147790681045       
0.127367981164            -0.000192830056844       
0.13162732383             0.000190930619465        
0.136029083207            0.000326084521414        
0.140578040468            2.19744770151e-05        
0.145279120644            -0.000311458151405       
0.150137427368            -0.000253913383472       
0.155158283975            -3.99560661356e-05       
0.160347281712            3.71781201617e-05        
0.165710335922            7.6261456291e-06         
0.17125375124             -5.08815015165e-05       
0.176984297022            -0.000167335956627       
0.182909294592            -8.30967252635e-05       
0.189036718245            7.98164030597e-05        
0.195375312536            -7.68491035922e-05       
0.201934729081            -0.000126059318555       
0.208725687081            7.76055185133e-06        
0.215760163016            2.83008248686e-05        
0.223051616684            0.000101573511888        
0.230615263022            -7.47223794773e-05       
0.238468402224            -0.000131129838846       
0.246630824932            -0.000118710480554       
0.255125315187            7.71435256926e-05        
0.263978282164            0.000201211905006        
0.273220563729            -1.3210056445e-05        
0.28288846235             -0.000223490868745       
0.293025099976            8.29334093642e-05        
0.303682218084            0.000163201771193        
0.314922610553            -3.77377190985e-05       
0.326823474962            2.52449176827e-05        
0.339481127981            6.89864009948e-05        
0.353017800734            3.1272761498e-05         
0.367591701639            0.000107102012911        
0.383412390195            5.79658314995e-05        
0.400765128372            0.000115268540727        
0.42005111204             9.48615745806e-05        
0.441857311683            8.30620296326e-05        
0.467085003734            0.000107246409917        
0.497203070415            0.000101276941569        
0.534787423432            0.000123457784553        
0.584760788081            0.000132068306611        
0.657310238473            0.000152737350361        
0.77290231251             0.00019716925121         
0.955012573945            0.000216509929427        
1.20089700256             0.000247024557239        
1.51181717718             0.00027298109502         
1.90326499249             0.000288891217786        
2.39606866439             0.000294610309525        
3.01647173001             0.000306216071587        
3.79751291486             0.000309722116669        
4.78078551014             0.000314517210299        
6.01865236705             0.000314332046387        
7.57703440963             0.000301057167855        
9.53892116433             0.000300452580158        
