k                         CCL lin error            
1.10833446847e-07         -1.71925271559e-05       
1.39531042712e-07         -1.71910968704e-05       
1.75659175405e-07         -1.71892180346e-05       
2.21141799732e-07         -1.71865370237e-05       
2.78401031292e-07         -1.7182510954e-05        
3.50486132964e-07         -1.71761378324e-05       
4.41235899269e-07         -1.71660313809e-05       
5.55483086186e-07         -1.71500062123e-05       
6.99311773021e-07         -1.71245871284e-05       
8.80381361823e-07         -1.70843147096e-05       
1.10833446847e-06         -1.70205980275e-05       
1.39531042712e-06         -1.69194848303e-05       
1.75659175405e-06         -1.67594042333e-05       
2.21141799732e-06         -1.65057492351e-05       
2.78401031292e-06         -1.61036524483e-05       
3.50486132964e-06         -1.54665308956e-05       
4.41235899269e-06         -1.44566998337e-05       
5.55483086186e-06         -1.28562625584e-05       
6.99311773021e-06         -1.03197810235e-05       
8.80381361823e-06         -6.29992931904e-06       
1.10833446847e-05         7.08655030955e-08        
1.39531042712e-05         3.92949415649e-07        
1.75659175405e-05         3.61181877932e-07        
2.21141799732e-05         3.93838332053e-07        
2.78401031292e-05         4.30072117645e-07        
3.50486132964e-05         4.17522381933e-07        
4.41235899269e-05         4.21067069794e-07        
5.55483086186e-05         4.26135097462e-07        
6.99311773021e-05         4.34621732785e-07        
8.80381361823e-05         4.48885578947e-07        
0.000110833446847         4.7161543365e-07         
0.000139531042712         5.06232702235e-07        
0.000175659175405         5.60714871565e-07        
0.000221141799732         6.44610370329e-07        
0.000278401031292         7.76922023606e-07        
0.000350486132964         9.82668441085e-07        
0.000441235899269         1.31008871488e-06        
0.000555483086186         1.83375771879e-06        
0.000699311773021         2.66117293017e-06        
0.000880381361823         3.87811480419e-06        
0.00110833446847          4.70994594597e-06        
0.00139531042712          2.96523778691e-06        
0.00175659175405          2.13239763762e-06        
0.00221141799732          1.86432380153e-06        
0.00278401031292          2.68786395775e-06        
0.00350486132964          2.34230998919e-06        
0.00441235899269          2.66981890144e-05        
0.00555483086186          1.46692189146e-05        
0.00699311773021          2.04098237469e-05        
0.00880381361823          2.67785882299e-05        
0.0110833446737           6.12716520745e-05        
0.0139530901543           0.000110279768964        
0.0175629138868           0.000166802382848        
0.0219686930098           0.000172983978985        
0.0261328595574           2.75781589262e-05        
0.0291126169814           -0.000108256413427       
0.0314923524152           -0.00019070439473        
0.0335814240785           -0.000223357886651       
0.0355110445332           -0.000219770193996       
0.0373477896465           -0.000163945723426       
0.0391303943114           -6.84133459004e-05       
0.0408837365354           8.66800851237e-05        
0.0426250418932           0.000295574400387        
0.0443669764226           0.000575632804569        
0.0461193305385           0.000891765935725        
0.04789000085             0.00121893021522         
0.0496855947153           0.00154422866399         
0.0515118193475           0.0017766952016          
0.0533737415333           0.00193269570831         
0.0552759662816           0.00194393549301         
0.0572227627937           0.00181769501628         
0.0592181551002           0.00150887428417         
0.0612659883261           0.00110824682302         
0.0633699777258           0.000619404154805        
0.0655337452741           0.000118820968024        
0.0677608471067           -0.000315885597806       
0.0700547941422           -0.000623066471887       
0.0724190675852           -0.000810710041433       
0.0748571305933           -0.000905155203237       
0.0773724371121           -0.000943186319871       
0.079968438693            -0.000942440392277       
0.0826485899936           -0.000937033914991       
0.0854163535727           -0.000820377209869       
0.0882752045473           -0.000633333845657       
0.091228635642            -0.000389205553202       
0.0942801631459           -0.000136214288882       
0.0974333342737           0.000192414883949        
0.100691736426            0.000471745321229        
0.104059008834            0.000594721825872        
0.107538857068            0.000525878658652        
0.111135070898            0.000200354861273        
0.114851545996            -0.000303726514337       
0.118692309974            -0.000695538554449       
0.122661553306            -0.000366038092993       
0.126763665698            0.000392821412444        
0.131003278575            0.000387376330807        
0.135385314446            -0.000321339893413       
0.139915044069            -0.000339781109812       
0.14459815257             0.000141173368414        
0.149440815934            0.000115998473852        
0.154449789722            -1.88295207008e-05       
0.15963251235             -0.000142847401793       
0.164997225989            -0.000287750441405       
0.170553119032            0.000159428783146        
0.176310495319            0.000286662225655        
0.182280976907            2.73901408766e-05        
0.188477749405            4.04856725305e-06        
0.19491586188             -0.00034394246454        
0.201612597525            4.88718502419e-05        
0.208587937145            0.000295357603328        
0.215865145853            0.000281297437684        
0.223471525548            -0.000331797496657       
0.231439393627            9.85232372559e-05        
0.239807375436            0.000222657862524        
0.248622139537            1.84248605883e-05        
0.257940770484            3.36550705953e-05        
0.267834079948            0.000131841852913        
0.278391334069            6.09517956502e-05        
0.28972717979             0.000210085736563        
0.30199209804             6.63173026781e-05        
0.315388727629            9.06447488102e-05        
0.330198390069            7.95278010622e-05        
0.346826244488            0.000129338555398        
0.365882494238            0.000185177853764        
0.388338174089            0.000105261014769        
0.415847144051            0.000128546317757        
0.451466517466            0.000194378335973        
0.501360592611            0.000198555110782        
0.578407123087            0.000186386586568        
0.703094480664            0.000241989516534        
0.881614069564            0.000262371836387        
1.10978460758             0.000263743419507        
1.39713543749             0.00027963560369         
1.75888930542             0.000291540146204        
2.21431044312             0.000299678353342        
2.78765168645             0.000299789680542        
3.5094455473              0.00030213591014         
4.4181301808              0.000298435037251        
5.56209635722             0.000300786044453        
7.00226444696             0.00027022671948         
8.81532865237             0.000291212776726        
