k                         CCL lin error            
1.33724905009e-07         -1.0506984814e-05        
1.68349681106e-07         -1.05063561868e-05       
2.11939691611e-07         -1.0505294685e-05        
2.66816263538e-07         -1.05037564186e-05       
3.35901774447e-07         -1.05012637755e-05       
4.22875279719e-07         -1.04973505117e-05       
5.32368435657e-07         -1.04911545428e-05       
6.70212152086e-07         -1.0481322034e-05        
8.43747109554e-07         -1.04657351199e-05       
1.06221467735e-06         -1.04410713123e-05       
1.33724905009e-06         -1.04020209295e-05       
1.68349681106e-06         -1.03401119474e-05       
2.11939691611e-06         -1.02420207708e-05       
2.66816263538e-06         -1.00865536557e-05       
3.35901774447e-06         -9.84016287505e-06       
4.22875279719e-06         -9.44967820173e-06       
5.32368435657e-06         -8.83080855524e-06       
6.70212152086e-06         -7.84996501827e-06       
8.43747109554e-06         -6.29549762941e-06       
1.06221467735e-05         -3.83192177169e-06       
1.33724905009e-05         7.23580683445e-08        
1.68349681106e-05         2.77835760426e-07        
2.11939691611e-05         2.31523089157e-07        
2.66816263538e-05         2.47749409143e-07        
3.35901774447e-05         2.90352146498e-07        
4.22875279719e-05         2.52025825512e-07        
5.32368435657e-05         2.33643946085e-07        
6.70212152086e-05         2.45032312414e-07        
8.43747109554e-05         2.62961108241e-07        
0.000106221467735         2.87083422547e-07        
0.000133724905009         3.23504606187e-07        
0.000168349681106         3.8069788441e-07         
0.000211939691611         4.70580675293e-07        
0.000266816263538         6.12458663274e-07        
0.000335901774447         8.35892761016e-07        
0.000422875279719         1.19129386929e-06        
0.000532368435657         1.74821511727e-06        
0.000670212152086         2.6407787563e-06         
0.000843747109554         4.03293777595e-06        
0.00106221467735          6.26217039359e-06        
0.00133724905009          9.60314542939e-06        
0.00168349681106          5.75971035616e-06        
0.00211939691611          3.40255499052e-06        
0.00266816263538          2.19867835784e-06        
0.00335901774447          9.99538351557e-07        
0.00422875279719          -1.9267002194e-05        
0.00532368435657          -1.5534077107e-07        
0.00670212152086          -2.24650849073e-05       
0.00843747109554          -2.31620014576e-05       
0.0106221467734           1.02352292007e-05        
0.0133724903886           4.96822789669e-06        
0.0168348837743           3.08690970341e-05        
0.0211824218403           5.10385426608e-05        
0.0263010848004           2.95264865844e-05        
0.0306075012463           -1.89718221485e-05       
0.0337322811925           -6.86859799479e-05       
0.0363105602287           -0.000100121207531       
0.0386132786118           -0.000109204584658       
0.0407613208841           -0.000103002250355       
0.0428187117448           -7.53591935176e-05       
0.044823858871            -3.98264796178e-05       
0.0468019997503           1.47698213112e-05        
0.0487709258262           9.31396567627e-05        
0.0507439138826           0.000204455504365        
0.0527313554791           0.000300047001926        
0.0547417227069           0.000411661264678        
0.0567821707726           0.000498732624495        
0.0588589300607           0.000557500417096        
0.060977570178            0.000590168846972        
0.0631431829264           0.000584169954676        
0.0653605121056           0.000522036351246        
0.0676340473629           0.000406414654184        
0.0699680930634           0.000273896676409        
0.0723668193916           0.000121570859421        
0.0748343005488           -4.74457801502e-05       
0.0773745434225           -0.000179480603361       
0.0799915091362           -0.000264123933661       
0.0826891292518           -0.000305016108503       
0.085471317974            -0.000335533833307       
0.0883419814243           -0.00035103896698        
0.091305024866            -0.00035559413885        
0.0943643586373           -0.000340145524995       
0.0975239034708           -0.000317465969641       
0.100787595826            -0.000269680963089       
0.104159393831            -0.000232665596398       
0.107643284404            -0.000157446562939       
0.111243292129            -1.77139883906e-05       
0.114963490424            8.9317748458e-05         
0.11880801556             0.000189006050889        
0.12278108408             0.000220577829531        
0.126887014157            9.47033687873e-05        
0.13113025145             -8.74915703507e-05       
0.135515400038            -0.000247930081114       
0.14004725905             -0.000215309987696       
0.144730865659            8.46786374289e-05        
0.149571545219            0.000206072416792        
0.154574969452            -5.48829072505e-05       
0.159747223801            -0.000175967373755       
0.165094885314            1.88919054596e-06        
0.170625112801            5.2260992223e-05         
0.176345751488            -3.42813690562e-05       
0.182265455024            -1.2792848382e-05        
0.188393828542            -7.52628103771e-05       
0.194741597606            1.45111715416e-05        
0.201320809353            0.000113075307871        
0.208145074142            -3.13858504225e-05       
0.21522985875             4.34298286035e-06        
0.222592845854            -4.6304192057e-05        
0.230254379755            -3.66409901454e-06       
0.238238025561            0.000102496762876        
0.246571279568            2.85962136497e-05        
0.255286483826            -3.8536131374e-05        
0.264422020557            1.46518823999e-05        
0.274023896514            8.92381884701e-05        
0.284147880613            3.23910962139e-05        
0.294862442804            7.80660339789e-06        
0.30625288021             8.30135963956e-05        
0.318427248681            4.64444361726e-05        
0.331525121841            6.3205380203e-05         
0.345730929728            3.78464416683e-05        
0.361295007377            6.51598418751e-05        
0.378568216917            6.1119217659e-05         
0.398061739985            6.86427252617e-05        
0.420556446354            0.000106443692343        
0.447316902995            8.53031202444e-05        
0.480543587167            9.95241041188e-05        
0.524405430133            0.000129410417472        
0.587479136901            0.000111588958697        
0.687258112112            0.000132207045044        
0.84601178104             0.000160022700688        
1.06332935177             0.000177596713079        
1.33861965375             0.00021113065036         
1.6852221784              0.000221849324977        
2.12156902485             0.000233864869093        
2.67089715826             0.000238630937593        
3.36246030482             0.000231285855467        
4.23308672389             0.000259807841428        
5.32914044703             0.000271110038729        
6.70899033178             0.000295976141089        
