k                         CCL lin error            
1.61982348008e-07         -7.66619724057e-06       
2.03923694169e-07         -7.66565150821e-06       
2.56724720656e-07         -7.66473901002e-06       
3.2319727467e-07          -7.66351916682e-06       
4.06881262105e-07         -7.66174099116e-06       
5.12233160447e-07         -7.65893363598e-06       
6.4486334245e-07          -7.65449298177e-06       
8.11834848945e-07         -7.64746550905e-06       
1.02203952152e-06         -7.63620563374e-06       
1.2866715255e-06          -7.61848047194e-06       
1.61982348008e-06         -7.59049648427e-06       
2.03923694169e-06         -7.54611931756e-06       
2.56724720656e-06         -7.47580694026e-06       
3.2319727467e-06          -7.36441167665e-06       
4.06881262105e-06         -7.1878513192e-06        
5.12233160447e-06         -6.90805262025e-06       
6.4486334245e-06          -6.46460162488e-06       
8.11834848945e-06         -5.76184825308e-06       
1.02203952152e-05         -4.64806800181e-06       
1.2866715255e-05          -2.88292459749e-06       
1.61982348008e-05         6.65501085916e-08        
2.03923694169e-05         1.49283847056e-07        
2.56724720656e-05         1.64180552161e-07        
3.2319727467e-05          1.70113072128e-07        
4.06881262105e-05         2.03567840375e-07        
5.12233160447e-05         2.45301335438e-07        
6.4486334245e-05          3.01680482075e-07        
8.11834848945e-05         4.04043333492e-07        
0.000102203952152         5.57656830396e-07        
0.00012866715255          7.99804791792e-07        
0.000161982348008         1.18306659523e-06        
0.000203923694169         1.78986869233e-06        
0.000256724720656         2.74964903629e-06        
0.00032319727467          4.27133257108e-06        
0.000406881262105         6.68143185166e-06        
0.000512233160447         1.05078519471e-05        
0.00064486334245          1.65541588622e-05        
0.000811834848945         2.62114794613e-05        
0.00102203952152          3.89142312573e-05        
0.0012866715255           2.19564749892e-05        
0.00161982348008          1.15532322397e-05        
0.00203923694169          6.53986181024e-06        
0.00256724720656          4.13625223773e-06        
0.0032319727467           2.76454480255e-06        
0.00406881262105          2.33425714855e-06        
0.00512233160447          2.5550568294e-06         
0.0064486334245           1.7923275954e-05         
0.00811834848945          4.1437504213e-06         
0.0102203952152           3.34235796187e-06        
0.0128667152546           9.54022737247e-06        
0.0161982337588           1.86039826498e-05        
0.0203919071714           2.83482033595e-05        
0.0256312738965           4.1175064745e-05         
0.0314126292872           2.25143260172e-05        
0.0358147180576           -9.12521512586e-06       
0.0391273989439           -2.82195827657e-05       
0.041939247041            -4.56551541372e-05       
0.0444887934045           -4.93026090061e-05       
0.0468883496074           -3.74979279439e-05       
0.0491998519069           -1.99272571945e-05       
0.0514615504544           -9.90512996655e-07       
0.0536991390685           7.13352529862e-05        
0.0559310521297           0.000139215698564        
0.0581712483178           0.000217799848607        
0.0604307893776           0.00029452346456         
0.0627187909168           0.000381748926137        
0.065043023394            0.000447135822635        
0.0674103073279           0.000466311877901        
0.0698267818142           0.000478575418798        
0.0722980919537           0.000443020419722        
0.074829522606            0.000373355798615        
0.0774260955512           0.000275234471527        
0.0800926410468           0.000148613070246        
0.0828338510539           2.57379105094e-05        
0.0856543190837           -8.42754811221e-05       
0.0885585701231           -0.0001658259256         
0.0915510831328           -0.000211512077781       
0.0946363079638           -0.000234102484435       
0.0978186781204           -0.000231906923818       
0.101102620508            -0.000211390531934       
0.104492563114            -0.00017115871514        
0.107992941463            -0.000113309541957       
0.111608204572            -5.010362766e-05         
0.115342821132            1.57336392309e-05        
0.119201286564            7.34084054262e-05        
0.123188131598            0.000103089824854        
0.12730793302             0.000109348831528        
0.131565327207            1.82949807203e-05        
0.135965027061            7.18484411795e-05        
0.140511842987            0.000209447384308        
0.145210708505            0.000113283570005        
0.150066711157            -0.000147578939443       
0.155085129365            -0.000237258731722       
0.160271475953            -5.18157493233e-05       
0.165631549124            0.000111437501831        
0.171171491818            6.41181991041e-06        
0.176897860536            -4.47029127075e-05       
0.182817704953            -4.99421119782e-05       
0.188938660006            -5.82140193559e-05       
0.195269052553            2.7650130391e-05         
0.201818025316            3.56445044491e-05        
0.208595681599            -8.2523386529e-05        
0.215613255305            -1.86073117331e-05       
0.222883312173            4.78756046874e-05        
0.230419989955            2.8035655942e-05         
0.238239287783            7.44514417414e-06        
0.246359418282            -8.23341342106e-05       
0.254801240679            -1.58061105677e-05       
0.263588799586            3.8964713895e-05         
0.27275000335             0.000118489253028        
0.282317489052            -1.18576144576e-05       
0.292329740621            -6.75278646712e-05       
0.302832555478            4.17531204029e-05        
0.313880999221            0.0001331988815          
0.325542056753            -2.28254597225e-05       
0.33789829838             2.64022480239e-05        
0.351053060672            0.000100299439959        
0.365137949532            3.33943091169e-05        
0.380324013864            6.88553745661e-05        
0.396838927831            3.63169484807e-05        
0.414994413365            6.83618425613e-05        
0.43523194874             6.59979249469e-05        
0.458202950613            8.81905545968e-05        
0.484918164085            8.89629429422e-05        
0.517046294498            0.000103277823886        
0.557559807004            0.000110867842526        
0.61223668221             0.000122603372538        
0.693141839737            0.00012660490035         
0.823491215449            0.000146922477566        
1.02385732576             0.000178718363494        
1.28822962802             0.000202391053559        
1.62177622152             0.000221270039266        
2.04169527841             0.000240991286596        
2.57034206912             0.000263859524572        
3.23586894782             0.000278582654911        
4.07371764764             0.00028810214605         
5.12850666709             0.000297269377514        
6.45640736776             0.000291361928452        
8.12813530417             0.000284588228145        
