k                         CCL lin error            
1.30976941318e-07         -1.54234930294e-05       
1.64890199784e-07         -1.54225699502e-05       
2.07584462664e-07         -1.54211388631e-05       
2.61333355141e-07         -1.54189006688e-05       
3.28999201736e-07         -1.54153713363e-05       
4.14185455526e-07         -1.54097822856e-05       
5.21428595157e-07         -1.54009285666e-05       
6.56439708879e-07         -1.53868909273e-05       
8.26408630819e-07         -1.53646485852e-05       
1.04038682586e-06         -1.53294027037e-05       
1.30976941318e-06         -1.52735403355e-05       
1.64890199784e-06         -1.51850109672e-05       
2.07584462664e-06         -1.50447024834e-05       
2.61333355141e-06         -1.48223603033e-05       
3.28999201736e-06         -1.44699530716e-05       
4.14185455526e-06         -1.39114499565e-05       
5.21428595157e-06         -1.3026266573e-05        
6.56439708879e-06         -1.16234380358e-05       
8.26408630819e-06         -9.40014436849e-06       
1.04038682586e-05         -5.87662014729e-06       
1.30976941318e-05         9.9473174081e-09         
1.64890199784e-05         -1.31829778717e-08       
2.07584462664e-05         -1.13879137357e-08       
2.61333355141e-05         2.09105826762e-08        
3.28999201736e-05         5.41502841093e-08        
4.14185455526e-05         6.00021979881e-08        
5.21428595157e-05         6.94330343786e-08        
6.56439708879e-05         1.0677972644e-07         
8.26408630819e-05         1.66930607817e-07        
0.000104038682586         2.57487048908e-07        
0.000130976941318         4.09397806079e-07        
0.000164890199784         6.47666525286e-07        
0.000207584462664         1.02380295175e-06        
0.000261333355141         1.62063671248e-06        
0.000328999201736         2.56696823248e-06        
0.000414185455526         4.06953478795e-06        
0.000521428595157         6.4440635571e-06         
0.000656439708879         1.02260260722e-05        
0.000826408630819         1.60518652562e-05        
0.00104038682586          1.13744218774e-05        
0.00130976941318          6.39854775472e-06        
0.00164890199784          3.39438712321e-06        
0.00207584462664          2.49272927821e-06        
0.00261333355141          2.24853162043e-06        
0.00328999201736          -2.39457561057e-05       
0.00414185455526          -5.49039882788e-05       
0.00521428595157          4.13310403865e-06        
0.00656439708879          5.07526999918e-06        
0.00826408630819          1.00147474865e-05        
0.0104038682586           1.59409811972e-05        
0.0130976940297           3.64173103368e-05        
0.0164889418545           6.63296272853e-05        
0.0207475815949           0.000101724645848        
0.0257702302229           8.28692001529e-05        
0.0300131224445           -7.94499466515e-06       
0.0330887169854           -0.000101944180263       
0.0356236392797           -0.000169633377165       
0.0378863263354           -0.000166415444551       
0.0399963179193           -0.000125719412238       
0.0420168320635           -8.83754081735e-05       
0.0439857520758           -4.19993350554e-05       
0.0459279509091           5.95430939303e-05        
0.0478609518712           0.000271505719229        
0.0497978247841           0.000424429794183        
0.0517487946617           0.000676651754649        
0.053722194611            0.000873287485024        
0.0557250601168           0.00111598678641         
0.057763515555            0.00122193859284         
0.0598430344179           0.00131130473811         
0.0619686195925           0.00126520518565         
0.0641449312251           0.00111206041339         
0.0663763791531           0.000855853346405        
0.0686671907262           0.000526318475924        
0.0710214611249           0.00016623036309         
0.0734431909705           -0.000175092833054       
0.0759363145525           -0.000416886962074       
0.0785047210462           -0.000567724700999       
0.0811522704656           -0.000611543303837       
0.0838828056788           -0.000601246920053       
0.0867001615377           -0.000585516789191       
0.0896081719872           -0.000507467554253       
0.0926106758995           -0.00039668014837        
0.0957115222995           -0.00023831132363        
0.0989145755965           -1.12492678448e-05       
0.102223721409            0.000157821574661        
0.105642873542            0.000252706062349        
0.109175982679            0.000281124468027        
0.112827047322            8.69072213633e-05        
0.116600127524            0.000234218029084        
0.120499361953            0.000376456530043        
0.124528988815            0.000105973966554        
0.128693371195            -0.000375184185033       
0.132997027373            -0.000569899844841       
0.137444666722            -8.01647900304e-05       
0.142041231851            0.00025395984415         
0.14679194775             2.6914763991e-06         
0.151702378837            -0.000208387492308       
0.156778494974            -0.000130598788118       
0.162026747823            -8.96338175437e-05       
0.167454159222            6.88068598731e-05        
0.173068423772            1.76795683124e-05        
0.178878028427            -0.000303410840295       
0.184892392714            -0.000121558758079       
0.191122034308            0.000106901384016        
0.197578766144            5.22360870919e-05        
0.204275933204            4.59258816684e-06        
0.211228699779            -0.000277035498552       
0.218454401644            -0.000179556058667       
0.225972982666            1.2306556634e-05         
0.233807542481            0.000338339009674        
0.241985032178            -5.73290632608e-05       
0.250537149799            -0.000282923938973       
0.259501509705            -2.42987616257e-05       
0.268923193431            0.000279388784966        
0.278856841737            -0.000132623811185       
0.289369530249            -3.96236682496e-05       
0.300544805898            0.000138017470603        
0.312488488063            -1.93490124061e-05       
0.325337232542            9.67276344335e-05        
0.339271568772            -1.91348272417e-05       
0.354536464766            4.27577919071e-05        
0.371475138329            3.32817032516e-05        
0.390587417838            3.75163726714e-05        
0.412636424868            0.000111428482811        
0.438857174016            7.46577326673e-05        
0.471396998903            9.54067936414e-05        
0.514320475496            0.000104939843995        
0.575984166817            0.000195160633854        
0.67345541129             0.000163523486464        
0.828679031777            0.000191351340075        
1.0414841315              0.000206640825311        
1.31111716915             0.000221475275564        
1.65059859579             0.00024900686971         
2.07798051684             0.000258258027968        
2.61602247787             0.000263648528487        
3.29337717521             0.000274337457953        
4.1461162165              0.000284869170291        
5.2196510652              0.000267381759229        
6.57115136668             0.000301064797803        
8.27258944026             0.000296020814632        
