k                         CCL lin error            
1.05287127165e-07         -1.79715287108e-05       
1.32548639923e-07         -1.79704608362e-05       
1.66868851098e-07         -1.79687130472e-05       
2.10075437084e-07         -1.79660415943e-05       
2.64469306139e-07         -1.79618738119e-05       
3.32947130138e-07         -1.79552746784e-05       
4.19155602915e-07         -1.79448175302e-05       
5.27685640005e-07         -1.7928223596e-05        
6.64316861641e-07         -1.79019112598e-05       
8.36325378604e-07         -1.78602821047e-05       
1.05287127165e-06         -1.77943460261e-05       
1.32548639923e-06         -1.76898090358e-05       
1.66868851098e-06         -1.75241726388e-05       
2.10075437084e-06         -1.72616551206e-05       
2.64469306139e-06         -1.68456190844e-05       
3.32947130138e-06         -1.61862543332e-05       
4.19155602915e-06         -1.51412107567e-05       
5.27685640005e-06         -1.34849918457e-05       
6.64316861641e-06         -1.08601312493e-05       
8.36325378604e-06         -6.70019092569e-06       
1.05287127165e-05         2.52612334538e-07        
1.32548639923e-05         2.36999836673e-07        
1.66868851098e-05         3.03865210972e-07        
2.10075437084e-05         2.77256845439e-07        
2.64469306139e-05         2.64247389236e-07        
3.32947130138e-05         2.33558522164e-07        
4.19155602915e-05         2.26825447707e-07        
5.27685640005e-05         2.35199965428e-07        
6.64316861641e-05         2.38804948086e-07        
8.36325378604e-05         2.43393201984e-07        
0.000105287127165         2.4946839706e-07         
0.000132548639923         2.53815634014e-07        
0.000166868851098         2.59663197066e-07        
0.000210075437084         2.67544701874e-07        
0.000264469306139         2.79528341802e-07        
0.000332947130138         2.99455496194e-07        
0.000419155602915         3.36100197915e-07        
0.000527685640005         3.95305728948e-07        
0.000664316861641         4.59260431501e-07        
0.000836325378604         5.95274466395e-07        
0.00105287127165          7.66057055941e-07        
0.00132548639923          1.02477999311e-06        
0.00166868851098          1.33954347094e-06        
0.00210075437084          1.35474523576e-06        
0.00264469306139          1.49791467744e-06        
0.00332947130138          -4.08122455594e-05       
0.00419155602915          -3.35865776159e-06       
0.00527685640005          -1.89287812666e-05       
0.00664316861641          -1.84075573746e-05       
0.00836325378604          1.9811994255e-05         
0.010528712714            1.79863853469e-05        
0.0132548592932           6.15323844178e-05        
0.0166855583538           0.000100029779983        
0.0209260332338           0.00010944751708         
0.0252168277907           -2.55405531073e-06       
0.0283201238802           -0.000114087849562       
0.0307432234857           -0.000192449094656       
0.0328446575097           -0.000206740351623       
0.0347725558066           -0.000205857163964       
0.0365999767652           -0.000168454581035       
0.0383685771459           -0.000106168182073       
0.0401047162818           -2.94734827929e-05       
0.0418264351165           0.000123085005068        
0.043546874549            0.000276932824324        
0.0452761116415           0.000477763703242        
0.0470222189626           0.000673873935316        
0.0487919113537           0.000874564116001        
0.0505909593213           0.00100731075168         
0.0524244633901           0.00109585195859         
0.0542970419253           0.00114029227742         
0.0562129630575           0.00106114702838         
0.0581762393053           0.000886353906896        
0.0601906965862           0.000637437205735        
0.0622600251917           0.000345100309887        
0.0643878177814           7.72361574631e-05        
0.0665775978573           -0.000246321939935       
0.0688328411589           -0.00042634046651        
0.0711569917476           -0.000567180316594       
0.0735534741063           -0.000630070288597       
0.0760257022852           -0.000638516536625       
0.0785770869291           -0.000626921617241       
0.0812110408892           -0.000642697206185       
0.0839309840399           -0.000651484131254       
0.086740347866            -0.000669032920362       
0.08964258035             -0.00068157307704        
0.0926411516692           -0.000633538046601       
0.0957395611993           -0.000533876794934       
0.0989413463098           -0.000331857880392       
0.102250093434            -0.000148733319042       
0.105669451888            0.000114094115874        
0.109203150926            -0.00012437150235        
0.112855020492            -0.000421451242998       
0.116629016193            -0.000340089761805       
0.12052924898             -0.000196571547551       
0.124560020136            3.0134987519e-05         
0.128725862169            0.000224571625324        
0.133031586374            -2.12524019027e-05       
0.137482337935            -0.000389380428153       
0.142083659653            -6.34535207654e-05       
0.146841565669            0.000253363679732        
0.151762626915            -9.95177606336e-05       
0.156854070524            -0.000210898853588       
0.162123896073            -3.94627139137e-05       
0.167581012402            -6.9481373696e-05        
0.173235399887            0.000102423037017        
0.179098304595            6.90522640678e-05        
0.185182472778            -9.75047242723e-05       
0.191502437019            -1.3200744846e-05        
0.198074869215            -0.000136957156134       
0.204919021045            0.000210262553685        
0.212057280344            1.94185639516e-05        
0.219515883044            -2.84824723677e-05       
0.227325836877            -2.88697732405e-05       
0.235524137922            0.000186065914797        
0.244155399161            -7.49851036204e-05       
0.2532740701              9.35804581096e-05        
0.26294752294             9.79629970961e-05        
0.273260440712            -2.25436251983e-05       
0.284321216719            9.92342062128e-05        
0.296271560946            0.000108060785859        
0.309301409027            0.000118503475754        
0.323672973395            0.000107747053102        
0.3397613407              0.000123478600439        
0.35812675397             0.000121535741329        
0.379651658163            6.95389140769e-05        
0.405820204024            0.000100778434857        
0.439335404405            9.37587148772e-05        
0.485572064728            0.000117983210477        
0.555803990455            0.000148556756542        
0.669727252128            0.000164138631398        
0.837673493024            0.000191075928841        
1.05436334186             0.000211595336669        
1.32736318126             0.000210068169297        
1.67105123744             0.000213337985717        
2.10372886722             0.000232318380995        
2.64843773047             0.000244590347243        
3.33418556044             0.000245473340591        
4.19749092968             0.000265473829063        
5.28432799715             0.000290023983465        
6.65257479986             0.000276982194832        
