k                         CCL lin error            
1.51221634169e-07         -1.08340108093e-05       
1.90376758069e-07         -1.08332576144e-05       
2.39670138548e-07         -1.0832177185e-05        
3.01726827866e-07         -1.08305610191e-05       
3.79851571021e-07         -1.08279871066e-05       
4.78204795468e-07         -1.08240064905e-05       
6.02024169057e-07         -1.0817660436e-05        
7.5790352494e-07          -1.08076062872e-05       
9.54144007235e-07         -1.07916509124e-05       
1.20119613722e-06         -1.07664273582e-05       
1.51221634169e-06         -1.0726494585e-05        
1.90376758069e-06         -1.06631796978e-05       
2.39670138548e-06         -1.0562835005e-05        
3.01726827866e-06         -1.04038195781e-05       
3.79851571021e-06         -1.01518200245e-05       
4.78204795468e-06         -9.75245452698e-06       
6.02024169057e-06         -9.1194954598e-06        
7.5790352494e-06          -8.11629598966e-06       
9.54144007235e-06         -6.52643852594e-06       
1.20119613722e-05         -4.0067393451e-06        
1.51221634169e-05         2.05271036841e-07        
1.90376758069e-05         2.05835649248e-07        
2.39670138548e-05         2.71615176317e-07        
3.01726827866e-05         2.94193204767e-07        
3.79851571021e-05         2.39759222238e-07        
4.78204795468e-05         2.46033916384e-07        
6.02024169057e-05         2.32602855224e-07        
7.5790352494e-05          2.6659042388e-07         
9.54144007235e-05         3.11991803228e-07        
0.000120119613722         3.84278169683e-07        
0.000151221634169         4.96301394724e-07        
0.000190376758069         6.70323699878e-07        
0.000239670138548         9.43681812893e-07        
0.000301726827866         1.37825511975e-06        
0.000379851571021         2.06514312888e-06        
0.000478204795468         3.15379228911e-06        
0.000602024169057         4.88175209847e-06        
0.00075790352494          7.61169435584e-06        
0.000954144007235         1.19225178248e-05        
0.00120119613722          1.61613200192e-05        
0.00151221634169          9.33315832078e-06        
0.00190376758069          5.31650001699e-06        
0.00239670138548          2.9535501946e-06         
0.00301726827866          2.38659162271e-06        
0.00379851571021          2.23981860052e-06        
0.00478204795468          -6.6490602689e-05        
0.00602024169057          7.84673102805e-06        
0.0075790352494           1.52109623571e-06        
0.00954144007235          5.1696225032e-06         
0.0120119613716           1.17493109217e-05        
0.0151221617861           -1.00498857458e-05       
0.0190370441825           2.12671982753e-05        
0.023916640962            3.52086109932e-05        
0.029179248226            1.00543006191e-05        
0.0331085965029           -4.00066603376e-05       
0.0360981356116           -9.42726060571e-05       
0.0386528340995           -0.000111275977141       
0.0409776752934           -6.88413794422e-05       
0.0431705380004           -8.95820581826e-05       
0.0452859508337           -3.35244017229e-05       
0.0473578383892           -2.90296346584e-05       
0.0494091179422           4.55871924225e-05        
0.0514563066903           0.000142848461198        
0.0535119591171           0.000235741620338        
0.0555860564635           0.000307981179739        
0.0576868469789           0.000436599772347        
0.0598213788144           0.000513131759235        
0.061995851422            0.000554359638191        
0.0642158548489           0.000569255128772        
0.0664865370839           0.000536579674091        
0.0688127236609           0.000440730716248        
0.0711990046472           0.000324113442813        
0.0736497987661           0.000188755254259        
0.0761694011219           2.67073907723e-05        
0.0787620189417           -0.000121961261214       
0.0814317984218           -0.000227325478715       
0.0841828449102           -0.000298834458393       
0.0870192380853           -0.000293157803088       
0.0899450434117           -0.000339328021041       
0.0929643209045           -0.00035591186714        
0.0960811320619           -0.000304445032194       
0.0992995457231           -0.000309781413209       
0.102623643529            -0.000241699416688       
0.106057525627            -0.00017219894611        
0.109605317233            -7.67158159434e-05       
0.113271176631            1.62256700291e-05        
0.117059305211            0.000106567078353        
0.120973960096            0.000159220532721        
0.125019469952            0.00015467340953         
0.129200254524            0.000153763457039        
0.133520848491            5.04245324679e-05        
0.137985930208            -0.000179521687601       
0.142600355962            -0.000313519342127       
0.147369200388            -0.000143927743087       
0.152297803792            0.000129702512376        
0.157391827219            6.68179027387e-05        
0.1626573163              -0.000154352395892       
0.168100775095            -7.43862520005e-05       
0.173729251512            2.28332711888e-05        
0.179550436259            8.94497824496e-06        
0.185572777874            -8.64505845043e-06       
0.191805617084            -9.16949318703e-05       
0.198259344748            -0.000108771468092       
0.204945588904            7.16435966054e-05        
0.211877438183            1.02430210359e-06        
0.219069711157            -4.78280998276e-05       
0.226539284389            -6.6175483526e-05        
0.234305496255            -8.68602084462e-05       
0.242390649776            8.04651168835e-05        
0.250820646296            5.07068555984e-05        
0.259625794348            8.26765391669e-06        
0.268841856356            -0.000118290045877       
0.278511423226            7.13921123884e-05        
0.288685748731            6.00138776472e-05        
0.29942724103             -5.44586931555e-05       
0.310812913544            6.17023383273e-05        
0.322939270404            2.77615166058e-05        
0.33592939608             -6.14264897478e-06       
0.349943537916            6.29109924694e-05        
0.365195423086            4.54735973524e-05        
0.381978381582            6.76446081193e-05        
0.400709048518            6.67953853402e-05        
0.42200435871             5.14856234232e-05        
0.446825729372            6.15971769166e-05        
0.476768976173            6.05240020774e-05        
0.514695157759            7.24674542683e-05        
0.56620367105             8.02959047404e-05        
0.64301493013             0.000109940683106        
0.767159202304            0.000134791955038        
0.955786586777            0.000143468780652        
1.20276140917             0.000161977254608        
1.51418154721             0.000178252061238        
1.90624161781             0.000202485559241        
2.39981601367             0.000217834621345        
3.02118936324             0.000226445365074        
3.80345206323             0.000286483376929        
4.78826245494             0.000242011676495        
6.02806528287             0.000251695247769        
7.58888456855             0.000284623784999        
9.55383963052             0.000286406762895        
