k                         CCL lin error            
1.15699074284e-07         -1.54427855205e-05       
1.45656504737e-07         -1.54417050902e-05       
1.83370675206e-07         -1.54401428639e-05       
2.30850002795e-07         -1.54378987538e-05       
2.90622934832e-07         -1.54343047939e-05       
3.6587259791e-07          -1.54286250801e-05       
4.60606310988e-07         -1.54196185106e-05       
5.79868989735e-07         -1.54053435607e-05       
7.30011806689e-07         -1.53826722319e-05       
9.1903041435e-07          -1.53468289219e-05       
1.15699074284e-06         -1.52900239214e-05       
1.45656504737e-06         -1.51999626156e-05       
1.83370675206e-06         -1.50572935731e-05       
2.30850002795e-06         -1.4831270754e-05        
2.90622934832e-06         -1.44730160304e-05       
3.6587259791e-06          -1.39052386975e-05       
4.60606310988e-06         -1.30053109218e-05       
5.79868989735e-06         -1.15792813793e-05       
7.30011806689e-06         -9.31901912403e-06       
9.1903041435e-06          -5.73691480936e-06       
1.15699074284e-05         2.39252116106e-07        
1.45656504737e-05         2.46756776198e-07        
1.83370675206e-05         1.95273701205e-07        
2.30850002795e-05         1.67032208106e-07        
2.90622934832e-05         1.70182986203e-07        
3.6587259791e-05          1.73221320836e-07        
4.60606310988e-05         1.75662936197e-07        
5.79868989735e-05         1.85915745381e-07        
7.30011806689e-05         2.05668309327e-07        
9.1903041435e-05          2.330657586e-07          
0.000115699074284         2.76603969978e-07        
0.000145656504737         3.43606564886e-07        
0.000183370675206         4.48479357717e-07        
0.000230850002795         6.13223917166e-07        
0.000290622934832         8.71054647795e-07        
0.00036587259791          1.28197160621e-06        
0.000460606310988         1.93146539456e-06        
0.000579868989735         2.96515304307e-06        
0.000730011806689         4.59183545498e-06        
0.00091903041435          7.03703043295e-06        
0.00115699074284          5.53412375961e-06        
0.00145656504737          3.30315861568e-06        
0.00183370675206          2.18566353616e-06        
0.00230850002795          1.86288342281e-06        
0.00290622934832          2.56321517893e-06        
0.0036587259791           6.00219812265e-06        
0.00460606310988          2.0401058368e-05         
0.00579868989735          9.79038392098e-06        
0.00730011806689          1.48116637541e-05        
0.0091903041435           2.41338874244e-05        
0.0115699074148           4.71469100862e-05        
0.0145656336922           8.22128827127e-05        
0.0183336209976           0.000129486037397        
0.0229230168086           0.000150520250152        
0.0272214792881           2.75571817845e-05        
0.0302968360728           -8.50565349707e-05       
0.03275965845             -0.000162402819978       
0.0349248171248           -0.000185088612228       
0.036926360946            -0.000175181819265       
0.0388325431921           -0.000131151478607       
0.040683173664            -4.9166504794e-05        
0.0425038679472           8.63744198552e-05        
0.0443123879334           0.000279619005581        
0.0461218094425           0.000521327715478        
0.0479422497063           0.000793438614943        
0.0497818759185           0.00109501591            
0.051647526908            0.00135411215635         
0.0535451136109           0.00157152626733         
0.0554798865664           0.00168526936344         
0.0574566200248           0.00167477995433         
0.0594797418299           0.00153300444868         
0.0615534269071           0.00130017467764         
0.0636816656339           0.000924308216973        
0.0658683144446           0.000481125789533        
0.0681171335971           4.42503634324e-05        
0.070431815498            -0.000318096323254       
0.0728160059891           -0.000579496268374       
0.075273320351            -0.000724953329813       
0.077807355347            -0.000790713497523       
0.0804216983448           -0.00081439805617        
0.0831199343624           -0.000785218256297       
0.0859056517574           -0.000703990394544       
0.0887824471988           -0.000581719693372       
0.091753930507            -0.000380425922675       
0.0948237299134           -0.000146964071419       
0.0979954982737           0.000102546936112        
0.101272920751            0.00034665976783         
0.104659724483            0.000454498710605        
0.108159690736            0.000436993498671        
0.111776670043            0.000491145513145        
0.115514600842            0.000283689302856        
0.1193775321              -0.000261937166897       
0.123369650472            -0.000689525592813       
0.127495312527            -0.000322868899869       
0.13175908266             0.000363860053621        
0.136165777364            0.000257072144246        
0.140720516672            -0.000301337711343       
0.145428783721            -0.000237926570631       
0.15029649364             2.96618658139e-05        
0.155330073258            2.65071716049e-05        
0.160536553545            5.60480661256e-05        
0.165923677255            -0.000150305989239       
0.17150002493             -0.000277243529707       
0.177275163422            0.000198656413446        
0.183259822334            0.000186228635536        
0.189466105483            4.80378346769e-05        
0.195907746807            -6.24340782979e-05       
0.202600423263            -0.000296151477749       
0.209562141657            5.50276867911e-05        
0.216813722451            0.000264106043396        
0.224379412371            0.000247971195089        
0.232287670324            -0.000339307236114       
0.240572189949            5.31832145725e-05        
0.249273250414            0.000279598738587        
0.258439530709            -2.75428357602e-05       
0.268130591511            6.00561128817e-05        
0.27842034017             0.000137572987111        
0.28940198034             2.92503957701e-07        
0.301195268348            0.000198987831469        
0.313957472023            0.00011503616744         
0.327900497916            0.00014858676642         
0.343318747455            0.000130332806292        
0.360636590393            0.00016187024289         
0.380493851782            0.000132374653991        
0.403910059771            0.000154647279353        
0.432624507892            0.000149362408313        
0.469858365166            0.00018561640923         
0.522117807829            0.000157784998961        
0.602980990828            0.000228454008252        
0.733750095965            0.000226576381284        
0.920286138544            0.000257653182312        
1.15847539951             0.000278697714905        
1.45843356647             0.000288711217109        
1.83605907774             0.000306713699044        
2.31146143053             0.00030774476016         
2.90995753327             0.000306856565642        
3.66341948588             0.000309901768151        
4.61197188484             0.000307602728235        
5.8061286043              0.000303593494948        
7.3094828441              0.000288723993142        
