k                         CCL lin error            
1.34306034045e-07         -9.12118747272e-06       
1.69081279216e-07         -9.12037154074e-06       
2.12860719064e-07         -9.11917499018e-06       
2.67975768402e-07         -9.11772062406e-06       
3.37361504586e-07         -9.11560962574e-06       
4.24712971085e-07         -9.11229609253e-06       
5.34681952017e-07         -9.10702551572e-06       
6.73124696622e-07         -9.09865622043e-06       
8.47413785884e-07         -9.08503976875e-06       
1.06683074935e-06         -9.06393539205e-06       
1.34306034045e-06         -9.03069704014e-06       
1.69081279216e-06         -8.97798207498e-06       
2.12860719064e-06         -8.89430929654e-06       
2.67975768402e-06         -8.76184601748e-06       
3.37361504586e-06         -8.55201022843e-06       
4.24712971085e-06         -8.21935831425e-06       
5.34681952017e-06         -7.69234876924e-06       
6.73124696622e-06         -6.85688093584e-06       
8.47413785884e-06         -5.53305865552e-06       
1.06683074935e-05         -3.43472757569e-06       
1.34306034045e-05         7.28736063417e-08        
1.69081279216e-05         8.38809027561e-08        
2.12860719064e-05         8.41817800224e-08        
2.67975768402e-05         1.0285501712e-07         
3.37361504586e-05         1.08569997737e-07        
4.24712971085e-05         1.20173618426e-07        
5.34681952017e-05         1.32092022641e-07        
6.73124696622e-05         1.52614857336e-07        
8.47413785884e-05         1.84092339693e-07        
0.000106683074935         2.33669744864e-07        
0.000134306034045         3.13493804964e-07        
0.000169081279216         4.39429774313e-07        
0.000212860719064         6.37512533715e-07        
0.000267975768402         9.51744811273e-07        
0.000337361504586         1.44841027909e-06        
0.000424712971085         2.23290395799e-06        
0.000534681952017         3.47684160684e-06        
0.000673124696622         5.44218585058e-06        
0.000847413785884         8.57477009093e-06        
0.00106683074935          1.33916515885e-05        
0.00134306034045          9.36342688714e-06        
0.00169081279216          5.36422341172e-06        
0.00212860719064          2.9853365981e-06         
0.00267975768402          2.07961549772e-06        
0.00337361504586          1.78275888519e-06        
0.00424712971085          1.77478276055e-06        
0.00534681952017          3.12957873925e-05        
0.00673124696622          1.47509523783e-05        
0.00847413785884          9.70403699475e-06        
0.0106683074935           1.40213475757e-05        
0.0134306033058           2.59817440463e-05        
0.016908051228            4.5557002612e-05         
0.0212752756053           6.82400369861e-05        
0.0264327898502           5.46132091096e-05        
0.0308035434456           -2.81697182552e-06       
0.0339694051494           -4.79869286075e-05       
0.0365764910049           -7.43705789778e-05       
0.0389025379781           -8.32454158743e-05       
0.0410710439531           -7.70391909318e-05       
0.0431472440425           -5.33556035748e-05       
0.0451701976939           -8.72062586915e-06       
0.0471655340018           5.85997051615e-05        
0.049151300019            0.000151059771289        
0.0511409506875           0.000264403895268        
0.0531450086542           0.00039143578852         
0.0551720470189           0.000517358821978        
0.0572293020088           0.000627620336963        
0.0593230713331           0.00070460228496         
0.0614589823137           0.000738932638976        
0.0636421776024           0.000721928678206        
0.0658774468808           0.000647996563459        
0.0681693220518           0.000522262756191        
0.070522147079            0.000354139971574        
0.0729401297986           0.000161983662808        
0.0754273806434           -2.52477790201e-05       
0.0779879417064           -0.000179429006205       
0.0806258085863           -0.000285305879177       
0.083344946813            -0.000345159345763       
0.0861493042178           -0.000371894757002       
0.0890428203323           -0.000381494221175       
0.0920294337046           -0.000374167509976       
0.0951130879007           -0.000342145525051       
0.0982977368748           -0.000287776936794       
0.101587350341            -0.000210468805846       
0.10498591975             -0.00010000944913        
0.108497465447            1.85531266255e-05        
0.112126045581            0.000151562794443        
0.115875767327            0.000229424288506        
0.119750800964            0.000247869821008        
0.12375539738             0.000252968537593        
0.127893909531            0.000187964558679        
0.132170818433            -7.04740786248e-05       
0.136590764267            -0.000330771542745       
0.141158583202            -0.000201613739207       
0.145879350642            0.000147582645752        
0.150758431649            0.000191975891696        
0.155801539475            -7.97102324388e-05       
0.161014803306            -0.000128527993904       
0.166404846611            1.77438970768e-05        
0.171978877822            2.23332040046e-05        
0.177744795597            3.76674787636e-05        
0.18371131152             -1.85237911525e-05       
0.189888093964            -0.000115052941936       
0.196285937957            8.70410479306e-05        
0.202916967384            0.000117568523862        
0.209794877876            -5.74247780319e-06       
0.216935231452            1.23205580783e-06        
0.224355817702            -9.78721064228e-05       
0.232077101529            7.40920818556e-05        
0.240122784744            0.000120522534383        
0.248520519339            0.000110094151952        
0.257302825549            -0.000114084527507       
0.266508290527            6.88424021964e-05        
0.276183157861            0.000132198606789        
0.286383471495            3.44830972427e-05        
0.297178022191            4.69138494047e-05        
0.308652482661            9.28579282566e-05        
0.320915349369            5.31995781345e-05        
0.334106712171            0.00013397386729         
0.348411601154            7.92866781051e-05        
0.364081033613            0.000100067281399        
0.381466605568            9.85124810245e-05        
0.401080174537            0.000119683320603        
0.423702905221            0.000117477490779        
0.450598367951            0.000129243165114        
0.483962178907            0.000133272899766        
0.527947383303            0.000131518613996        
0.59108805125             0.000165720770767        
0.690831848714            0.000187218655515        
0.849785182307            0.000194638795543        
1.06796098072             0.000223312059971        
1.34444731418             0.000236052706637        
1.69255875207             0.000259868868402        
2.13080522387             0.000274457979194        
2.68252484391             0.000283784860773        
3.37709869377             0.000295274830502        
4.25151536372             0.00030117310074         
5.35234073002             0.000301575033168        
6.7381977576              0.000306485715163        
