k                         CCL lin error            
8.82384905828e-08         -2.63114900484e-05       
1.11085678093e-07         -2.63098267828e-05       
1.39848583038e-07         -2.6307364826e-05        
1.7605893499e-07          -2.63034941332e-05       
2.21645067232e-07         -2.62974690674e-05       
2.79034607537e-07         -2.62879152646e-05       
3.51283758198e-07         -2.62727704621e-05       
4.42240049946e-07         -2.62487587355e-05       
5.56747236991e-07         -2.62107170247e-05       
7.00903244594e-07         -2.61504704145e-05       
8.82384905828e-07         -2.60549798035e-05       
1.11085678093e-06         -2.59036211535e-05       
1.39848583038e-06         -2.56637904328e-05       
1.7605893499e-06          -2.528363852e-05         
2.21645067232e-06         -2.46811897759e-05       
2.79034607537e-06         -2.37263775701e-05       
3.51283758198e-06         -2.22132782412e-05       
4.42240049946e-06         -1.98151473018e-05       
5.56747236991e-06         -1.60143555095e-05       
7.00903244594e-06         -9.99079128142e-06       
8.82384905828e-06         9.39695126678e-08        
1.11085678093e-05         9.10351573123e-08        
1.39848583038e-05         1.70214035245e-07        
1.7605893499e-05          1.69470128174e-07        
2.21645067232e-05         1.73279283177e-07        
2.79034607537e-05         1.74834097389e-07        
3.51283758198e-05         1.70157380522e-07        
4.42240049946e-05         1.72913417987e-07        
5.56747236991e-05         1.77029105304e-07        
7.00903244594e-05         1.84939688161e-07        
8.82384905828e-05         1.94689687594e-07        
0.000111085678093         2.09406282135e-07        
0.000139848583038         2.26766786566e-07        
0.00017605893499          2.59253143519e-07        
0.000221645067232         3.0344966689e-07         
0.000279034607537         3.72868033884e-07        
0.000351283758198         4.88621603092e-07        
0.000442240049946         6.85918608103e-07        
0.000556747236991         9.83189870868e-07        
0.000700903244594         1.36401331578e-06        
0.000882384905828         2.02473723144e-06        
0.00111085678093          1.91999485347e-06        
0.00139848583038          1.51524411746e-06        
0.0017605893499           1.4930889167e-06         
0.00221645067232          3.53817650823e-06        
0.00279034607537          2.96657376567e-05        
0.00351283758198          2.68859966975e-05        
0.00442240049946          2.16261197804e-05        
0.00556747236991          3.08197435688e-05        
0.00700903244594          5.51774048862e-05        
0.00882384905824          9.7196775291e-05         
0.0111085676343           0.000188929858828        
0.0139847464474           0.000297624921114        
0.0175924645953           0.000455078918303        
0.0217719833908           0.000340419341637        
0.0251723366423           -6.41696833664e-05       
0.0276634162627           -0.000355560635238       
0.0297375065183           -0.000475584542672       
0.0315988243016           -0.000511943311524       
0.0333399787922           -0.000441891641415       
0.0350106372854           -0.00029360803428        
0.0366408631542           -3.69979004108e-05       
0.0382505449971           0.000352760626635        
0.0398537790589           0.000873000749548        
0.0414611314561           0.001553520711           
0.0430809034297           0.00234611695262         
0.0447198849307           0.00317203932888         
0.0463838266852           0.00391260945769         
0.0480777483379           0.0045363608756          
0.0498061465371           0.00488944190854         
0.0515731394495           0.00483159652151         
0.0533825694675           0.00432393006129         
0.0552380775745           0.00347553681128         
0.0571431579783           0.00231478023991         
0.0591011986795           0.0010939687138          
0.0611155118109           -4.04452715415e-05       
0.063189356413            -0.00091041086788        
0.0653259555554           -0.00152113416189        
0.0675285092093           -0.00184459289853        
0.0698002039478           -0.00203396576615        
0.072144220327            -0.00208065581157        
0.0745637386554           -0.00205081249909        
0.0770619437608           -0.00192733358879        
0.0796420293033           -0.00165621620497        
0.0823072021419           -0.0012135363865         
0.0850606872371           -0.000639884994593       
0.0879057335577           1.46142849346e-05        
0.0908456214485           0.00058599704744         
0.0938836719105           0.00109261689221         
0.0970232582398           0.00115470513854         
0.100267820469            0.000445241102633        
0.103620883058            -0.000443435260098       
0.107086076292            -0.00125113515252        
0.110667161849            -0.00103022598819        
0.114368063054            0.000486982394009        
0.118192900366            0.001016706846           
0.122146032743            -0.000415186930795       
0.126232105632            -0.000987191325015       
0.130456106508            0.000110265932636        
0.134823429102            0.000442647932127        
0.139339947758            -7.44013212445e-05       
0.144012103778            -0.000272106696989       
0.148847006125            -0.000685800087378       
0.153852549577            -0.000154972552894       
0.159037554344            0.000674790614582        
0.164411932421            0.000227945460979        
0.169986887606            0.000273132448828        
0.175775158397            -0.000643156154197       
0.181791316088            -0.000615010438104       
0.188052134737            0.000543738608509        
0.194577055817            0.000768899880384        
0.201388779142            -0.000292311908555       
0.208514024572            -0.000475131195154       
0.215984528076            0.000521528061048        
0.223838364838            0.000254967270975        
0.232121737179            -0.000340397904735       
0.240891436877            0.00049076045745         
0.250218308908            7.88819454754e-05        
0.260192241679            5.15064972451e-05        
0.270929554435            7.40493768346e-05        
0.282584279494            0.000175613439587        
0.2953660253              0.000186213749124        
0.309569473792            0.00021289468402         
0.325625557393            9.46253080102e-05        
0.344195578166            0.000250351272387        
0.366356543434            0.000135460226875        
0.39399551186             0.000161061107288        
0.430715293577            0.000243134400937        
0.483966954462            0.00028270901919         
0.568748428179            0.000228368643118        
0.702476955934            0.000267740690849        
0.883301307028            0.000309497742257        
1.11199290985             0.000323710659136        
1.39991607656             0.000339449589277        
1.76238992314             0.000337999369241        
2.21871745973             0.000332130872801        
2.79319979165             0.000309322748557        
3.51643019792             0.000311629896916        
4.42692333497             0.00026334677026         
5.57316628246             0.000285142773986        
7.01620065714             0.000314611310861        
