k                         CCL lin error            
1.62491813045e-07         -7.85216586399e-06       
2.04565072651e-07         -7.85169582038e-06       
2.57532168326e-07         -7.85092851266e-06       
3.2421379106e-07          -7.84973045783e-06       
4.08160980419e-07         -7.84782521303e-06       
5.13844230353e-07         -7.84491214144e-06       
6.46891559295e-07         -7.84030549724e-06       
8.14388222672e-07         -7.83304323553e-06       
1.02525402859e-06         -7.82150067931e-06       
1.29071835013e-06         -7.80323205806e-06       
1.62491813045e-06         -7.77433075822e-06       
2.04565072651e-06         -7.72852581593e-06       
2.57532168326e-06         -7.65590215877e-06       
3.2421379106e-06          -7.54084791697e-06       
4.08160980419e-06         -7.35850818867e-06       
5.13844230353e-06         -7.06947310195e-06       
6.46891559295e-06         -6.611478675e-06         
8.14388222672e-06         -5.88553554446e-06       
1.02525402859e-05         -4.73502997154e-06       
1.29071835013e-05         -2.9117095216e-06        
1.62491813045e-05         -2.20970037199e-08       
2.04565072651e-05         3.12155739522e-07        
2.57532168326e-05         2.63824158339e-07        
3.2421379106e-05          2.54780785771e-07        
4.08160980419e-05         2.53179155009e-07        
5.13844230353e-05         2.47539571755e-07        
6.46891559295e-05         2.51908223885e-07        
8.14388222672e-05         2.81816681915e-07        
0.000102525402859         3.07514441006e-07        
0.000129071835013         3.51450669109e-07        
0.000162491813045         4.1963294615e-07         
0.000204565072651         5.28344701311e-07        
0.000257532168326         6.98622899849e-07        
0.00032421379106          9.67246734187e-07        
0.000408160980419         1.39649571729e-06        
0.000513844230353         2.07283597387e-06        
0.000646891559295         3.14942305246e-06        
0.000814388222672         4.84795003866e-06        
0.00102525402859          7.53160761458e-06        
0.00129071835013          1.17707217792e-05        
0.00162491813045          1.46341270649e-05        
0.00204565072651          8.43949549703e-06        
0.00257532168326          4.66025568074e-06        
0.0032421379106           2.57737342396e-06        
0.00408160980419          1.13896687089e-06        
0.00513844230353          -2.38611105623e-05       
0.00646891559295          -3.77846516493e-05       
0.00814388222672          4.86454140621e-06        
0.0102525402859           -2.57217871503e-05       
0.0129071835004           -1.47589540067e-05       
0.016249179007            5.51785168801e-06        
0.0204556788202           9.99541892001e-06        
0.0256909161159           1.99539673649e-05        
0.0312633159346           -2.90761111414e-06       
0.0353868174135           -2.91345806103e-05       
0.0385425179044           -3.67291771274e-05       
0.0412485315854           -6.19988419204e-05       
0.0437157053492           -7.5784127077e-05        
0.0460454625878           -6.33822619887e-05       
0.0482946074645           -3.80040169689e-05       
0.0504986170605           -2.93855913857e-05       
0.0526815286547           1.86806017497e-05        
0.0548607081967           5.69624544865e-05        
0.0570493817371           0.000107730886827        
0.0592580824429           0.000166002829716        
0.0614955275437           0.000210826917118        
0.0637691754823           0.000260453891823        
0.0660855938409           0.000263489968225        
0.0684507101938           0.000292860366445        
0.0708699877084           0.000268344275953        
0.0733485507508           0.000224111053821        
0.0758912762967           0.000168745055047        
0.0785028613452           9.10063893472e-05        
0.0811878731111           1.1091447428e-05         
0.0839507866197           -7.13978350672e-05       
0.0867960129478           -0.00010815897624        
0.0897279204551           -0.000160032297477       
0.0927508507512           -0.000183184264412       
0.0958691307522           -0.000188181311886       
0.0990870819102           -0.000188930026409       
0.102409027532            -0.000173965659632       
0.10583929898             -0.000177187449805       
0.109382241485            -0.000175986472408       
0.113042220243            -0.000154707045237       
0.116823627449            -0.000122030743934       
0.12073089089             -8.12467099118e-05       
0.124768484731            -2.33667154836e-05       
0.128940943086            4.1230580184e-05         
0.133252876992            0.000100896357708        
0.137708995388            0.000107226794153        
0.142314130704            2.09866690616e-05        
0.147073269685            -5.29806999554e-05       
0.15199159011             -0.000152117228564       
0.157074504098            -0.000114023015181       
0.1623277088              4.58395123815e-05        
0.167757245382            9.07187364824e-05        
0.173369567384            -5.6915283494e-05        
0.179171619807            -0.000108388924439       
0.18517093057             5.0116646377e-06         
0.191375716497            2.77375602766e-05        
0.197795006517            -1.34559095059e-05       
0.204438785628            -1.96680341293e-05       
0.211318164158            -4.48395847747e-05       
0.218445578292            1.8010035741e-05         
0.225835029672            5.42443579339e-05        
0.233502374382            -3.57375007011e-05       
0.241465675055            -6.24252545609e-07       
0.249745634517            -1.37854526346e-05       
0.258366136011            2.40499034787e-05        
0.267354924345            4.69971588777e-05        
0.276744475822            7.63524442903e-07        
0.286573124638            -1.89285091687e-05       
0.296886543051            3.53425053944e-05        
0.30773971805             2.9398182495e-05         
0.319199638173            7.7199156452e-06         
0.331349018075            2.14478429136e-05        
0.34429157651             2.43950029008e-05        
0.358159703953            3.54163989577e-05        
0.373125922204            4.18492433738e-05        
0.389420579191            2.28227267092e-05        
0.407360225483            3.02924490524e-05        
0.427395180356            3.73536871415e-05        
0.450193528642            5.15825250258e-05        
0.476798847097            5.16082493528e-05        
0.508948352479            8.34038758869e-05        
0.549767458473            7.91510613742e-05        
0.605394981667            8.622430751e-05          
0.688692640256            9.0965750942e-05         
0.823496845466            0.000111526618163        
1.0269972415              0.000141056262991        
1.29245557933             0.000160069779225        
1.62710060941             0.000186747035934        
2.04839829681             0.000205490433858        
2.57878066933             0.00020749206687         
3.24649251607             0.000218517096191        
4.08709192768             0.000229158776955        
5.14534388809             0.000235033024104        
6.47760417314             0.000253722480131        
8.15482050111             0.000286895054849        
