k                         CCL lin error            
7.77812048318e-08         -2.96450148565e-05       
9.79207353227e-08         -2.96428468514e-05       
1.23274902039e-07         -2.96397473748e-05       
1.55193906814e-07         -2.96352627937e-05       
1.95377553043e-07         -2.96284540716e-05       
2.4596576642e-07          -2.96174982094e-05       
3.09652553778e-07         -2.96004412172e-05       
3.89829468778e-07         -2.95734117148e-05       
4.90766224511e-07         -2.95302360358e-05       
6.17838071287e-07         -2.94621143883e-05       
7.77812048318e-07         -2.93542893222e-05       
9.79207353227e-07         -2.91833597262e-05       
1.23274902039e-06         -2.89122741596e-05       
1.55193906814e-06         -2.84830751913e-05       
1.95377553043e-06         -2.78028789068e-05       
2.4596576642e-06          -2.67245685745e-05       
3.09652553778e-06         -2.50157733089e-05       
3.89829468778e-06         -2.23075922045e-05       
4.90766224511e-06         -1.80153652262e-05       
6.17838071287e-06         -1.12128428515e-05       
7.77812048318e-06         1.59562667239e-07        
9.79207353227e-06         1.28868486534e-07        
1.23274902039e-05         1.99526751547e-07        
1.55193906814e-05         1.928190316e-07          
1.95377553043e-05         1.83832045764e-07        
2.4596576642e-05          2.01482844398e-07        
3.09652553778e-05         1.95156222591e-07        
3.89829468778e-05         2.03577646236e-07        
4.90766224511e-05         2.02120950128e-07        
6.17838071287e-05         2.04335022262e-07        
7.77812048318e-05         2.06854378906e-07        
9.79207353227e-05         2.09591891576e-07        
0.000123274902039         2.10504404885e-07        
0.000155193906814         2.13999533208e-07        
0.000195377553043         2.13847346711e-07        
0.00024596576642          2.09640712754e-07        
0.000309652553778         2.08219169563e-07        
0.000389829468778         2.20879495835e-07        
0.000490766224511         2.77781318511e-07        
0.000617838071287         2.84326896215e-07        
0.000777812048318         1.67620992407e-07        
0.000979207353227         3.68903318783e-07        
0.00123274902039          3.79863256583e-07        
0.00155193906814          3.86360179413e-07        
0.00195377553043          1.32550179947e-06        
0.0024596576642           5.27351275665e-06        
0.00309652553778          4.50975914405e-05        
0.00389829468778          3.42989199434e-05        
0.00490766224511          4.86946749732e-05        
0.00617838071287          7.80792494899e-05        
0.00777812048318          0.0001333094822          
0.00979207351718          0.000231481219174        
0.0123274727922           0.000376227166946        
0.015516008089            0.000503788442415        
0.0193861638673           0.000425747760477        
0.0229589114479           2.2339910543e-05         
0.02551567335             -0.000319203419472       
0.027571942659            -0.000524353337152       
0.0293837756263           -0.000599946174872       
0.0310608386126           -0.000563522960086       
0.0326592767988           -0.0004277512995         
0.0342119656478           -0.000194797775149       
0.0357401201406           0.00013896360367         
0.0372584841699           0.000583435896568        
0.0387779319514           0.0011339671664          
0.0403068904508           0.00175185603226         
0.0418521715523           0.00239298346113         
0.0434194858665           0.00298203236851         
0.0450137741682           0.00344097355169         
0.0466394290305           0.0036939513173          
0.0483004475097           0.003686319306           
0.0500005389415           0.00335274243531         
0.0517432025803           0.0027574343106          
0.0535317844049           0.00195683159063         
0.0553695191787           0.00105265658931         
0.0572595618465           0.000116151825146        
0.0592050110843           -0.000690057603788       
0.0612089269986           -0.00127084223996        
0.0632743444323           -0.00162607579464        
0.0654042829795           -0.00177461550204        
0.067601754574            -0.00179106576604        
0.0698697693564           -0.00176623654656        
0.0722113404216           -0.00174650545333        
0.0746294879819           -0.00179224848172        
0.0771272434352           -0.00184429058839        
0.0797076538014           -0.00186034619506        
0.0823737869742           -0.00172443817692        
0.085128738223            -0.00143566110146        
0.0879756383739           -0.00100654156918        
0.0909176640931           -0.000382309622405       
0.0939580506943           -0.000162896741602       
0.097100107891            -0.0013020199511         
0.100347238921            -0.000876859761642       
0.103702963485            -0.000194230307062       
0.10717094496             5.80878620969e-05        
0.110755022408            0.000333411605055        
0.114459247941            4.49586750446e-05        
0.118287930133            -0.000810121749007       
0.122245684284            -0.000391960371229       
0.126337490552            0.000761694044061        
0.130568761214            0.000154396927539        
0.134945418688            -0.000680536499451       
0.13947398639             -0.000139188302826       
0.144161695124            -0.000223426537611       
0.149016608505            -9.04582281716e-05       
0.154047772011            0.000527113193791        
0.159265391669            -4.42990254911e-05       
0.164681050375            -0.00010884710622        
0.170307972492            -0.000491375740777       
0.176161351084            0.000165291132351        
0.182258757358            0.000420883405775        
0.188620659337            -0.000282193322225       
0.195271087585            -5.76010736819e-05       
0.202238501794            0.000240449043352        
0.209556936194            -7.65283743089e-05       
0.217267538893            0.000117362528967        
0.225420679023            3.54675500431e-06        
0.234078890764            7.58027529994e-05        
0.243321082295            0.000204879681776        
0.253248712214            -3.03483182697e-05       
0.263995127586            -3.76662842263e-05       
0.27574017665             -2.03528378046e-05       
0.28873401056             1.70573836542e-05        
0.303337717979            7.74700077654e-06        
0.320096647826            0.000131121427437        
0.339881625466            0.000125585913042        
0.364182123343            0.000207868402313        
0.395764985472            7.54930198796e-05        
0.440233589617            0.000250016578957        
0.509260156185            0.00021590072514         
0.620736688401            0.000206549240662        
0.778832567022            0.00025535344171         
0.980422581023            0.000267364783855        
1.23427852457             0.000260107559351        
1.5538645995              0.000299624599629        
1.9561996308              0.000295725837636        
2.46270942576             0.000286095612592        
3.10036747795             0.000293654674003        
3.90313140389             0.000289440501819        
4.91375130993             0.000295537842818        
6.18604639131             0.000298397441508        
